time,CPU_Utilization,Frequency,IPC,Misses,LLC,MBL,Memory_Footprint,Virt_Memory,Res_Memory,Allocated_Cache
0.0,100.0,3300.0,1.54,5.0,0.0,0.0,0.1,181016.0,179892.0,22.5
1.0,100.0,3299.999,1.5,1458.0,19080.0,147.0,0.1,181064.0,179892.0,22.5
2.0,100.0,3299.999,1.5,1576.0,19800.0,159.8,0.1,181096.0,180036.0,22.5
3.0,100.0,3299.999,1.52,1520.0,19728.0,157.6,0.1,181148.0,180036.0,22.5
4.0,100.0,3299.999,1.51,1538.0,19224.0,163.1,0.1,181148.0,180068.0,22.5
5.0,100.0,3300.0,1.51,1505.0,19728.0,161.9,0.1,181212.0,180068.0,22.5
6.0,100.0,3300.0,1.5,1614.0,20736.0,179.1,0.1,181212.0,180068.0,22.5
7.0,100.0,3299.999,1.52,1511.0,20232.0,162.9,0.1,181212.0,180068.0,22.5
8.0,100.0,3299.999,1.53,1457.0,19296.0,159.9,0.1,181212.0,180128.0,22.5
9.0,100.0,3300.0,1.52,1537.0,19440.0,167.9,0.1,181212.0,180128.0,22.5
10.0,100.0,3299.999,1.5,1598.0,19728.0,166.6,0.1,181212.0,180128.0,22.5
11.0,100.0,3300.0,1.52,1549.0,18648.0,175.1,0.1,181244.0,180128.0,22.5
12.0,100.0,3299.999,1.52,1630.0,20304.0,179.4,0.1,181244.0,180128.0,22.5
13.0,100.0,3300.0,1.54,1641.0,21024.0,178.9,0.1,181244.0,180128.0,22.5
14.0,100.0,3299.999,1.59,1512.0,18936.0,169.6,0.1,181308.0,180128.0,22.5
15.0,100.0,3300.0,1.61,1613.0,19512.0,170.6,0.1,181308.0,180128.0,22.5
16.0,100.0,3299.999,1.62,1601.0,19584.0,170.4,0.1,181308.0,180176.0,22.5
17.0,100.0,3300.0,1.57,1595.0,19296.0,171.4,0.1,181308.0,180176.0,22.5
18.0,100.0,3299.999,1.61,1492.0,17856.0,171.2,0.1,181356.0,180176.0,22.5
19.0,100.0,3300.0,1.62,1445.0,18864.0,158.6,0.1,181356.0,180176.0,22.5
20.0,93.8,3300.0,1.58,1522.0,18144.0,171.1,0.1,181356.0,180176.0,22.5
21.0,100.0,3300.0,1.5,1492.0,19296.0,159.4,0.1,181356.0,180176.0,22.5
22.0,93.8,3299.999,1.51,1474.0,20016.0,159.4,0.1,181356.0,180176.0,22.5
23.0,93.8,3300.0,1.52,1600.0,19728.0,164.5,0.1,181356.0,180176.0,22.5
24.0,100.0,3300.0,1.57,1537.0,19152.0,167.5,0.1,181356.0,180176.0,22.5
25.0,100.0,3299.999,1.59,1560.0,17640.0,160.0,0.1,181356.0,180176.0,22.5
26.0,100.0,3300.0,1.59,1448.0,18360.0,150.3,0.1,181356.0,180176.0,22.5
27.0,100.0,3299.999,1.57,1380.0,17784.0,147.9,0.1,181356.0,180176.0,22.5
28.0,100.0,3300.0,1.56,1382.0,18720.0,149.8,0.1,181356.0,180176.0,22.5
29.0,100.0,3299.999,1.5,1502.0,19728.0,171.0,0.1,181356.0,180176.0,22.5
30.0,100.0,3300.0,1.55,1575.0,19512.0,162.9,0.1,181356.0,180176.0,22.5
31.0,100.0,3300.0,1.51,1554.0,20088.0,171.0,0.1,181356.0,180176.0,22.5
32.0,100.0,3300.0,1.52,1541.0,20880.0,168.8,0.1,181356.0,180208.0,22.5
33.0,100.0,3300.0,1.51,1495.0,19728.0,162.7,0.1,181356.0,180208.0,22.5
34.0,93.8,3300.0,1.52,1524.0,19944.0,156.9,0.1,181356.0,180208.0,22.5
35.0,100.0,3299.999,1.53,1561.0,18864.0,164.4,0.1,181356.0,180208.0,22.5
36.0,100.0,3300.0,1.54,1494.0,18432.0,165.2,0.1,181356.0,180208.0,22.5
37.0,100.0,3300.0,1.52,1497.0,19584.0,158.3,0.1,181356.0,180208.0,22.5
38.0,100.0,3299.999,1.56,1605.0,17208.0,170.9,0.1,181356.0,180208.0,22.5
39.0,100.0,3300.0,1.54,1603.0,18144.0,159.0,0.1,181356.0,180208.0,22.5
