time,CPU_Utilization,Frequency,IPC,Misses,LLC,MBL,Memory_Footprint,Virt_Memory,Res_Memory,Allocated_Cache
0.0,100.0,3299.999,1.46,6.0,0.0,0.1,0.1,181016.0,179888.0,15.75
1.0,100.0,3299.999,1.5,1507.0,14544.0,146.3,0.1,181064.0,179888.0,15.75
2.0,100.0,3299.999,1.5,1660.0,15048.0,174.7,0.1,181096.0,180032.0,15.75
3.0,100.0,3300.0,1.51,1590.0,15120.0,169.2,0.1,181148.0,180032.0,15.75
4.0,100.0,3299.999,1.51,1611.0,15264.0,176.3,0.1,181148.0,180072.0,15.75
5.0,100.0,3300.0,1.51,1573.0,15120.0,170.1,0.1,181212.0,180072.0,15.75
6.0,100.0,3299.999,1.49,1691.0,15120.0,180.7,0.1,181212.0,180072.0,15.75
7.0,100.0,3300.0,1.51,1584.0,15120.0,175.0,0.1,181212.0,180072.0,15.75
8.0,100.0,3299.999,1.53,1524.0,14760.0,168.2,0.1,181212.0,180120.0,15.75
9.0,100.0,3300.0,1.51,1604.0,15336.0,173.5,0.1,181212.0,180120.0,15.75
10.0,100.0,3300.0,1.49,1671.0,15480.0,179.0,0.1,181212.0,180120.0,15.75
11.0,100.0,3300.0,1.52,1618.0,15624.0,183.3,0.1,181244.0,180120.0,15.75
12.0,100.0,3299.999,1.52,1701.0,15120.0,184.9,0.1,181244.0,180120.0,15.75
13.0,100.0,3300.0,1.54,1710.0,15552.0,181.1,0.1,181244.0,180120.0,15.75
14.0,100.0,3299.999,1.58,1575.0,14184.0,172.1,0.1,181292.0,180120.0,15.75
15.0,100.0,3300.0,1.61,1670.0,14688.0,176.7,0.1,181308.0,180120.0,15.75
16.0,100.0,3300.014,1.62,1657.0,14328.0,176.6,0.1,181308.0,180168.0,15.75
17.0,100.0,3300.0,1.57,1661.0,15192.0,177.3,0.1,181308.0,180168.0,15.75
18.0,100.0,3299.999,1.6,1556.0,14976.0,172.9,0.1,181356.0,180168.0,15.75
19.0,100.0,3300.0,1.62,1487.0,14976.0,158.3,0.1,181356.0,180168.0,15.75
20.0,100.0,3299.999,1.58,1581.0,14256.0,168.9,0.1,181356.0,180168.0,15.75
21.0,93.8,3300.0,1.5,1550.0,15120.0,163.8,0.1,181356.0,180168.0,15.75
22.0,100.0,3299.999,1.51,1559.0,15192.0,166.0,0.1,181356.0,180168.0,15.75
23.0,100.0,3300.0,1.51,1677.0,15336.0,176.7,0.1,181356.0,180168.0,15.75
24.0,100.0,3299.999,1.57,1585.0,14904.0,177.6,0.1,181356.0,180168.0,15.75
25.0,100.0,3300.0,1.59,1610.0,15048.0,164.9,0.1,181356.0,180168.0,15.75
26.0,100.0,3300.0,1.59,1508.0,15192.0,169.0,0.1,181356.0,180168.0,15.75
27.0,100.0,3300.0,1.57,1429.0,14760.0,154.5,0.1,181356.0,180168.0,15.75
28.0,100.0,3299.999,1.56,1430.0,14976.0,153.8,0.1,181356.0,180168.0,15.75
29.0,100.0,3300.0,1.5,1569.0,15552.0,172.7,0.1,181356.0,180168.0,15.75
30.0,100.0,3299.999,1.55,1632.0,14616.0,170.2,0.1,181356.0,180168.0,15.75
31.0,100.0,3300.0,1.51,1639.0,15408.0,174.4,0.1,181356.0,180168.0,15.75
32.0,100.0,3300.0,1.52,1608.0,15120.0,170.8,0.1,181356.0,180200.0,15.75
33.0,100.0,3299.999,1.51,1587.0,15264.0,174.4,0.1,181356.0,180200.0,15.75
34.0,100.0,3299.999,1.52,1597.0,15624.0,173.8,0.1,181356.0,180200.0,15.75
35.0,100.0,3299.999,1.52,1632.0,15192.0,174.6,0.1,181356.0,180200.0,15.75
36.0,100.0,3300.0,1.54,1550.0,14688.0,161.9,0.1,181356.0,180200.0,15.75
37.0,100.0,3299.999,1.52,1552.0,15336.0,169.9,0.1,181356.0,180200.0,15.75
38.0,100.0,3299.999,1.55,1647.0,15192.0,183.0,0.1,181360.0,180200.0,15.75
39.0,100.0,3300.0,1.55,1647.0,14904.0,179.6,0.1,181360.0,180200.0,15.75
