time,CPU_Utilization,Frequency,IPC,Misses,LLC,MBL,Memory_Footprint,Virt_Memory,Res_Memory,Allocated_Cache
0.0,100.0,3299.999,1.45,5.0,0.0,0.0,0.1,180980.0,179888.0,24.75
1.0,100.0,3300.0,1.52,1199.0,19584.0,110.2,0.1,181060.0,179888.0,24.75
2.0,100.0,3299.999,1.52,1325.0,23040.0,134.7,0.1,181092.0,180032.0,24.75
3.0,100.0,3299.999,1.53,1290.0,24336.0,131.1,0.1,181140.0,180032.0,24.75
4.0,100.0,3300.0,1.53,1305.0,24264.0,135.8,0.1,181140.0,180060.0,24.75
5.0,93.8,3300.0,1.53,1272.0,24552.0,139.6,0.1,181204.0,180060.0,24.75
6.0,93.8,3299.999,1.51,1359.0,24624.0,144.8,0.1,181204.0,180060.0,24.75
7.0,100.0,3299.999,1.53,1260.0,24912.0,128.9,0.1,181204.0,180060.0,24.75
8.0,93.8,3300.0,1.54,1226.0,24768.0,126.9,0.1,181204.0,180100.0,24.75
9.0,100.0,3300.0,1.53,1292.0,21456.0,134.6,0.1,181204.0,180100.0,24.75
10.0,100.0,3300.0,1.51,1440.0,24408.0,147.4,0.1,181204.0,180100.0,24.75
11.0,100.0,3300.0,1.53,1351.0,25200.0,148.3,0.1,181236.0,180100.0,24.75
12.0,100.0,3299.999,1.54,1378.0,24912.0,153.3,0.1,181236.0,180100.0,24.75
13.0,100.0,3300.0,1.56,1429.0,25056.0,156.4,0.1,181284.0,180100.0,24.75
14.0,100.0,3299.999,1.6,1298.0,24984.0,132.3,0.1,181304.0,180100.0,24.75
15.0,100.0,3300.0,1.62,1426.0,24912.0,139.6,0.1,181304.0,180100.0,24.75
16.0,100.0,3299.999,1.64,1406.0,25128.0,148.1,0.1,181304.0,180152.0,24.75
17.0,100.0,3299.999,1.57,1382.0,24912.0,147.6,0.1,181304.0,180152.0,24.75
18.0,100.0,3299.999,1.65,1267.0,25056.0,133.6,0.1,181352.0,180168.0,24.75
19.0,100.0,3299.999,1.6,1294.0,24768.0,134.2,0.1,181352.0,180168.0,24.75
20.0,100.0,3300.0,1.59,1323.0,24696.0,144.0,0.1,181352.0,180168.0,24.75
21.0,100.0,3299.999,1.52,1244.0,24480.0,137.1,0.1,181352.0,180168.0,24.75
22.0,100.0,3300.0,1.51,1274.0,25056.0,134.3,0.1,181352.0,180168.0,24.75
23.0,100.0,3299.999,1.56,1364.0,24984.0,149.2,0.1,181352.0,180168.0,24.75
24.0,100.0,3299.999,1.58,1347.0,24912.0,140.2,0.1,181352.0,180168.0,24.75
25.0,100.0,3300.0,1.6,1368.0,25056.0,152.6,0.1,181352.0,180168.0,24.75
26.0,100.0,3299.999,1.6,1205.0,24840.0,125.6,0.1,181352.0,180168.0,24.75
27.0,100.0,3299.999,1.58,1170.0,24840.0,115.2,0.1,181352.0,180168.0,24.75
28.0,100.0,3299.999,1.57,1222.0,25128.0,129.2,0.1,181352.0,180168.0,24.75
29.0,100.0,3300.0,1.54,1294.0,25200.0,136.5,0.1,181352.0,180168.0,24.75
30.0,100.0,3299.999,1.55,1305.0,24552.0,126.4,0.1,181352.0,180168.0,24.75
31.0,100.0,3300.0,1.53,1279.0,24768.0,134.2,0.1,181352.0,180168.0,24.75
32.0,100.0,3299.999,1.52,1315.0,25056.0,146.9,0.1,181352.0,180184.0,24.75
33.0,100.0,3300.0,1.53,1243.0,25056.0,131.2,0.1,181352.0,180184.0,24.75
34.0,100.0,3299.999,1.54,1304.0,24912.0,139.9,0.1,181352.0,180184.0,24.75
35.0,100.0,3299.999,1.55,1313.0,25128.0,134.2,0.1,181352.0,180184.0,24.75
36.0,93.8,3299.999,1.57,1274.0,24840.0,132.5,0.1,181352.0,180184.0,24.75
37.0,100.0,3299.999,1.52,1275.0,25056.0,134.4,0.1,181352.0,180184.0,24.75
38.0,100.0,3300.0,1.59,1425.0,24984.0,137.7,0.1,181352.0,180184.0,24.75
39.0,100.0,3299.999,1.54,1311.0,25056.0,135.8,0.1,181352.0,180184.0,24.75
