time,CPU_Utilization,Frequency,IPC,Misses,LLC,MBL,Memory_Footprint,Virt_Memory,Res_Memory,Allocated_Cache
0.0,100.0,3299.999,1.52,6.0,0.0,0.1,0.1,181012.0,179812.0,20.25
1.0,100.0,3300.0,1.51,1467.0,17280.0,138.4,0.1,181060.0,179812.0,20.25
2.0,100.0,3300.0,1.5,1599.0,17640.0,161.4,0.1,181092.0,180016.0,20.25
3.0,100.0,3300.0,1.52,1547.0,16416.0,169.0,0.1,181140.0,180016.0,20.25
4.0,100.0,3299.999,1.51,1575.0,18360.0,162.2,0.1,181140.0,180048.0,20.25
5.0,100.0,3299.999,1.52,1524.0,18792.0,164.0,0.1,181208.0,180048.0,20.25
6.0,100.0,3300.0,1.5,1627.0,18432.0,168.8,0.1,181208.0,180048.0,20.25
7.0,100.0,3299.999,1.52,1521.0,18504.0,160.9,0.1,181208.0,180048.0,20.25
8.0,100.0,3300.0,1.53,1467.0,18504.0,160.2,0.1,181208.0,180096.0,20.25
9.0,93.8,3300.0,1.52,1548.0,18216.0,157.2,0.1,181208.0,180096.0,20.25
10.0,100.0,3299.999,1.5,1627.0,17784.0,169.5,0.1,181208.0,180096.0,20.25
11.0,100.0,3299.999,1.52,1570.0,18072.0,169.9,0.1,181240.0,180096.0,20.25
12.0,100.0,3299.999,1.52,1634.0,18648.0,185.2,0.1,181240.0,180096.0,20.25
13.0,100.0,3299.999,1.55,1665.0,19440.0,177.3,0.1,181240.0,180096.0,20.25
14.0,100.0,3300.0,1.59,1521.0,18648.0,166.9,0.1,181304.0,180140.0,20.25
15.0,93.8,3300.0,1.61,1632.0,18000.0,168.6,0.1,181304.0,180140.0,20.25
16.0,100.0,3300.0,1.63,1612.0,17496.0,177.6,0.1,181304.0,180156.0,20.25
17.0,100.0,3300.0,1.57,1618.0,18648.0,168.0,0.1,181304.0,180156.0,20.25
18.0,100.0,3300.0,1.61,1500.0,16848.0,164.7,0.1,181352.0,180156.0,20.25
19.0,100.0,3299.999,1.61,1464.0,17280.0,151.7,0.1,181352.0,180156.0,20.25
20.0,100.0,3300.0,1.58,1539.0,16560.0,167.1,0.1,181352.0,180156.0,20.25
21.0,100.0,3299.999,1.51,1500.0,18936.0,159.5,0.1,181352.0,180156.0,20.25
22.0,100.0,3300.0,1.51,1530.0,18504.0,171.6,0.1,181352.0,180156.0,20.25
23.0,100.0,3300.0,1.52,1617.0,18360.0,171.2,0.1,181352.0,180156.0,20.25
24.0,100.0,3299.999,1.57,1557.0,17064.0,174.6,0.1,181352.0,180156.0,20.25
25.0,100.0,3299.999,1.59,1570.0,17064.0,166.7,0.1,181352.0,180156.0,20.25
26.0,100.0,3300.0,1.59,1454.0,17424.0,152.2,0.1,181352.0,180156.0,20.25
27.0,100.0,3300.0,1.57,1389.0,17568.0,147.9,0.1,181352.0,180156.0,20.25
28.0,100.0,3299.999,1.56,1390.0,18216.0,150.0,0.1,181352.0,180156.0,20.25
29.0,100.0,3300.0,1.51,1519.0,18792.0,160.1,0.1,181352.0,180156.0,20.25
30.0,100.0,3299.999,1.55,1579.0,18504.0,169.9,0.1,181352.0,180156.0,20.25
31.0,100.0,3300.0,1.52,1566.0,19656.0,166.6,0.1,181352.0,180156.0,20.25
32.0,100.0,3300.0,1.52,1554.0,19440.0,164.7,0.1,181352.0,180184.0,20.25
33.0,100.0,3299.999,1.51,1511.0,18864.0,166.8,0.1,181352.0,180184.0,20.25
34.0,100.0,3299.999,1.53,1545.0,18432.0,165.7,0.1,181352.0,180184.0,20.25
35.0,100.0,3299.999,1.53,1563.0,18072.0,164.8,0.1,181352.0,180184.0,20.25
36.0,100.0,3300.0,1.55,1499.0,17136.0,157.3,0.1,181352.0,180184.0,20.25
37.0,100.0,3299.999,1.52,1513.0,18648.0,156.0,0.1,181352.0,180184.0,20.25
38.0,100.0,3299.999,1.57,1593.0,18360.0,165.9,0.1,181352.0,180184.0,20.25
39.0,100.0,3300.0,1.54,1604.0,18648.0,166.6,0.1,181352.0,180184.0,20.25
