time,CPU_Utilization,Frequency,IPC,Misses,LLC,MBL,Memory_Footprint,Virt_Memory,Res_Memory,Allocated_Cache
0.0,100.0,3299.999,1.53,6.0,0.0,0.1,0.1,181016.0,179880.0,6.75
1.0,100.0,3299.999,1.5,1676.0,6696.0,176.5,0.1,181064.0,179880.0,6.75
2.0,100.0,3300.0,1.49,1859.0,6624.0,193.8,0.1,181096.0,180016.0,6.75
3.0,100.0,3300.0,1.51,1788.0,6840.0,187.2,0.1,181144.0,180016.0,6.75
4.0,100.0,3300.0,1.5,1800.0,6768.0,194.5,0.1,181148.0,180048.0,6.75
5.0,100.0,3299.999,1.51,1750.0,6696.0,180.1,0.1,181212.0,180048.0,6.75
6.0,100.0,3299.999,1.48,1914.0,6768.0,210.5,0.1,181212.0,180048.0,6.75
7.0,100.0,3300.0,1.5,1782.0,6624.0,187.7,0.1,181212.0,180048.0,6.75
8.0,100.0,3299.999,1.52,1714.0,6912.0,187.6,0.1,181212.0,180108.0,6.75
9.0,100.0,3299.999,1.5,1794.0,6120.0,191.5,0.1,181212.0,180108.0,6.75
10.0,100.0,3300.0,1.49,1871.0,6984.0,192.7,0.1,181212.0,180108.0,6.75
11.0,100.0,3300.0,1.51,1802.0,6696.0,198.5,0.1,181244.0,180108.0,6.75
12.0,100.0,3299.999,1.5,1895.0,6624.0,202.2,0.1,181244.0,180108.0,6.75
13.0,100.0,3300.0,1.53,1867.0,6840.0,213.6,0.1,181244.0,180108.0,6.75
14.0,93.8,3299.999,1.57,1741.0,6552.0,196.9,0.1,181292.0,180108.0,6.75
15.0,100.0,3300.0,1.59,1807.0,6912.0,199.1,0.1,181308.0,180108.0,6.75
16.0,100.0,3299.999,1.61,1809.0,6840.0,193.8,0.1,181308.0,180160.0,6.75
17.0,100.0,3300.0,1.57,1811.0,6768.0,200.3,0.1,181308.0,180160.0,6.75
18.0,93.8,3299.999,1.56,1752.0,6624.0,191.5,0.1,181340.0,180160.0,6.75
19.0,100.0,3299.999,1.64,1555.0,6408.0,160.2,0.1,181356.0,180160.0,6.75
20.0,100.0,3299.999,1.57,1715.0,6624.0,176.0,0.1,181356.0,180160.0,6.75
21.0,100.0,3300.0,1.5,1735.0,6552.0,190.4,0.1,181356.0,180160.0,6.75
22.0,100.0,3299.999,1.49,1780.0,6480.0,201.0,0.1,181356.0,180160.0,6.75
23.0,100.0,3299.999,1.5,1836.0,6840.0,193.9,0.1,181356.0,180160.0,6.75
24.0,100.0,3300.0,1.56,1717.0,6480.0,186.0,0.1,181356.0,180160.0,6.75
25.0,100.0,3300.0,1.58,1724.0,6840.0,180.5,0.1,181356.0,180160.0,6.75
26.0,100.0,3300.0,1.57,1714.0,6552.0,195.5,0.1,181356.0,180160.0,6.75
27.0,100.0,3300.0,1.56,1558.0,6336.0,163.5,0.1,181356.0,180160.0,6.75
28.0,100.0,3299.999,1.56,1557.0,6408.0,170.9,0.1,181356.0,180160.0,6.75
29.0,100.0,3300.0,1.5,1741.0,6480.0,196.0,0.1,181356.0,180160.0,6.75
30.0,100.0,3299.999,1.38,1583.0,6408.0,162.4,0.1,181356.0,180160.0,6.75
31.0,100.0,3300.0,1.51,1842.0,6768.0,188.4,0.1,181356.0,180160.0,6.75
32.0,100.0,3299.999,1.5,1833.0,6696.0,200.5,0.1,181356.0,180188.0,6.75
33.0,100.0,3300.0,1.48,1857.0,6624.0,189.5,0.1,181356.0,180188.0,6.75
34.0,100.0,3300.0,1.52,1765.0,6912.0,190.1,0.1,181356.0,180188.0,6.75
35.0,100.0,3300.0,1.51,1809.0,6840.0,187.2,0.1,181356.0,180188.0,6.75
36.0,100.0,3299.999,1.52,1790.0,6768.0,193.6,0.1,181356.0,180188.0,6.75
37.0,100.0,3299.999,1.54,1660.0,6768.0,166.9,0.1,181356.0,180188.0,6.75
38.0,100.0,3300.0,1.49,1837.0,6624.0,202.1,0.1,181356.0,180188.0,6.75
39.0,100.0,3299.999,1.58,1791.0,6480.0,187.3,0.1,181356.0,180188.0,6.75
