time,CPU_Utilization,Frequency,IPC,Misses,LLC,MBL,Memory_Footprint,Virt_Memory,Res_Memory,Allocated_Cache
0.0,93.8,3299.999,1.44,6.0,0.0,0.2,0.1,181016.0,179828.0,9.0
1.0,100.0,3300.0,1.5,1650.0,8928.0,182.2,0.1,181064.0,179828.0,9.0
2.0,100.0,3300.0,1.49,1814.0,8496.0,204.5,0.1,181096.0,180036.0,9.0
3.0,100.0,3299.999,1.51,1741.0,8856.0,190.6,0.1,181144.0,180036.0,9.0
4.0,100.0,3300.0,1.5,1755.0,8568.0,182.9,0.1,181144.0,180064.0,9.0
5.0,100.0,3300.0,1.51,1708.0,8424.0,197.5,0.1,181212.0,180064.0,9.0
6.0,100.0,3299.999,1.49,1861.0,8352.0,201.7,0.1,181212.0,180064.0,9.0
7.0,100.0,3300.0,1.51,1733.0,8640.0,187.2,0.1,181212.0,180064.0,9.0
8.0,100.0,3299.999,1.52,1675.0,8568.0,186.5,0.1,181212.0,180108.0,9.0
9.0,100.0,3300.0,1.51,1747.0,8568.0,190.0,0.1,181212.0,180108.0,9.0
10.0,100.0,3300.0,1.49,1842.0,8496.0,200.6,0.1,181212.0,180108.0,9.0
11.0,100.0,3300.0,1.51,1766.0,8352.0,192.0,0.1,181244.0,180108.0,9.0
12.0,100.0,3299.999,1.51,1844.0,8136.0,196.9,0.1,181244.0,180108.0,9.0
13.0,100.0,3299.999,1.54,1843.0,9000.0,210.3,0.1,181244.0,180108.0,9.0
14.0,100.0,3300.0,1.58,1702.0,6912.0,181.3,0.1,181308.0,180156.0,9.0
15.0,100.0,3299.999,1.59,1795.0,6840.0,192.8,0.1,181308.0,180156.0,9.0
16.0,100.0,3299.999,1.62,1781.0,7920.0,193.9,0.1,181308.0,180172.0,9.0
17.0,100.0,3299.999,1.57,1791.0,8424.0,200.2,0.1,181308.0,180172.0,9.0
18.0,93.8,3299.999,1.58,1701.0,8280.0,178.6,0.1,181356.0,180172.0,9.0
19.0,100.0,3300.0,1.63,1563.0,8496.0,170.6,0.1,181356.0,180172.0,9.0
20.0,100.0,3300.0,1.57,1682.0,7344.0,181.3,0.1,181356.0,180172.0,9.0
21.0,100.0,3300.0,1.5,1700.0,8496.0,182.5,0.1,181356.0,180172.0,9.0
22.0,93.8,3299.999,1.5,1743.0,8568.0,198.5,0.1,181356.0,180172.0,9.0
23.0,100.0,3300.0,1.51,1810.0,8784.0,195.0,0.1,181356.0,180172.0,9.0
24.0,100.0,3300.0,1.57,1690.0,8496.0,187.2,0.1,181356.0,180172.0,9.0
25.0,100.0,3299.999,1.59,1696.0,8208.0,180.2,0.1,181356.0,180172.0,9.0
26.0,100.0,3300.0,1.58,1661.0,7848.0,180.9,0.1,181356.0,180172.0,9.0
27.0,100.0,3300.0,1.57,1538.0,6264.0,168.0,0.1,181356.0,180172.0,9.0
28.0,100.0,3300.0,1.56,1542.0,7560.0,162.6,0.1,181356.0,180172.0,9.0
29.0,100.0,3299.999,1.5,1713.0,8784.0,189.1,0.1,181356.0,180172.0,9.0
30.0,100.0,3299.999,1.54,1766.0,7776.0,189.9,0.1,181356.0,180172.0,9.0
31.0,100.0,3300.0,1.5,1828.0,8280.0,197.5,0.1,181356.0,180172.0,9.0
32.0,93.3,3300.0,1.51,1772.0,8640.0,197.6,0.1,181356.0,180196.0,9.0
33.0,100.0,3299.999,1.5,1778.0,8928.0,191.5,0.1,181356.0,180196.0,9.0
34.0,100.0,3300.0,1.52,1742.0,8928.0,190.3,0.1,181356.0,180196.0,9.0
35.0,100.0,3300.0,1.52,1774.0,8568.0,195.3,0.1,181356.0,180196.0,9.0
36.0,100.0,3300.0,1.53,1703.0,8208.0,189.8,0.1,181356.0,180196.0,9.0
37.0,100.0,3300.0,1.53,1665.0,8496.0,175.6,0.1,181356.0,180196.0,9.0
38.0,100.0,3299.999,1.53,1777.0,8640.0,196.9,0.1,181356.0,180196.0,9.0
39.0,93.8,3299.999,1.56,1771.0,8784.0,190.1,0.1,181356.0,180196.0,9.0
