time,CPU_Utilization,Frequency,IPC,Misses,LLC,MBL,Memory_Footprint,Virt_Memory,Res_Memory,Allocated_Cache
0.0,100.0,3299.999,1.51,6.0,0.0,0.1,0.1,181016.0,179824.0,2.25
1.0,100.0,3299.999,1.49,1790.0,3024.0,195.0,0.1,181064.0,179824.0,2.25
2.0,100.0,3300.0,1.49,1998.0,2376.0,208.7,0.1,181096.0,180032.0,2.25
3.0,100.0,3299.999,1.5,1929.0,2448.0,219.5,0.1,181144.0,180032.0,2.25
4.0,100.0,3300.0,1.5,1932.0,2520.0,225.0,0.1,181144.0,180060.0,2.25
5.0,100.0,3299.999,1.5,1885.0,2664.0,202.6,0.1,181208.0,180060.0,2.25
6.0,100.0,3299.999,1.48,2068.0,2592.0,234.7,0.1,181208.0,180060.0,2.25
7.0,100.0,3299.999,1.5,1918.0,2376.0,215.4,0.1,181208.0,180060.0,2.25
8.0,100.0,3300.0,1.52,1853.0,2664.0,207.1,0.1,181208.0,180100.0,2.25
9.0,100.0,3299.999,1.5,1933.0,2520.0,212.3,0.1,181208.0,180100.0,2.25
10.0,100.0,3299.999,1.49,2005.0,2376.0,219.6,0.1,181208.0,180100.0,2.25
11.0,100.0,3300.0,1.5,1933.0,2448.0,208.7,0.1,181244.0,180100.0,2.25
12.0,100.0,3300.0,1.5,2022.0,2664.0,221.1,0.1,181244.0,180100.0,2.25
13.0,100.0,3300.0,1.53,1983.0,2304.0,211.7,0.1,181244.0,180100.0,2.25
14.0,100.0,3300.0,1.57,1868.0,2160.0,208.3,0.1,181292.0,180152.0,2.25
15.0,100.0,3299.999,1.59,1909.0,2736.0,202.8,0.1,181308.0,180152.0,2.25
16.0,100.0,3300.0,1.61,1921.0,2448.0,205.8,0.1,181308.0,180160.0,2.25
17.0,100.0,3300.0,1.57,1939.0,2304.0,209.6,0.1,181308.0,180160.0,2.25
18.0,100.0,3299.999,1.55,1876.0,2520.0,203.5,0.1,181340.0,180160.0,2.25
19.0,93.8,3300.0,1.66,1621.0,2376.0,185.1,0.1,181356.0,180160.0,2.25
20.0,100.0,3299.999,1.56,1838.0,2664.0,196.9,0.1,181356.0,180160.0,2.25
21.0,100.0,3299.999,1.5,1853.0,2448.0,208.7,0.1,181356.0,180160.0,2.25
22.0,100.0,3300.0,1.49,1911.0,2376.0,215.4,0.1,181356.0,180160.0,2.25
23.0,100.0,3299.999,1.49,1995.0,2376.0,217.6,0.1,181356.0,180160.0,2.25
24.0,100.0,3300.0,1.56,1820.0,2304.0,194.1,0.1,181356.0,180160.0,2.25
25.0,100.0,3299.999,1.58,1846.0,2664.0,196.7,0.1,181356.0,180160.0,2.25
26.0,93.3,3300.0,1.58,1792.0,2736.0,196.0,0.1,181356.0,180160.0,2.25
27.0,100.0,3300.0,1.56,1667.0,2448.0,183.0,0.1,181356.0,180160.0,2.25
28.0,93.8,3300.0,1.56,1669.0,2520.0,183.5,0.1,181356.0,180160.0,2.25
29.0,100.0,3299.999,1.5,1853.0,2376.0,205.9,0.1,181356.0,180160.0,2.25
30.0,100.0,3299.999,1.53,1911.0,2448.0,216.3,0.1,181356.0,180160.0,2.25
31.0,100.0,3300.0,1.5,2004.0,2520.0,223.3,0.1,181356.0,180160.0,2.25
32.0,100.0,3300.0,1.5,1979.0,2520.0,220.9,0.1,181356.0,180184.0,2.25
33.0,100.0,3299.999,1.48,1997.0,2592.0,217.3,0.1,181356.0,180184.0,2.25
34.0,100.0,3299.999,1.51,1913.0,2592.0,206.6,0.1,181356.0,180184.0,2.25
35.0,100.0,3300.0,1.31,1726.0,2520.0,180.2,0.1,181356.0,180184.0,2.25
36.0,100.0,3300.0,1.53,1883.0,2592.0,208.9,0.1,181356.0,180184.0,2.25
37.0,100.0,3299.999,1.54,1775.0,2736.0,194.7,0.1,181356.0,180184.0,2.25
38.0,100.0,3300.0,1.49,1980.0,2520.0,219.2,0.1,181356.0,180184.0,2.25
39.0,100.0,3299.999,1.58,1916.0,2448.0,196.2,0.1,181356.0,180184.0,2.25
