time,CPU_Utilization,Frequency,IPC,Misses,LLC,MBL,Memory_Footprint,Virt_Memory,Res_Memory,Allocated_Cache
0.0,100.0,3299.999,1.53,5.0,0.0,0.1,0.1,181016.0,179896.0,11.25
1.0,100.0,3300.0,1.5,1566.0,10656.0,168.4,0.1,181096.0,179896.0,11.25
2.0,100.0,3300.0,1.5,1727.0,10224.0,190.5,0.1,181096.0,180192.0,11.25
3.0,100.0,3299.999,1.51,1677.0,10656.0,181.3,0.1,181144.0,180192.0,11.25
4.0,100.0,3299.999,1.5,1686.0,10080.0,178.9,0.1,181144.0,180216.0,11.25
5.0,100.0,3299.999,1.51,1643.0,10152.0,181.4,0.1,181208.0,180216.0,11.25
6.0,100.0,3299.999,1.49,1780.0,10368.0,199.7,0.1,181208.0,180216.0,11.25
7.0,100.0,3300.0,1.51,1659.0,10080.0,174.7,0.1,181208.0,180216.0,11.25
8.0,100.0,3300.0,1.52,1605.0,10440.0,177.6,0.1,181208.0,180256.0,11.25
9.0,100.0,3300.0,1.51,1678.0,10224.0,183.9,0.1,181208.0,180256.0,11.25
10.0,100.0,3299.999,1.49,1756.0,10224.0,186.7,0.1,181208.0,180256.0,11.25
11.0,100.0,3300.0,1.52,1695.0,10584.0,181.5,0.1,181240.0,180256.0,11.25
12.0,100.0,3300.0,1.51,1777.0,10656.0,186.3,0.1,181240.0,180256.0,11.25
13.0,100.0,3299.999,1.54,1781.0,10872.0,197.4,0.1,181288.0,180284.0,11.25
14.0,100.0,3299.999,1.58,1637.0,10368.0,179.7,0.1,181308.0,180284.0,11.25
15.0,100.0,3300.0,1.6,1722.0,10224.0,185.2,0.1,181308.0,180284.0,11.25
16.0,93.8,3300.0,1.62,1707.0,10008.0,178.2,0.1,181308.0,180312.0,11.25
17.0,100.0,3299.999,1.57,1727.0,10800.0,182.4,0.1,181308.0,180312.0,11.25
18.0,100.0,3299.999,1.59,1654.0,8856.0,176.6,0.1,181356.0,180312.0,11.25
19.0,100.0,3300.0,1.63,1525.0,9720.0,159.5,0.1,181356.0,180312.0,11.25
20.0,100.0,3299.999,1.58,1618.0,8712.0,169.7,0.1,181356.0,180312.0,11.25
21.0,93.8,3299.999,1.5,1639.0,10584.0,167.5,0.1,181356.0,180312.0,11.25
22.0,100.0,3300.0,1.5,1649.0,10728.0,183.1,0.1,181356.0,180312.0,11.25
23.0,93.8,3300.0,1.51,1740.0,10656.0,194.7,0.1,181356.0,180312.0,11.25
24.0,93.8,3299.999,1.57,1637.0,9720.0,183.8,0.1,181356.0,180312.0,11.25
25.0,100.0,3300.0,1.59,1647.0,9792.0,171.6,0.1,181356.0,180312.0,11.25
26.0,100.0,3299.999,1.58,1590.0,10080.0,172.3,0.1,181356.0,180312.0,11.25
27.0,100.0,3299.999,1.57,1473.0,9792.0,158.5,0.1,181356.0,180312.0,11.25
28.0,100.0,3300.0,1.56,1479.0,10152.0,160.5,0.1,181356.0,180312.0,11.25
29.0,100.0,3299.999,1.5,1638.0,10584.0,170.8,0.1,181356.0,180312.0,11.25
30.0,100.0,3300.0,1.55,1698.0,10224.0,183.4,0.1,181356.0,180312.0,11.25
31.0,100.0,3299.999,1.51,1731.0,10584.0,187.0,0.1,181356.0,180312.0,11.25
32.0,100.0,3300.0,1.51,1686.0,10440.0,184.0,0.1,181356.0,180340.0,11.25
33.0,100.0,3299.999,1.5,1692.0,10656.0,186.6,0.1,181356.0,180340.0,11.25
34.0,93.8,3300.0,1.52,1668.0,10584.0,179.6,0.1,181356.0,180340.0,11.25
35.0,93.8,3299.999,1.52,1705.0,10152.0,181.8,0.1,181356.0,180340.0,11.25
36.0,100.0,3300.0,1.53,1622.0,10368.0,177.4,0.1,181356.0,180340.0,11.25
37.0,100.0,3300.0,1.53,1619.0,10224.0,175.4,0.1,181356.0,180340.0,11.25
38.0,100.0,3300.0,1.54,1709.0,10584.0,186.9,0.1,181356.0,180340.0,11.25
39.0,100.0,3300.0,1.55,1725.0,10152.0,184.1,0.1,181356.0,180340.0,11.25
