time,CPU_Utilization,Frequency,IPC,Misses,LLC,MBL,Memory_Footprint,Virt_Memory,Res_Memory,Allocated_Cache
0.0,100.0,3300.0,1.54,5.0,0.0,0.0,0.1,180996.0,179824.0,24.75
1.0,100.0,3300.011,1.52,1200.0,20232.0,113.2,0.1,181060.0,179824.0,24.75
2.0,100.0,3299.999,1.52,1325.0,22752.0,134.9,0.1,181092.0,180036.0,24.75
3.0,100.0,3300.0,1.53,1283.0,24192.0,133.7,0.1,181140.0,180036.0,24.75
4.0,100.0,3299.999,1.52,1304.0,24840.0,134.1,0.1,181140.0,180064.0,24.75
5.0,100.0,3299.999,1.53,1262.0,24768.0,135.8,0.1,181204.0,180064.0,24.75
6.0,100.0,3300.0,1.52,1365.0,24912.0,153.5,0.1,181204.0,180064.0,24.75
7.0,100.0,3299.999,1.53,1251.0,24552.0,129.4,0.1,181204.0,180064.0,24.75
8.0,100.0,3299.999,1.54,1222.0,24984.0,129.4,0.1,181204.0,180104.0,24.75
9.0,100.0,3300.0,1.53,1285.0,24912.0,135.5,0.1,181204.0,180104.0,24.75
10.0,100.0,3299.999,1.51,1368.0,24840.0,141.4,0.1,181204.0,180104.0,24.75
11.0,100.0,3300.0,1.53,1355.0,24912.0,144.8,0.1,181236.0,180104.0,24.75
12.0,100.0,3299.999,1.54,1368.0,24984.0,156.0,0.1,181236.0,180104.0,24.75
13.0,100.0,3299.999,1.56,1427.0,24912.0,152.2,0.1,181288.0,180104.0,24.75
14.0,93.8,3300.0,1.6,1299.0,24912.0,139.5,0.1,181304.0,180152.0,24.75
15.0,100.0,3299.999,1.62,1420.0,24624.0,143.8,0.1,181304.0,180152.0,24.75
16.0,100.0,3299.999,1.64,1404.0,24984.0,152.5,0.1,181304.0,180164.0,24.75
17.0,93.8,3299.999,1.57,1384.0,24768.0,153.5,0.1,181304.0,180164.0,24.75
18.0,100.0,3300.0,1.66,1264.0,24912.0,138.5,0.1,181352.0,180164.0,24.75
19.0,100.0,3299.999,1.6,1295.0,24840.0,135.9,0.1,181352.0,180164.0,24.75
20.0,93.8,3300.0,1.59,1318.0,25056.0,133.9,0.1,181352.0,180164.0,24.75
21.0,93.8,3300.0,1.52,1242.0,24984.0,127.6,0.1,181352.0,180164.0,24.75
22.0,100.0,3299.999,1.52,1269.0,25056.0,137.4,0.1,181352.0,180164.0,24.75
23.0,100.0,3299.999,1.56,1363.0,24768.0,150.0,0.1,181352.0,180164.0,24.75
24.0,100.0,3300.0,1.58,1349.0,24696.0,144.7,0.1,181352.0,180164.0,24.75
25.0,100.0,3299.999,1.6,1364.0,24984.0,142.3,0.1,181352.0,180164.0,24.75
26.0,100.0,3299.999,1.6,1203.0,24696.0,125.1,0.1,181352.0,180164.0,24.75
27.0,93.8,3300.0,1.58,1168.0,24984.0,126.1,0.1,181352.0,180164.0,24.75
28.0,100.0,3299.999,1.56,1219.0,24840.0,140.5,0.1,181352.0,180164.0,24.75
29.0,100.0,3300.0,1.54,1301.0,24984.0,152.4,0.1,181352.0,180164.0,24.75
30.0,100.0,3299.999,1.55,1304.0,24840.0,133.0,0.1,181352.0,180164.0,24.75
31.0,100.0,3300.0,1.53,1268.0,24840.0,134.6,0.1,181352.0,180164.0,24.75
32.0,100.0,3299.999,1.52,1317.0,24696.0,133.9,0.1,181352.0,180196.0,24.75
33.0,100.0,3300.0,1.53,1232.0,24408.0,134.3,0.1,181352.0,180196.0,24.75
34.0,100.0,3299.999,1.54,1307.0,24768.0,136.1,0.1,181352.0,180196.0,24.75
35.0,100.0,3300.0,1.55,1313.0,25056.0,135.7,0.1,181352.0,180196.0,24.75
36.0,100.0,3300.0,1.57,1273.0,24768.0,135.5,0.1,181352.0,180196.0,24.75
37.0,100.0,3299.999,1.52,1270.0,24696.0,133.3,0.1,181352.0,180196.0,24.75
38.0,100.0,3300.0,1.59,1424.0,24912.0,154.5,0.1,181352.0,180196.0,24.75
39.0,100.0,3299.999,1.53,1363.0,22536.0,146.1,0.1,181352.0,180196.0,24.75
40.0,100.0,3300.0,1.52,1329.0,24552.0,142.2,0.1,181352.0,180196.0,24.75
41.0,100.0,3299.999,1.53,1326.0,24768.0,136.3,0.1,181352.0,180196.0,24.75
42.0,100.0,3300.0,1.53,1311.0,25200.0,140.6,0.1,181352.0,180196.0,24.75
43.0,93.8,3299.999,1.57,1252.0,24840.0,134.4,0.1,181352.0,180196.0,24.75
44.0,100.0,3300.0,1.55,1342.0,24768.0,144.5,0.1,181352.0,180196.0,24.75
45.0,100.0,3299.999,1.59,1297.0,24984.0,143.1,0.1,181352.0,180196.0,24.75
46.0,100.0,3299.999,1.52,1324.0,24840.0,138.9,0.1,181352.0,180196.0,24.75
47.0,100.0,3300.0,1.52,1373.0,24984.0,141.3,0.1,181352.0,180196.0,24.75
48.0,100.0,3299.999,1.53,1304.0,24912.0,139.5,0.1,181352.0,180196.0,24.75
49.0,100.0,3299.999,1.57,1230.0,24840.0,135.1,0.1,181352.0,180196.0,24.75
50.0,100.0,3300.0,1.58,1342.0,24912.0,138.2,0.1,181352.0,180196.0,24.75
51.0,100.0,3300.0,1.58,1364.0,25056.0,144.7,0.1,181352.0,180196.0,24.75
52.0,100.0,3299.999,1.56,1289.0,24696.0,137.7,0.1,181352.0,180196.0,24.75
53.0,100.0,3299.999,1.59,1325.0,24984.0,138.9,0.1,181352.0,180196.0,24.75
54.0,100.0,3300.0,1.59,1311.0,24768.0,134.2,0.1,181352.0,180196.0,24.75
55.0,100.0,3300.0,1.58,1335.0,24912.0,145.8,0.1,181352.0,180196.0,24.75
56.0,93.8,3299.999,1.56,1265.0,24912.0,131.1,0.1,181352.0,180196.0,24.75
57.0,93.8,3300.0,1.53,1268.0,25056.0,138.3,0.1,181352.0,180196.0,24.75
58.0,100.0,3299.999,1.54,1319.0,24768.0,132.0,0.1,181352.0,180196.0,24.75
59.0,100.0,3300.0,1.56,1576.0,24912.0,157.8,0.1,181352.0,180196.0,24.75
60.0,100.0,3300.0,1.56,1667.0,24984.0,166.2,0.1,181352.0,180196.0,24.75
61.0,100.0,3299.999,1.51,1625.0,24912.0,157.6,0.1,181352.0,180196.0,24.75
62.0,100.0,3300.0,1.54,1255.0,24624.0,135.1,0.1,181352.0,180196.0,24.75
63.0,100.0,3300.0,1.6,1214.0,24912.0,138.1,0.1,181352.0,180196.0,24.75
64.0,100.0,3299.999,1.52,1236.0,24984.0,129.5,0.1,181352.0,180204.0,24.75
65.0,100.0,3300.0,1.53,1220.0,25056.0,126.5,0.1,181352.0,180204.0,24.75
66.0,100.0,3299.999,1.54,1229.0,24984.0,135.4,0.1,181352.0,180204.0,24.75
67.0,100.0,3300.0,1.54,1235.0,25200.0,132.0,0.1,181352.0,180204.0,24.75
68.0,100.0,3299.999,1.54,1193.0,25128.0,131.8,0.1,181352.0,180204.0,24.75
69.0,93.8,3300.0,1.53,1277.0,24768.0,133.6,0.1,181352.0,180204.0,24.75
70.0,100.0,3299.999,1.52,1291.0,24768.0,144.0,0.1,181352.0,180204.0,24.75
71.0,93.8,3299.999,1.5,1261.0,24840.0,800.9,0.1,181352.0,180204.0,24.75
72.0,93.8,3300.0,1.56,1454.0,25056.0,158.0,0.1,181352.0,180204.0,24.75
73.0,93.8,3300.0,1.57,1424.0,24840.0,160.0,0.1,181352.0,180204.0,24.75
74.0,100.0,3300.0,1.58,1324.0,24840.0,144.1,0.1,181352.0,180204.0,24.75
75.0,100.0,3299.999,1.56,1352.0,24768.0,144.4,0.1,181352.0,180204.0,24.75
76.0,100.0,3299.999,1.53,1548.0,24624.0,166.9,0.1,181352.0,180204.0,24.75
77.0,100.0,3300.0,1.53,1674.0,25128.0,170.6,0.1,181352.0,180204.0,24.75
78.0,100.0,3300.009,1.54,1552.0,24912.0,157.8,0.1,181352.0,180204.0,24.75
79.0,100.0,3300.0,1.53,1650.0,24840.0,171.2,0.1,181352.0,180204.0,24.75
80.0,100.0,3300.0,1.58,1392.0,24912.0,156.6,0.1,181352.0,180204.0,24.75
81.0,100.0,3299.999,1.57,1425.0,24912.0,150.6,0.1,181352.0,180204.0,24.75
82.0,100.0,3299.999,1.56,1437.0,24984.0,154.3,0.1,181352.0,180204.0,24.75
83.0,100.0,3300.0,1.56,1459.0,25128.0,161.6,0.1,181352.0,180204.0,24.75
84.0,93.8,3299.999,1.56,1433.0,25128.0,156.2,0.1,181352.0,180204.0,24.75
85.0,93.8,3300.0,1.54,1411.0,24696.0,152.5,0.1,181352.0,180204.0,24.75
86.0,100.0,3300.0,1.58,1495.0,24840.0,151.7,0.1,181352.0,180204.0,24.75
87.0,100.0,3299.999,1.58,1481.0,24552.0,150.1,0.1,181352.0,180204.0,24.75
88.0,100.0,3299.999,1.58,1354.0,24984.0,140.9,0.1,181352.0,180204.0,24.75
89.0,100.0,3300.0,1.57,1324.0,24840.0,135.8,0.1,181352.0,180204.0,24.75
90.0,100.0,3300.0,1.58,1338.0,24912.0,148.9,0.1,181352.0,180204.0,24.75
91.0,100.0,3299.999,1.58,1320.0,25056.0,145.5,0.1,181352.0,180204.0,24.75
92.0,100.0,3299.999,1.59,1304.0,24984.0,145.1,0.1,181352.0,180204.0,24.75
93.0,100.0,3299.999,1.58,1216.0,25128.0,137.0,0.1,181352.0,180204.0,24.75
94.0,100.0,3300.0,1.59,1309.0,24696.0,147.8,0.1,181352.0,180204.0,24.75
95.0,100.0,3300.0,1.58,1317.0,24984.0,147.2,0.1,181352.0,180204.0,24.75
96.0,100.0,3299.999,1.58,1260.0,24912.0,135.9,0.1,181352.0,180204.0,24.75
97.0,100.0,3299.999,1.58,1306.0,24912.0,139.2,0.1,181352.0,180204.0,24.75
98.0,100.0,3299.999,1.6,1301.0,24840.0,146.3,0.1,181352.0,180204.0,24.75
99.0,100.0,3300.0,1.59,1352.0,22392.0,148.9,0.1,181352.0,180204.0,24.75
100.0,93.8,3299.999,1.58,1304.0,24696.0,137.4,0.1,181352.0,180204.0,24.75
101.0,100.0,3299.999,1.58,1257.0,24696.0,128.4,0.1,181352.0,180204.0,24.75
102.0,100.0,3300.0,1.55,1171.0,24768.0,122.6,0.1,181352.0,180204.0,24.75
103.0,100.0,3300.0,1.56,1250.0,25128.0,139.3,0.1,181352.0,180204.0,24.75
104.0,100.0,3300.0,1.58,1318.0,24840.0,144.6,0.1,181352.0,180204.0,24.75
105.0,100.0,3300.0,1.58,1357.0,24912.0,142.7,0.1,181352.0,180204.0,24.75
106.0,100.0,3299.999,1.59,1470.0,24768.0,150.6,0.1,181352.0,180204.0,24.75
107.0,100.0,3300.0,1.52,1361.0,24768.0,820.4,0.1,181352.0,180204.0,24.75
108.0,100.0,3300.0,1.6,1449.0,25056.0,162.3,0.1,181352.0,180204.0,24.75
109.0,93.8,3299.999,1.58,1424.0,25056.0,158.0,0.1,181352.0,180204.0,24.75
110.0,100.0,3300.0,1.58,1455.0,24984.0,161.0,0.1,181352.0,180204.0,24.75
111.0,93.8,3299.999,1.61,1462.0,25056.0,154.3,0.1,181352.0,180204.0,24.75
112.0,93.8,3300.0,1.58,1507.0,25128.0,158.0,0.1,181352.0,180204.0,24.75
113.0,93.8,3300.0,1.59,1581.0,24912.0,169.0,0.1,181352.0,180204.0,24.75
114.0,100.0,3299.999,1.59,1498.0,24840.0,162.4,0.1,181352.0,180204.0,24.75
115.0,100.0,3299.999,1.58,1427.0,25200.0,154.1,0.1,181352.0,180204.0,24.75
116.0,100.0,3300.0,1.59,1511.0,25128.0,155.7,0.1,181352.0,180204.0,24.75
117.0,100.0,3300.0,1.57,1521.0,25128.0,159.9,0.1,181352.0,180204.0,24.75
118.0,100.0,3299.999,1.58,1535.0,24768.0,167.6,0.1,181368.0,180212.0,24.75
119.0,100.0,3300.0,1.62,1360.0,24912.0,145.2,0.1,181368.0,180212.0,24.75
120.0,100.0,3299.999,1.61,1496.0,25272.0,159.0,0.1,181368.0,180212.0,24.75
121.0,100.0,3300.0,1.6,1410.0,24912.0,150.1,0.1,181368.0,180212.0,24.75
122.0,100.0,3300.0,1.6,1522.0,24624.0,162.5,0.1,181368.0,180212.0,24.75
123.0,100.0,3299.999,1.58,1473.0,25056.0,157.9,0.1,181368.0,180212.0,24.75
124.0,100.0,3300.0,1.52,1413.0,24768.0,821.7,0.1,181368.0,180216.0,24.75
125.0,93.8,3299.999,1.59,1592.0,24984.0,171.8,0.1,181368.0,180216.0,24.75
126.0,100.0,3300.0,1.57,1536.0,24840.0,160.4,0.1,181368.0,180216.0,24.75
127.0,93.8,3299.999,1.58,1641.0,25056.0,171.1,0.1,181368.0,180216.0,24.75
128.0,100.0,3300.0,1.58,1528.0,25056.0,159.4,0.1,181368.0,180216.0,24.75
129.0,100.0,3299.999,1.57,1497.0,25056.0,166.6,0.1,181368.0,180216.0,24.75
130.0,100.0,3300.0,1.61,1383.0,24768.0,143.0,0.1,181368.0,180216.0,24.75
131.0,100.0,3299.999,1.61,1378.0,24840.0,146.7,0.1,181368.0,180216.0,24.75
132.0,100.0,3300.0,1.6,1569.0,24552.0,156.9,0.1,181368.0,180216.0,24.75
133.0,100.0,3299.999,1.57,1570.0,24912.0,158.6,0.1,181368.0,180216.0,24.75
134.0,100.0,3299.999,1.58,1425.0,24840.0,156.4,0.1,181368.0,180216.0,24.75
135.0,100.0,3300.0,1.59,1449.0,24984.0,153.3,0.1,181368.0,180216.0,24.75
136.0,100.0,3299.999,1.59,1460.0,24696.0,159.6,0.1,181368.0,180216.0,24.75
137.0,100.0,3300.0,1.61,1385.0,24984.0,149.8,0.1,181368.0,180216.0,24.75
138.0,100.0,3299.999,1.6,1405.0,25128.0,162.5,0.1,181368.0,180216.0,24.75
139.0,100.0,3300.0,1.61,1513.0,24624.0,169.8,0.1,181368.0,180216.0,24.75
140.0,100.0,3299.999,1.62,1449.0,24624.0,157.6,0.1,181368.0,180216.0,24.75
141.0,100.0,3299.999,1.63,1469.0,25056.0,157.1,0.1,181368.0,180216.0,24.75
142.0,100.0,3300.0,1.61,1490.0,24696.0,162.8,0.1,181368.0,180216.0,24.75
143.0,100.0,3299.999,1.62,1525.0,25056.0,159.1,0.1,181368.0,180216.0,24.75
144.0,100.0,3300.0,1.61,1496.0,24696.0,167.1,0.1,181368.0,180216.0,24.75
145.0,100.0,3299.999,1.6,1410.0,24768.0,154.3,0.1,181368.0,180216.0,24.75
146.0,100.0,3299.999,1.6,1489.0,24984.0,166.8,0.1,181368.0,180216.0,24.75
147.0,100.0,3299.999,1.61,1465.0,24984.0,152.2,0.1,181368.0,180216.0,24.75
148.0,93.8,3299.999,1.61,1535.0,24768.0,163.8,0.1,181368.0,180216.0,24.75
149.0,100.0,3300.0,1.6,1512.0,24912.0,166.9,0.1,181368.0,180216.0,24.75
150.0,100.0,3300.0,1.61,1493.0,24840.0,163.6,0.1,181368.0,180216.0,24.75
151.0,100.0,3299.999,1.6,1511.0,24552.0,157.7,0.1,181368.0,180216.0,24.75
152.0,100.0,3300.0,1.52,1451.0,24840.0,828.7,0.1,181368.0,180216.0,24.75
153.0,100.0,3300.0,1.61,1538.0,24984.0,168.1,0.1,181368.0,180216.0,24.75
154.0,100.0,3299.999,1.59,1650.0,24696.0,178.5,0.1,181368.0,180216.0,24.75
155.0,100.0,3299.999,1.61,1545.0,24912.0,169.9,0.1,181368.0,180216.0,24.75
156.0,100.0,3300.0,1.59,1744.0,25128.0,191.5,0.1,181368.0,180216.0,24.75
157.0,100.0,3299.999,1.6,1642.0,24912.0,180.1,0.1,181368.0,180216.0,24.75
158.0,100.0,3300.0,1.58,1742.0,25056.0,184.5,0.1,181368.0,180216.0,24.75
159.0,100.0,3299.999,1.59,1735.0,21888.0,184.9,0.1,181368.0,180216.0,24.75
160.0,100.0,3300.0,1.6,1607.0,24552.0,170.1,0.1,181368.0,180216.0,24.75
161.0,100.0,3299.999,1.61,1595.0,24912.0,169.0,0.1,181368.0,180216.0,24.75
162.0,100.0,3300.0,1.6,1560.0,24696.0,171.6,0.1,181368.0,180216.0,24.75
163.0,100.0,3300.0,1.6,1444.0,24768.0,158.3,0.1,181416.0,180216.0,24.75
164.0,100.0,3299.999,1.56,1407.0,25056.0,152.0,0.1,181416.0,180216.0,24.75
165.0,100.0,3300.0,1.58,1513.0,25056.0,159.5,0.1,181416.0,180216.0,24.75
166.0,100.0,3300.0,1.58,1502.0,24984.0,160.6,0.1,181416.0,180216.0,24.75
167.0,100.0,3299.999,1.58,1534.0,24552.0,173.0,0.1,181416.0,180216.0,24.75
168.0,100.0,3299.999,1.59,1543.0,24552.0,162.8,0.1,181416.0,180216.0,24.75
169.0,100.0,3300.0,1.59,1457.0,24984.0,150.5,0.1,181416.0,180216.0,24.75
170.0,100.0,3300.0,1.59,1684.0,24840.0,176.8,0.1,181416.0,180216.0,24.75
171.0,100.0,3300.0,1.6,1527.0,25200.0,164.2,0.1,181416.0,180216.0,24.75
172.0,100.0,3299.999,1.58,1778.0,25056.0,180.5,0.1,181416.0,180216.0,24.75
173.0,100.0,3299.999,1.59,1768.0,24984.0,187.2,0.1,181416.0,180216.0,24.75
174.0,100.0,3299.999,1.59,1574.0,24696.0,169.1,0.1,181416.0,180216.0,24.75
175.0,100.0,3300.0,1.59,1610.0,24840.0,175.7,0.1,181416.0,180216.0,24.75
176.0,100.0,3300.0,1.59,1689.0,24840.0,189.0,0.1,181416.0,180216.0,24.75
177.0,100.0,3299.999,1.6,1646.0,24696.0,174.4,0.1,181416.0,180216.0,24.75
178.0,100.0,3300.0,1.58,1514.0,24768.0,157.9,0.1,181416.0,180216.0,24.75
179.0,100.0,3300.0,1.59,1565.0,24768.0,164.2,0.1,181416.0,180216.0,24.75
180.0,100.0,3299.999,1.64,1453.0,24840.0,154.4,0.1,181416.0,180216.0,24.75
181.0,100.0,3300.0,1.66,1354.0,25056.0,138.1,0.1,181416.0,180216.0,24.75
182.0,100.0,3299.999,1.64,1430.0,25128.0,144.4,0.1,181416.0,180216.0,24.75
183.0,100.0,3299.999,1.61,1722.0,24840.0,177.0,0.1,181416.0,180216.0,24.75
184.0,100.0,3300.0,1.59,1605.0,24624.0,172.7,0.1,181416.0,180252.0,24.75
185.0,100.0,3300.0,1.59,1765.0,25128.0,178.6,0.1,181416.0,180252.0,24.75
186.0,100.0,3299.999,1.61,1400.0,24984.0,145.3,0.1,181416.0,180252.0,24.75
187.0,100.0,3300.0,1.43,2267.0,24552.0,911.9,0.1,181416.0,180252.0,24.75
188.0,93.8,3299.999,1.46,2635.0,24696.0,277.7,0.1,181416.0,180252.0,24.75
189.0,93.8,3300.0,1.44,2733.0,25128.0,287.3,0.1,181416.0,180252.0,24.75
190.0,100.0,3299.999,1.48,2539.0,25128.0,271.7,0.1,181416.0,180252.0,24.75
191.0,100.0,3300.0,1.45,2782.0,24912.0,289.4,0.1,181416.0,180252.0,24.75
192.0,100.0,3299.999,1.45,2647.0,24984.0,286.7,0.1,181416.0,180252.0,24.75
193.0,100.0,3300.0,1.47,2540.0,25200.0,280.5,0.1,181416.0,180252.0,24.75
194.0,100.0,3299.999,1.46,2697.0,24912.0,287.9,0.1,181416.0,180252.0,24.75
195.0,100.0,3299.999,1.46,2638.0,25128.0,288.8,0.1,181416.0,180252.0,24.75
196.0,100.0,3300.0,1.45,2798.0,24912.0,304.5,0.1,181416.0,180252.0,24.75
197.0,100.0,3300.0,1.44,2770.0,25056.0,298.1,0.1,181416.0,180252.0,24.75
198.0,100.0,3299.999,1.43,2682.0,25200.0,286.6,0.1,181416.0,180252.0,24.75
199.0,93.8,3299.999,1.42,2828.0,25128.0,311.6,0.1,181416.0,180252.0,24.75
200.0,100.0,3300.0,1.41,2830.0,24912.0,298.0,0.1,181416.0,180252.0,24.75
201.0,100.0,3300.0,1.4,2857.0,24912.0,295.8,0.1,181416.0,180252.0,24.75
202.0,93.8,3299.999,1.43,2737.0,25200.0,282.8,0.1,181416.0,180252.0,24.75
203.0,100.0,3300.009,1.45,2735.0,25128.0,305.6,0.1,181416.0,180252.0,24.75
204.0,100.0,3299.999,1.48,2437.0,25056.0,271.4,0.1,181416.0,180252.0,24.75
205.0,100.0,3300.0,1.47,2678.0,24768.0,281.7,0.1,181416.0,180252.0,24.75
206.0,100.0,3300.008,1.48,2631.0,24912.0,280.3,0.1,181416.0,180252.0,24.75
207.0,100.0,3300.0,1.46,2674.0,24696.0,298.8,0.1,181416.0,180252.0,24.75
208.0,100.0,3299.999,1.46,2653.0,25056.0,281.0,0.1,181416.0,180252.0,24.75
209.0,100.0,3300.0,1.46,2805.0,25128.0,290.4,0.1,181416.0,180252.0,24.75
210.0,93.8,3299.999,1.46,2777.0,25056.0,291.8,0.1,181416.0,180252.0,24.75
211.0,100.0,3300.006,1.47,2733.0,24984.0,292.6,0.1,181416.0,180252.0,24.75
212.0,100.0,3300.0,1.45,2792.0,25128.0,296.3,0.1,181416.0,180252.0,24.75
213.0,100.0,3300.0,1.57,1250.0,24480.0,812.0,0.1,181416.0,180252.0,24.75
214.0,100.0,3299.999,1.66,1215.0,24624.0,151.5,0.1,181416.0,180252.0,24.75
215.0,100.0,3299.999,1.65,1220.0,24984.0,138.4,0.1,181416.0,180252.0,24.75
216.0,100.0,3299.999,1.6,1250.0,24624.0,146.9,0.1,181416.0,180252.0,24.75
217.0,93.8,3300.0,1.62,1219.0,25056.0,137.3,0.1,181416.0,180252.0,24.75
218.0,100.0,3300.0,1.64,1298.0,24768.0,144.1,0.1,181416.0,180252.0,24.75
219.0,100.0,3299.999,1.61,1257.0,21600.0,135.5,0.1,181416.0,180252.0,24.75
220.0,100.0,3299.999,1.63,1248.0,24840.0,138.7,0.1,181416.0,180252.0,24.75
221.0,100.0,3300.0,1.63,1243.0,25056.0,144.3,0.1,181416.0,180252.0,24.75
222.0,93.8,3300.0,1.63,1165.0,24696.0,129.2,0.1,181416.0,180252.0,24.75
223.0,100.0,3299.999,1.63,1117.0,24552.0,121.6,0.1,181416.0,180252.0,24.75
224.0,93.8,3300.0,1.62,1183.0,24984.0,129.4,0.1,181416.0,180252.0,24.75
225.0,100.0,3300.0,1.59,1121.0,24912.0,133.3,0.1,181416.0,180252.0,24.75
226.0,100.0,3300.0,1.63,1139.0,24768.0,123.3,0.1,181416.0,180252.0,24.75
227.0,100.0,3299.999,1.63,1210.0,24912.0,125.8,0.1,181416.0,180252.0,24.75
228.0,100.0,3300.0,1.61,1120.0,24840.0,122.9,0.1,181416.0,180252.0,24.75
229.0,100.0,3299.999,1.64,1130.0,24984.0,125.9,0.1,181416.0,180252.0,24.75
230.0,100.0,3300.0,1.64,1059.0,24768.0,116.1,0.1,181416.0,180252.0,24.75
231.0,100.0,3300.0,1.63,1138.0,24912.0,128.7,0.1,181416.0,180252.0,24.75
232.0,100.0,3299.999,1.65,1131.0,24696.0,123.3,0.1,181416.0,180252.0,24.75
233.0,100.0,3300.0,1.63,1162.0,24768.0,126.8,0.1,181416.0,180252.0,24.75
234.0,93.8,3300.0,1.63,1143.0,24768.0,128.5,0.1,181416.0,180252.0,24.75
235.0,100.0,3300.0,1.64,1069.0,24984.0,120.7,0.1,181416.0,180252.0,24.75
236.0,100.0,3299.999,1.62,1045.0,24480.0,118.3,0.1,181416.0,180252.0,24.75
237.0,100.0,3300.0,1.62,1046.0,24624.0,120.3,0.1,181416.0,180252.0,24.75
238.0,100.0,3299.999,1.64,1094.0,24624.0,119.3,0.1,181416.0,180252.0,24.75
239.0,93.8,3300.0,1.61,1115.0,25056.0,132.7,0.1,181416.0,180252.0,24.75
240.0,100.0,3299.999,1.63,1125.0,24696.0,137.7,0.1,181416.0,180252.0,24.75
241.0,100.0,3300.007,1.6,1234.0,24408.0,134.3,0.1,181416.0,180252.0,24.75
242.0,100.0,3300.0,1.62,1035.0,24840.0,120.9,0.1,181416.0,180252.0,24.75
243.0,100.0,3299.999,1.63,1102.0,24552.0,131.8,0.1,181416.0,180252.0,24.75
244.0,100.0,3300.0,1.64,1103.0,24984.0,125.7,0.1,181416.0,180256.0,24.75
245.0,100.0,3299.999,1.59,1384.0,24624.0,145.0,0.1,181416.0,180256.0,24.75
246.0,100.0,3300.0,1.62,1098.0,24984.0,127.2,0.1,181416.0,180256.0,24.75
247.0,100.0,3300.0,1.61,1051.0,24840.0,116.2,0.1,181416.0,180256.0,24.75
248.0,100.0,3299.999,1.6,1059.0,24480.0,115.1,0.1,181416.0,180256.0,24.75
249.0,100.0,3300.0,1.59,1183.0,24768.0,123.8,0.1,181416.0,180256.0,24.75
250.0,93.8,3299.999,1.59,1236.0,24696.0,132.6,0.1,181416.0,180256.0,24.75
251.0,93.8,3300.0,1.59,1178.0,24912.0,132.0,0.1,181416.0,180256.0,24.75
252.0,100.0,3300.0,1.64,1079.0,24840.0,127.3,0.1,181416.0,180256.0,24.75
253.0,93.8,3300.0,1.64,1163.0,24840.0,131.8,0.1,181416.0,180256.0,24.75
254.0,100.0,3299.999,1.66,1172.0,24984.0,132.3,0.1,181416.0,180256.0,24.75
255.0,100.0,3300.0,1.65,1099.0,24840.0,121.9,0.1,181416.0,180256.0,24.75
256.0,100.0,3299.999,1.63,1063.0,24840.0,121.8,0.1,181416.0,180256.0,24.75
257.0,100.0,3300.0,1.67,1127.0,24768.0,124.8,0.1,181416.0,180256.0,24.75
258.0,100.0,3300.0,1.66,1123.0,25056.0,128.4,0.1,181416.0,180256.0,24.75
259.0,100.0,3300.0,1.63,1092.0,24840.0,125.9,0.1,181416.0,180256.0,24.75
260.0,100.0,3300.0,1.61,1114.0,24984.0,116.8,0.1,181416.0,180256.0,24.75
261.0,100.0,3299.999,1.62,1093.0,24768.0,125.2,0.1,181416.0,180256.0,24.75
262.0,100.0,3300.0,1.65,1171.0,24552.0,130.9,0.1,181416.0,180256.0,24.75
263.0,100.0,3300.0,1.66,1189.0,25056.0,126.6,0.1,181416.0,180256.0,24.75
264.0,100.0,3299.999,1.65,1150.0,25056.0,129.3,0.1,181416.0,180256.0,24.75
265.0,100.0,3300.0,1.63,1115.0,25056.0,121.2,0.1,181416.0,180256.0,24.75
266.0,100.0,3299.999,1.64,1164.0,24912.0,139.6,0.1,181416.0,180256.0,24.75
267.0,93.8,3300.0,1.65,1272.0,24840.0,135.4,0.1,181416.0,180256.0,24.75
268.0,100.0,3299.999,1.65,1121.0,24840.0,123.7,0.1,181416.0,180256.0,24.75
269.0,93.8,3300.0,1.65,1124.0,24912.0,118.2,0.1,181416.0,180256.0,24.75
270.0,93.8,3300.0,1.66,1162.0,24768.0,131.6,0.1,181416.0,180256.0,24.75
271.0,100.0,3299.999,1.64,1174.0,24840.0,129.8,0.1,181416.0,180256.0,24.75
272.0,100.0,3300.0,1.62,1112.0,24840.0,121.6,0.1,181416.0,180256.0,24.75
273.0,100.0,3299.999,1.61,1068.0,24984.0,124.6,0.1,181416.0,180256.0,24.75
274.0,100.0,3300.0,1.64,1178.0,25128.0,128.5,0.1,181416.0,180256.0,24.75
275.0,100.0,3300.0,1.65,1174.0,24552.0,132.2,0.1,181416.0,180256.0,24.75
276.0,100.0,3299.999,1.66,1121.0,25056.0,129.2,0.1,181416.0,180256.0,24.75
277.0,100.0,3299.999,1.63,1174.0,24984.0,138.5,0.1,181416.0,180256.0,24.75
278.0,100.0,3300.0,1.64,1173.0,24624.0,122.9,0.1,181416.0,180256.0,24.75
279.0,100.0,3300.0,1.6,1177.0,20880.0,132.5,0.1,181416.0,180256.0,24.75
280.0,100.0,3299.999,1.64,1183.0,24768.0,131.7,0.1,181416.0,180256.0,24.75
281.0,100.0,3299.999,1.64,1143.0,24984.0,125.8,0.1,181416.0,180256.0,24.75
282.0,100.0,3299.999,1.65,1175.0,24696.0,133.4,0.1,181416.0,180256.0,24.75
283.0,100.0,3300.0,1.62,1109.0,24768.0,123.2,0.1,181416.0,180256.0,24.75
284.0,100.0,3300.0,1.64,1137.0,24984.0,127.8,0.1,181416.0,180256.0,24.75
285.0,100.0,3299.999,1.64,1161.0,24336.0,123.7,0.1,181416.0,180256.0,24.75
286.0,100.0,3300.0,1.63,1101.0,24552.0,124.0,0.1,181416.0,180256.0,24.75
287.0,100.0,3300.0,1.6,1004.0,24912.0,116.5,0.1,181416.0,180256.0,24.75
288.0,93.8,3300.0,1.61,1003.0,24912.0,118.3,0.1,181416.0,180256.0,24.75
289.0,93.8,3299.999,1.61,1124.0,24696.0,125.9,0.1,181416.0,180256.0,24.75
290.0,100.0,3299.999,1.63,1127.0,24840.0,127.1,0.1,181416.0,180256.0,24.75
291.0,100.0,3300.0,1.63,1175.0,24552.0,134.5,0.1,181416.0,180256.0,24.75
292.0,93.8,3300.0,1.63,1105.0,24768.0,132.8,0.1,181416.0,180256.0,24.75
293.0,100.0,3299.999,1.6,1114.0,24624.0,124.0,0.1,181416.0,180256.0,24.75
294.0,100.0,3300.0,1.62,1147.0,24696.0,133.7,0.1,181416.0,180256.0,24.75
295.0,93.8,3299.999,1.62,1121.0,24624.0,132.6,0.1,181416.0,180256.0,24.75
296.0,100.0,3300.0,1.65,1122.0,24624.0,125.2,0.1,181416.0,180256.0,24.75
297.0,100.0,3300.0,1.63,1147.0,24696.0,127.0,0.1,181416.0,180256.0,24.75
298.0,100.0,3300.0,1.62,1184.0,24768.0,127.7,0.1,181416.0,180256.0,24.75
299.0,100.0,3299.999,1.64,1228.0,24696.0,136.6,0.1,181416.0,180256.0,24.75
