time,CPU_Utilization,Frequency,IPC,Misses,LLC,MBL,Memory_Footprint,Virt_Memory,Res_Memory,Allocated_Cache
0.0,100.0,3299.999,1.54,5.0,0.0,0.1,0.1,181016.0,179828.0,13.5
1.0,100.0,3299.999,1.5,1535.0,12672.0,162.3,0.1,181064.0,179828.0,13.5
2.0,100.0,3300.0,1.5,1687.0,12960.0,174.0,0.1,181096.0,180108.0,13.5
3.0,100.0,3300.0,1.51,1627.0,13032.0,181.5,0.1,181148.0,180108.0,13.5
4.0,100.0,3299.999,1.5,1643.0,13104.0,178.6,0.1,181148.0,180156.0,13.5
5.0,100.0,3300.0,1.51,1596.0,13392.0,179.4,0.1,181212.0,180156.0,13.5
6.0,100.0,3299.999,1.49,1733.0,13392.0,193.8,0.1,181212.0,180156.0,13.5
7.0,100.0,3299.999,1.51,1610.0,13176.0,173.5,0.1,181212.0,180156.0,13.5
8.0,100.0,3300.0,1.52,1558.0,13320.0,178.7,0.1,181212.0,180200.0,13.5
9.0,100.0,3299.999,1.51,1635.0,13464.0,183.2,0.1,181212.0,180200.0,13.5
10.0,93.8,3299.999,1.49,1708.0,13320.0,182.8,0.1,181212.0,180200.0,13.5
11.0,100.0,3300.0,1.52,1653.0,13680.0,177.0,0.1,181244.0,180200.0,13.5
12.0,100.0,3299.999,1.51,1735.0,13464.0,192.4,0.1,181244.0,180200.0,13.5
13.0,100.0,3299.999,1.54,1731.0,13320.0,187.9,0.1,181244.0,180200.0,13.5
14.0,100.0,3300.0,1.58,1600.0,12888.0,185.0,0.1,181292.0,180216.0,13.5
15.0,100.0,3300.0,1.6,1687.0,13320.0,179.7,0.1,181308.0,180216.0,13.5
16.0,100.0,3299.999,1.54,1603.0,12168.0,174.4,0.1,181308.0,180248.0,13.5
17.0,100.0,3299.999,1.45,1559.0,13536.0,170.2,0.1,181308.0,180248.0,13.5
18.0,100.0,3300.0,1.56,1629.0,12816.0,184.4,0.1,181340.0,180248.0,13.5
19.0,100.0,3299.999,1.67,1455.0,12168.0,156.2,0.1,181356.0,180248.0,13.5
20.0,100.0,3299.999,1.56,1613.0,12456.0,166.9,0.1,181356.0,180248.0,13.5
21.0,100.0,3300.0,1.51,1601.0,13608.0,176.5,0.1,181356.0,180248.0,13.5
22.0,100.0,3300.0,1.5,1586.0,13392.0,172.1,0.1,181356.0,180248.0,13.5
23.0,100.0,3300.0,1.5,1690.0,13248.0,185.3,0.1,181356.0,180248.0,13.5
24.0,100.0,3299.999,1.56,1595.0,13392.0,168.1,0.1,181356.0,180248.0,13.5
25.0,100.0,3300.0,1.59,1616.0,12456.0,171.1,0.1,181356.0,180248.0,13.5
26.0,100.0,3299.999,1.58,1588.0,12312.0,171.6,0.1,181356.0,180248.0,13.5
27.0,100.0,3300.0,1.57,1454.0,12744.0,158.5,0.1,181356.0,180248.0,13.5
28.0,100.0,3299.999,1.56,1453.0,12888.0,157.9,0.1,181356.0,180248.0,13.5
29.0,100.0,3299.999,1.51,1574.0,13680.0,183.0,0.1,181356.0,180248.0,13.5
30.0,100.0,3300.0,1.54,1644.0,13248.0,180.8,0.1,181356.0,180248.0,13.5
31.0,100.0,3299.999,1.51,1668.0,13176.0,191.2,0.1,181356.0,180248.0,13.5
32.0,100.0,3299.999,1.52,1631.0,13320.0,179.3,0.1,181356.0,180276.0,13.5
33.0,93.8,3299.999,1.49,1673.0,13536.0,184.0,0.1,181356.0,180276.0,13.5
34.0,100.0,3300.0,1.52,1634.0,13104.0,177.5,0.1,181356.0,180276.0,13.5
35.0,100.0,3300.0,1.52,1663.0,12888.0,175.9,0.1,181356.0,180276.0,13.5
36.0,100.0,3300.0,1.53,1614.0,13032.0,179.1,0.1,181356.0,180276.0,13.5
37.0,100.0,3300.0,1.54,1549.0,13464.0,171.7,0.1,181356.0,180276.0,13.5
38.0,100.0,3299.999,1.51,1684.0,13248.0,178.5,0.1,181360.0,180276.0,13.5
39.0,100.0,3299.999,1.58,1665.0,13536.0,179.9,0.1,181360.0,180276.0,13.5
