time,CPU_Utilization,Frequency,IPC,Misses,LLC,MBL,Memory_Footprint,Virt_Memory,Res_Memory,Allocated_Cache
0.0,100.0,3299.999,1.53,5.0,0.0,0.0,0.1,181016.0,179760.0,18.0
1.0,100.0,3299.999,1.5,1492.0,16704.0,146.6,0.1,181096.0,179760.0,18.0
2.0,100.0,3300.0,1.5,1613.0,16200.0,171.1,0.1,181096.0,179964.0,18.0
3.0,100.0,3300.0,1.52,1561.0,17064.0,165.2,0.1,181144.0,179964.0,18.0
4.0,100.0,3299.999,1.51,1577.0,16704.0,168.2,0.1,181144.0,179992.0,18.0
5.0,100.0,3299.999,1.52,1540.0,15840.0,165.9,0.1,181208.0,179992.0,18.0
6.0,100.0,3299.999,1.49,1688.0,16272.0,184.9,0.1,181208.0,179992.0,18.0
7.0,100.0,3300.0,1.52,1551.0,17064.0,168.3,0.1,181208.0,179992.0,18.0
8.0,100.0,3300.0,1.53,1489.0,17280.0,165.9,0.1,181208.0,180028.0,18.0
9.0,100.0,3299.999,1.52,1573.0,16200.0,166.7,0.1,181208.0,180028.0,18.0
10.0,100.0,3299.999,1.5,1643.0,17208.0,177.1,0.1,181208.0,180028.0,18.0
11.0,100.0,3299.999,1.52,1585.0,17064.0,179.2,0.1,181240.0,180028.0,18.0
12.0,100.0,3300.0,1.52,1659.0,17136.0,177.8,0.1,181240.0,180028.0,18.0
13.0,100.0,3299.999,1.54,1683.0,16920.0,182.0,0.1,181272.0,180028.0,18.0
14.0,100.0,3299.999,1.58,1540.0,16272.0,166.8,0.1,181308.0,180028.0,18.0
15.0,100.0,3299.999,1.61,1642.0,16776.0,175.1,0.1,181308.0,180028.0,18.0
16.0,100.0,3300.0,1.62,1630.0,15552.0,175.4,0.1,181308.0,180084.0,18.0
17.0,100.0,3299.999,1.56,1620.0,16416.0,172.3,0.1,181308.0,180084.0,18.0
18.0,100.0,3300.0,1.61,1526.0,15192.0,163.8,0.1,181356.0,180084.0,18.0
19.0,100.0,3299.999,1.62,1461.0,15912.0,155.8,0.1,181356.0,180084.0,18.0
20.0,93.8,3300.0,1.58,1548.0,14976.0,169.7,0.1,181356.0,180084.0,18.0
21.0,100.0,3299.999,1.5,1531.0,17064.0,162.5,0.1,181356.0,180084.0,18.0
22.0,100.0,3299.999,1.51,1513.0,16704.0,164.9,0.1,181356.0,180084.0,18.0
23.0,100.0,3300.0,1.52,1640.0,16200.0,173.2,0.1,181356.0,180084.0,18.0
24.0,100.0,3299.999,1.57,1558.0,16488.0,165.9,0.1,181356.0,180084.0,18.0
25.0,100.0,3300.0,1.59,1586.0,15696.0,163.3,0.1,181356.0,180084.0,18.0
26.0,100.0,3300.0,1.59,1482.0,15120.0,153.9,0.1,181356.0,180084.0,18.0
27.0,100.0,3299.999,1.57,1406.0,16128.0,159.5,0.1,181356.0,180084.0,18.0
28.0,100.0,3300.0,1.56,1406.0,16128.0,153.1,0.1,181356.0,180084.0,18.0
29.0,100.0,3299.999,1.5,1540.0,16488.0,166.6,0.1,181356.0,180084.0,18.0
30.0,93.8,3300.0,1.55,1604.0,15984.0,167.9,0.1,181356.0,180084.0,18.0
31.0,100.0,3299.999,1.51,1598.0,17136.0,166.7,0.1,181356.0,180084.0,18.0
32.0,100.0,3300.0,1.52,1583.0,16560.0,174.5,0.1,181356.0,180120.0,18.0
33.0,100.0,3299.999,1.51,1541.0,16776.0,162.6,0.1,181356.0,180120.0,18.0
34.0,93.8,3300.0,1.53,1557.0,17136.0,173.8,0.1,181356.0,180120.0,18.0
35.0,100.0,3299.999,1.53,1600.0,15552.0,166.2,0.1,181356.0,180120.0,18.0
36.0,100.0,3299.999,1.54,1528.0,15984.0,167.5,0.1,181356.0,180120.0,18.0
37.0,100.0,3299.999,1.52,1530.0,17280.0,168.1,0.1,181356.0,180120.0,18.0
38.0,100.0,3300.0,1.56,1610.0,16272.0,172.3,0.1,181356.0,180120.0,18.0
39.0,100.0,3299.999,1.55,1623.0,16056.0,170.7,0.1,181356.0,180120.0,18.0
