time,CPU_Utilization,Frequency,IPC,Misses,LLC,MBL,Memory_Footprint,Virt_Memory,Res_Memory,Allocated_Cache
0.0,100.0,3299.999,0.79,1.0,0.0,0.0,0.0,26772.0,19580.0,11.25
1.0,100.0,3300.0,1.13,1353.0,11448.0,173.3,0.0,87476.0,67068.0,11.25
2.0,100.0,3299.999,1.19,18989.0,11016.0,1542.2,0.0,108588.0,88088.0,11.25
3.0,100.0,3300.0,1.26,7271.0,9432.0,387.6,0.0,109476.0,88716.0,11.25
4.0,100.0,3299.999,1.18,8198.0,9936.0,537.8,0.0,109716.0,89044.0,11.25
5.0,100.0,3300.0,1.13,8571.0,9864.0,570.4,0.0,109932.0,89148.0,11.25
6.0,100.0,3299.999,1.06,9474.0,10080.0,605.7,0.0,110756.0,89688.0,11.25
7.0,100.0,3299.999,1.02,9374.0,10224.0,659.8,0.0,110996.0,89732.0,11.25
8.0,100.0,3300.0,0.91,10378.0,10584.0,874.9,0.0,111092.0,90056.0,11.25
9.0,100.0,3299.999,0.93,11061.0,10296.0,952.2,0.0,111212.0,90088.0,11.25
10.0,100.0,3300.0,0.92,11696.0,10728.0,1046.2,0.0,111332.0,90104.0,11.25
11.0,100.0,3300.0,0.72,10701.0,10368.0,861.0,0.0,111380.0,90172.0,11.25
12.0,100.0,3299.999,0.89,18462.0,10800.0,1478.8,0.0,111428.0,90200.0,11.25
13.0,100.0,3300.0,1.03,23751.0,10872.0,1898.6,0.0,111500.0,90204.0,11.25
14.0,100.0,3299.999,1.04,23444.0,11088.0,1936.8,0.0,111556.0,90212.0,11.25
15.0,100.0,3299.999,0.92,16754.0,10296.0,1518.8,0.0,111620.0,90220.0,11.25
16.0,100.0,3299.999,0.94,13294.0,10728.0,1101.2,0.0,111812.0,90240.0,11.25
17.0,100.0,3299.999,0.99,11185.0,10800.0,821.8,0.0,112028.0,90260.0,11.25
18.0,100.0,3300.0,0.95,11763.0,10584.0,811.5,0.0,112148.0,90272.0,11.25
19.0,100.0,3300.0,0.93,11562.0,10656.0,830.2,0.0,112228.0,90284.0,11.25
20.0,100.0,3299.999,1.0,23554.0,11232.0,1839.8,0.0,112292.0,90292.0,11.25
21.0,100.0,3300.0,1.01,27548.0,10224.0,2058.3,0.0,112340.0,90300.0,11.25
22.0,93.8,3299.999,1.0,26690.0,11016.0,2035.5,0.0,112388.0,90320.0,11.25
23.0,100.0,3299.999,0.99,25569.0,11016.0,1975.9,0.0,112444.0,90332.0,11.25
24.0,100.0,3300.0,1.0,24796.0,11016.0,1938.7,0.0,112468.0,90340.0,11.25
25.0,100.0,3299.999,0.99,27794.0,10728.0,2150.2,0.0,112508.0,90348.0,11.25
26.0,87.5,3299.999,0.99,25170.0,10728.0,1990.7,0.0,112556.0,90352.0,11.25
27.0,100.0,3300.0,0.98,25463.0,10656.0,1888.5,0.0,112604.0,90364.0,11.25
28.0,100.0,3299.999,0.98,27155.0,10800.0,2040.8,0.0,112652.0,90364.0,11.25
29.0,100.0,3299.999,0.99,27090.0,10944.0,2119.6,0.0,114220.0,90500.0,11.25
30.0,93.8,3300.0,0.99,26317.0,10656.0,2149.7,0.0,112748.0,90388.0,11.25
31.0,100.0,3299.999,0.99,24223.0,10944.0,1946.2,0.0,112780.0,90404.0,11.25
32.0,93.3,3300.0,0.99,23010.0,10656.0,1740.7,0.0,112820.0,90416.0,11.25
33.0,100.0,3299.999,0.99,26128.0,10656.0,1953.1,0.0,112876.0,90420.0,11.25
34.0,100.0,3299.999,0.98,24773.0,10800.0,1939.8,0.0,112924.0,90432.0,11.25
35.0,100.0,3300.0,0.98,23993.0,10656.0,1923.4,0.0,112964.0,90432.0,11.25
36.0,100.0,3300.0,0.98,25149.0,11304.0,1960.6,0.0,112996.0,90440.0,11.25
37.0,100.0,3300.0,0.99,23451.0,10728.0,1898.5,0.0,113036.0,90452.0,11.25
38.0,100.0,3300.0,1.0,21940.0,10872.0,1732.6,0.0,113084.0,90452.0,11.25
39.0,100.0,3300.013,1.0,22694.0,10728.0,1914.8,0.0,113092.0,90452.0,11.25
