time,CPU_Utilization,Frequency,IPC,Misses,LLC,MBL,Memory_Footprint,Virt_Memory,Res_Memory,Allocated_Cache
0.0,100.0,3300.0,0.74,0.0,0.0,0.0,0.0,26772.0,19892.0,15.75
1.0,100.0,3300.0,1.14,1060.0,15120.0,135.6,0.0,87476.0,67252.0,15.75
2.0,100.0,3299.999,1.27,14454.0,14688.0,1272.9,0.0,108592.0,89052.0,15.75
3.0,93.3,3299.999,1.3,2740.0,12312.0,98.6,0.0,109500.0,89856.0,15.75
4.0,100.0,3300.0,1.25,3152.0,13608.0,157.3,0.0,109748.0,90028.0,15.75
5.0,100.0,3300.0,1.2,3352.0,12312.0,196.0,0.0,109412.0,90696.0,15.75
6.0,100.0,3300.0,1.11,3818.0,14112.0,227.7,0.0,110860.0,90656.0,15.75
7.0,100.0,3300.0,1.08,4288.0,13536.0,249.5,0.0,111044.0,90748.0,15.75
8.0,100.0,3299.999,1.02,4892.0,12888.0,260.2,0.0,111148.0,91020.0,15.75
9.0,100.0,3299.999,1.02,5274.0,13680.0,312.6,0.0,111284.0,91068.0,15.75
10.0,100.0,3300.0,0.82,5396.0,14544.0,370.5,0.0,114396.0,91108.0,15.75
11.0,100.0,3300.0,0.99,8674.0,14904.0,554.8,0.0,111428.0,91144.0,15.75
12.0,100.0,3299.999,1.16,12259.0,14256.0,788.6,0.0,111484.0,91168.0,15.75
13.0,100.0,3300.0,1.16,12105.0,13824.0,792.8,0.0,111556.0,91176.0,15.75
14.0,93.3,3299.999,1.01,7807.0,14112.0,449.7,0.0,111648.0,91224.0,15.75
15.0,100.0,3299.999,1.04,6187.0,14184.0,298.3,0.0,111892.0,91204.0,15.75
16.0,100.0,3300.0,1.05,5309.0,14544.0,284.2,0.0,112084.0,91236.0,15.75
17.0,93.3,3300.0,1.04,5660.0,13536.0,251.2,0.0,112196.0,91236.0,15.75
18.0,93.8,3300.0,1.05,9156.0,14832.0,476.4,0.0,112268.0,91256.0,15.75
19.0,100.0,3300.0,1.11,15192.0,14184.0,757.1,0.0,112324.0,91264.0,15.75
20.0,100.0,3299.999,1.1,14688.0,14616.0,754.7,0.0,112372.0,91268.0,15.75
21.0,100.0,3300.0,1.09,14774.0,14688.0,860.3,0.0,112420.0,91296.0,15.75
22.0,100.0,3300.0,1.09,14364.0,14544.0,813.7,0.0,112464.0,91304.0,15.75
23.0,100.0,3300.0,1.09,15610.0,15480.0,781.5,0.0,112508.0,91312.0,15.75
24.0,100.0,3299.999,1.0,13900.0,14256.0,736.9,0.0,112556.0,91316.0,15.75
25.0,100.0,3299.999,1.03,14135.0,15048.0,731.6,0.0,112612.0,91328.0,15.75
26.0,100.0,3300.0,1.09,15193.0,14904.0,784.2,0.0,112660.0,91328.0,15.75
27.0,100.0,3300.0,1.09,15329.0,15048.0,744.5,0.0,112708.0,91344.0,15.75
28.0,100.0,3299.999,1.08,14380.0,14976.0,748.3,0.0,112756.0,91368.0,15.75
29.0,100.0,3300.0,1.09,13524.0,14472.0,773.9,0.0,112804.0,91368.0,15.75
30.0,100.0,3299.999,1.08,14547.0,15336.0,822.9,0.0,112844.0,91380.0,15.75
31.0,100.0,3299.999,1.09,14733.0,15336.0,870.5,0.0,112900.0,91388.0,15.75
32.0,100.0,3300.0,1.06,14721.0,14616.0,903.0,0.0,112964.0,91396.0,15.75
33.0,100.0,3299.999,1.08,14514.0,15408.0,856.4,0.0,112996.0,91548.0,15.75
34.0,93.8,3300.0,1.08,13868.0,14904.0,798.9,0.0,113036.0,91416.0,15.75
35.0,100.0,3299.999,1.08,12861.0,15408.0,724.1,0.0,113084.0,91416.0,15.75
36.0,100.0,3300.0,1.09,13025.0,14760.0,761.4,0.0,113092.0,91416.0,15.75
37.0,93.8,3299.999,1.11,9605.0,14400.0,615.4,0.0,113164.0,91416.0,15.75
38.0,93.8,3299.999,1.11,10812.0,15408.0,697.6,0.0,113204.0,91416.0,15.75
39.0,100.0,3300.0,1.07,10427.0,15192.0,688.3,0.0,113260.0,91416.0,15.75
