time,CPU_Utilization,Frequency,IPC,Misses,LLC,MBL,Memory_Footprint,Virt_Memory,Res_Memory,Allocated_Cache
0.0,100.0,3300.0,0.79,0.0,0.0,0.1,0.0,26772.0,19840.0,22.5
1.0,100.0,3299.999,1.14,796.0,21600.0,104.5,0.0,87476.0,66320.0,22.5
2.0,100.0,3299.999,1.32,9855.0,21240.0,1040.1,0.0,108624.0,87352.0,22.5
3.0,100.0,3300.0,1.32,742.0,14688.0,116.4,0.0,109524.0,88192.0,22.5
4.0,100.0,3300.0,1.27,892.0,16848.0,119.7,0.0,109772.0,88320.0,22.5
5.0,100.0,3299.999,1.23,975.0,17136.0,141.3,0.0,109440.0,88996.0,22.5
6.0,100.0,3299.999,1.14,1172.0,18144.0,140.1,0.0,110908.0,88952.0,22.5
7.0,100.0,3300.0,1.11,1267.0,17136.0,134.7,0.0,111068.0,89040.0,22.5
8.0,100.0,3300.0,1.06,1515.0,17496.0,124.7,0.0,111188.0,89332.0,22.5
9.0,100.0,3299.999,1.06,1712.0,18864.0,171.5,0.0,111316.0,89356.0,22.5
10.0,100.0,3300.0,1.06,2170.0,19440.0,185.3,0.0,111400.0,89464.0,22.5
11.0,93.3,3299.999,1.23,4172.0,19512.0,319.5,0.0,111460.0,89452.0,22.5
12.0,93.3,3300.0,1.25,4084.0,19944.0,293.4,0.0,111532.0,89464.0,22.5
13.0,100.0,3300.0,1.11,3311.0,19728.0,242.7,0.0,111620.0,89472.0,22.5
14.0,100.0,3300.0,1.09,2200.0,17784.0,169.5,0.0,111844.0,89492.0,22.5
15.0,100.0,3299.999,1.1,1896.0,19152.0,189.3,0.0,112076.0,89524.0,22.5
16.0,100.0,3299.999,1.08,1909.0,19440.0,168.8,0.0,112196.0,89524.0,22.5
17.0,100.0,3299.999,1.1,3349.0,20376.0,243.9,0.0,112268.0,89544.0,22.5
18.0,100.0,3300.0,1.21,5546.0,21024.0,466.5,0.0,112324.0,89552.0,22.5
19.0,100.0,3300.0,1.2,5214.0,20448.0,468.8,0.0,112388.0,89556.0,22.5
20.0,93.3,3299.999,1.17,5634.0,20736.0,505.5,0.0,112444.0,89588.0,22.5
21.0,100.0,3299.999,1.17,5837.0,20880.0,551.9,0.0,112484.0,89596.0,22.5
22.0,100.0,3300.0,1.17,6090.0,21456.0,497.5,0.0,112532.0,89604.0,22.5
23.0,100.0,3300.0,1.16,5771.0,20880.0,424.1,0.0,112588.0,89616.0,22.5
24.0,100.0,3299.999,0.9,5409.0,20232.0,396.8,0.0,112636.0,89616.0,22.5
25.0,100.0,3299.999,0.79,4899.0,21384.0,356.9,0.0,112660.0,89616.0,22.5
26.0,100.0,3299.999,1.09,5729.0,21168.0,409.1,0.0,112724.0,89640.0,22.5
27.0,93.3,3300.0,1.16,5797.0,21168.0,436.2,0.0,112772.0,89656.0,22.5
28.0,100.0,3299.999,1.16,5491.0,21096.0,401.4,0.0,112804.0,89668.0,22.5
29.0,100.0,3300.0,1.18,5991.0,20808.0,447.3,0.0,112876.0,89672.0,22.5
30.0,100.0,3299.999,1.15,6302.0,21240.0,447.4,0.0,112940.0,89684.0,22.5
31.0,100.0,3300.0,1.16,6138.0,20952.0,433.5,0.0,114492.0,90344.0,22.5
32.0,100.0,3299.999,1.16,6016.0,21168.0,428.7,0.0,113012.0,89704.0,22.5
33.0,100.0,3300.0,1.17,5471.0,20520.0,429.3,0.0,113084.0,89704.0,22.5
34.0,100.0,3299.999,1.17,5328.0,20520.0,432.1,0.0,113084.0,89704.0,22.5
35.0,100.0,3299.999,1.18,4202.0,20808.0,355.9,0.0,113156.0,89704.0,22.5
36.0,100.0,3300.0,1.2,4036.0,20376.0,320.7,0.0,113204.0,89704.0,22.5
37.0,100.0,3299.999,1.09,4325.0,20088.0,346.2,0.0,113252.0,89704.0,22.5
38.0,100.0,3299.999,1.01,2418.0,19656.0,190.2,0.0,113332.0,89708.0,22.5
39.0,93.3,3299.999,1.02,2989.0,20448.0,231.2,0.0,113396.0,89720.0,22.5
