time,CPU_Utilization,Frequency,IPC,Misses,LLC,MBL,Memory_Footprint,Virt_Memory,Res_Memory,Allocated_Cache
0.0,93.8,3299.999,0.96,1.0,0.0,0.1,0.0,14944.0,10304.0,24.75
1.0,100.0,3300.013,1.14,713.0,23328.0,111.7,0.0,87476.0,66980.0,24.75
2.0,100.0,3300.0,1.35,8037.0,24120.0,828.2,0.0,108632.0,88012.0,24.75
3.0,100.0,3299.999,1.32,680.0,23760.0,23.5,0.0,109532.0,88852.0,24.75
4.0,100.0,3300.0,1.27,649.0,23760.0,34.0,0.0,109780.0,88988.0,24.75
5.0,93.8,3299.999,1.23,597.0,23040.0,27.6,0.0,109444.0,89356.0,24.75
6.0,100.0,3300.0,1.15,655.0,23112.0,61.2,0.0,110924.0,89612.0,24.75
7.0,100.0,3299.999,1.11,638.0,23616.0,73.3,0.0,111068.0,89960.0,24.75
8.0,100.0,3300.0,1.07,704.0,23400.0,98.9,0.0,111196.0,89992.0,24.75
9.0,100.0,3300.0,1.07,815.0,23544.0,124.3,0.0,111340.0,90020.0,24.75
10.0,93.8,3299.999,1.08,1206.0,23976.0,176.8,0.0,111404.0,90092.0,24.75
11.0,93.8,3300.0,1.27,2121.0,23328.0,227.7,0.0,111476.0,90116.0,24.75
12.0,100.0,3300.0,1.28,2024.0,23832.0,249.6,0.0,111556.0,90124.0,24.75
13.0,100.0,3299.999,1.12,1529.0,23472.0,159.6,0.0,111652.0,90136.0,24.75
14.0,100.0,3300.0,1.11,1015.0,23616.0,88.2,0.0,111904.0,90208.0,24.75
15.0,100.0,3299.999,1.11,879.0,22968.0,77.6,0.0,112100.0,90184.0,24.75
16.0,100.0,3299.999,1.1,905.0,23688.0,90.4,0.0,112220.0,90184.0,24.75
17.0,100.0,3300.0,1.15,2191.0,23976.0,249.8,0.0,112276.0,90204.0,24.75
18.0,100.0,3299.999,1.24,2949.0,23688.0,313.5,0.0,112348.0,90212.0,24.75
19.0,100.0,3300.0,1.22,2838.0,23976.0,372.4,0.0,112396.0,90236.0,24.75
20.0,100.0,3299.999,1.19,3186.0,23760.0,366.3,0.0,112460.0,90252.0,24.75
21.0,100.0,3299.999,1.2,3357.0,23976.0,390.9,0.0,112492.0,90260.0,24.75
22.0,93.3,3300.0,1.19,3385.0,23688.0,435.2,0.0,112556.0,90264.0,24.75
23.0,100.0,3300.0,1.2,3210.0,24048.0,361.4,0.0,112612.0,90276.0,24.75
24.0,100.0,3300.0,1.21,3217.0,23256.0,390.4,0.0,112676.0,90276.0,24.75
25.0,100.0,3299.999,1.21,3282.0,23544.0,385.4,0.0,112732.0,90300.0,24.75
26.0,100.0,3300.0,1.19,3253.0,23904.0,320.3,0.0,112780.0,90316.0,24.75
27.0,100.0,3299.999,1.19,2944.0,23400.0,265.4,0.0,112820.0,90328.0,24.75
28.0,100.0,3299.999,1.21,3258.0,23976.0,319.4,0.0,112892.0,90336.0,24.75
29.0,100.0,3300.0,1.18,3402.0,23832.0,328.3,0.0,115984.0,91136.0,24.75
30.0,100.0,3299.999,1.19,3414.0,23688.0,293.9,0.0,112988.0,90348.0,24.75
31.0,93.8,3299.999,1.19,3248.0,23904.0,330.2,0.0,113036.0,90364.0,24.75
32.0,100.0,3299.999,1.2,2804.0,23832.0,244.9,0.0,113084.0,90364.0,24.75
33.0,87.5,3300.0,1.21,2861.0,23832.0,274.4,0.0,113108.0,90364.0,24.75
34.0,93.3,3299.999,1.22,2006.0,23544.0,224.2,0.0,113180.0,90364.0,24.75
35.0,100.0,3300.0,0.77,1715.0,23904.0,190.5,0.0,113204.0,90364.0,24.75
36.0,100.0,3300.0,1.18,2380.0,23832.0,260.6,0.0,113252.0,90364.0,24.75
37.0,100.0,3299.999,1.03,1211.0,23832.0,130.3,0.0,113332.0,90368.0,24.75
38.0,93.3,3299.999,1.04,1595.0,23904.0,193.9,0.0,113404.0,90380.0,24.75
39.0,100.0,3300.0,1.08,1885.0,23544.0,246.8,0.0,113488.0,90380.0,24.75
40.0,100.0,3300.0,1.03,1150.0,23616.0,171.1,0.0,113548.0,90380.0,24.75
41.0,93.8,3299.999,1.04,1436.0,23328.0,175.1,0.0,113596.0,90388.0,24.75
42.0,100.0,3299.999,1.11,2105.0,23688.0,212.9,0.0,113628.0,90388.0,24.75
43.0,100.0,3300.0,1.19,2428.0,24264.0,258.3,0.0,113668.0,90444.0,24.75
44.0,100.0,3300.0,1.13,2237.0,23976.0,219.5,0.0,113756.0,90444.0,24.75
45.0,100.0,3299.999,1.15,2183.0,23832.0,259.9,0.0,113764.0,90444.0,24.75
46.0,100.0,3299.999,1.07,1711.0,24120.0,193.9,0.0,113852.0,90444.0,24.75
47.0,100.0,3299.999,1.05,1375.0,23760.0,148.5,0.0,113900.0,90444.0,24.75
48.0,100.0,3300.0,1.19,2687.0,23400.0,308.7,0.0,113956.0,90444.0,24.75
49.0,100.0,3299.999,1.2,2824.0,24120.0,335.1,0.0,114068.0,90456.0,24.75
50.0,100.0,3299.999,1.2,3243.0,23544.0,385.0,0.0,114124.0,90476.0,24.75
51.0,100.0,3300.0,1.13,2240.0,22896.0,236.5,0.0,114196.0,90740.0,24.75
52.0,100.0,3299.999,1.09,1747.0,23112.0,168.3,0.0,114260.0,90496.0,24.75
53.0,100.0,3299.999,1.16,3129.0,23400.0,302.4,0.0,114284.0,90500.0,24.75
54.0,100.0,3299.999,1.2,4525.0,23544.0,491.2,0.0,114316.0,90500.0,24.75
55.0,93.3,3300.001,1.21,5118.0,23328.0,600.8,0.0,114332.0,90500.0,24.75
56.0,100.0,3300.0,1.19,5954.0,23328.0,689.8,0.0,114380.0,90584.0,24.75
57.0,100.0,3299.999,1.16,6790.0,23760.0,760.8,0.0,114436.0,90588.0,24.75
58.0,100.0,3299.999,1.16,6892.0,23472.0,767.6,0.0,114484.0,90592.0,24.75
59.0,100.0,3300.0,1.19,7067.0,24192.0,829.6,0.0,114532.0,90872.0,24.75
60.0,100.0,3299.999,1.19,7374.0,23904.0,858.1,0.0,114572.0,90900.0,24.75
61.0,100.0,3299.999,1.19,7395.0,24408.0,900.6,0.0,114596.0,90920.0,24.75
62.0,93.8,3300.0,1.15,7367.0,24048.0,774.3,0.0,114644.0,90920.0,24.75
63.0,93.8,3299.999,1.18,7387.0,23976.0,789.4,0.0,114676.0,90920.0,24.75
64.0,93.3,3299.999,1.19,7341.0,23832.0,818.2,0.0,114692.0,90924.0,24.75
65.0,100.0,3300.0,1.19,7489.0,23976.0,814.7,0.0,114700.0,90928.0,24.75
66.0,100.0,3299.999,1.16,7522.0,24048.0,784.0,0.0,114724.0,90928.0,24.75
67.0,100.0,3300.0,1.16,7629.0,23688.0,782.7,0.0,114748.0,90932.0,24.75
68.0,93.3,3299.999,1.2,7435.0,23976.0,822.6,0.0,114764.0,90932.0,24.75
69.0,100.0,3300.0,1.19,7626.0,24192.0,865.6,0.0,114788.0,90948.0,24.75
70.0,100.0,3300.0,1.17,7946.0,24192.0,870.7,0.0,114796.0,90948.0,24.75
71.0,93.8,3300.001,1.16,7853.0,23688.0,868.0,0.0,114796.0,90952.0,24.75
72.0,100.0,3299.999,1.16,7490.0,24264.0,802.3,0.0,114812.0,90952.0,24.75
73.0,93.8,3299.999,1.15,7580.0,24264.0,840.9,0.0,114828.0,90964.0,24.75
74.0,100.0,3300.0,1.15,6296.0,24696.0,651.5,0.0,114836.0,90964.0,24.75
75.0,100.0,3299.999,1.14,5899.0,23976.0,639.3,0.0,117896.0,91776.0,24.75
76.0,100.0,3299.999,1.17,3966.0,23904.0,479.9,0.0,114868.0,90964.0,24.75
77.0,100.0,3300.0,1.17,4694.0,24480.0,516.7,0.0,114892.0,90976.0,24.75
78.0,100.0,3300.0,1.16,6895.0,23976.0,743.3,0.0,114892.0,90976.0,24.75
79.0,100.0,3299.999,1.16,6701.0,24192.0,751.4,0.0,114908.0,90980.0,24.75
80.0,100.0,3299.999,1.15,8231.0,24552.0,865.0,0.0,114916.0,90988.0,24.75
81.0,100.0,3300.0,1.16,7824.0,23760.0,853.2,0.0,114916.0,90988.0,24.75
82.0,93.3,3300.0,1.17,7676.0,24408.0,828.5,0.0,114916.0,90988.0,24.75
83.0,93.8,3300.0,1.17,7514.0,24048.0,806.3,0.0,114916.0,90996.0,24.75
84.0,100.0,3299.999,1.16,5624.0,24192.0,623.2,0.0,114932.0,90996.0,24.75
85.0,100.0,3300.0,1.16,6052.0,24048.0,631.6,0.0,117972.0,92052.0,24.75
86.0,100.0,3300.0,1.17,5272.0,23616.0,572.5,0.0,117980.0,90996.0,24.75
87.0,100.0,3299.999,1.15,6463.0,24480.0,664.2,0.0,114940.0,90996.0,24.75
88.0,100.0,3299.999,1.14,7889.0,24264.0,772.1,0.0,114956.0,90996.0,24.75
89.0,93.3,3300.0,1.14,7682.0,24192.0,804.1,0.0,114956.0,90996.0,24.75
90.0,100.0,3300.0,1.14,7747.0,24192.0,783.8,0.0,114956.0,91000.0,24.75
91.0,100.0,3300.0,1.15,7744.0,24480.0,798.1,0.0,114964.0,91000.0,24.75
92.0,100.0,3299.999,1.14,7571.0,24336.0,795.0,0.0,114988.0,91000.0,24.75
93.0,100.0,3300.0,1.16,6814.0,23832.0,715.9,0.0,115004.0,91020.0,24.75
94.0,100.0,3299.999,1.14,7445.0,24120.0,792.9,0.0,115012.0,91020.0,24.75
95.0,100.0,3300.0,1.14,7649.0,24408.0,781.2,0.0,115012.0,91020.0,24.75
96.0,100.0,3299.999,1.12,8150.0,24048.0,842.8,0.0,115036.0,91020.0,24.75
97.0,100.0,3300.0,1.13,8409.0,23760.0,863.4,0.0,115036.0,91020.0,24.75
98.0,100.0,3299.999,1.13,7984.0,24048.0,816.3,0.0,115036.0,91020.0,24.75
99.0,100.0,3300.0,1.15,7692.0,23976.0,777.6,0.0,115036.0,91020.0,24.75
100.0,100.0,3299.999,1.14,7340.0,24264.0,789.8,0.0,115036.0,91020.0,24.75
101.0,100.0,3300.0,1.15,7370.0,24192.0,808.7,0.0,115036.0,91020.0,24.75
102.0,100.0,3300.0,1.15,7094.0,23904.0,776.7,0.0,115076.0,91020.0,24.75
103.0,93.8,3299.999,1.16,6722.0,24336.0,758.2,0.0,115100.0,91020.0,24.75
104.0,100.0,3300.0,1.17,6619.0,23976.0,752.5,0.0,115124.0,91020.0,24.75
105.0,100.0,3300.0,0.76,4529.0,23904.0,503.1,0.0,115132.0,91020.0,24.75
106.0,100.0,3300.0,0.85,4817.0,24192.0,527.8,0.0,115156.0,91020.0,24.75
107.0,93.8,3299.999,1.18,5509.0,24408.0,591.4,0.0,115180.0,91020.0,24.75
108.0,93.8,3299.999,1.18,6283.0,24336.0,703.8,0.0,115196.0,91020.0,24.75
109.0,93.3,3300.0,1.17,6788.0,24336.0,781.5,0.0,115204.0,91020.0,24.75
110.0,100.0,3300.0,1.17,6580.0,23688.0,736.3,0.0,115220.0,91020.0,24.75
111.0,100.0,3299.999,1.18,6136.0,23328.0,622.2,0.0,115276.0,91156.0,24.75
112.0,100.0,3299.999,1.16,6888.0,23832.0,683.8,0.0,115276.0,91024.0,24.75
113.0,100.0,3300.0,1.15,7156.0,23688.0,656.2,0.0,115300.0,91024.0,24.75
114.0,100.0,3299.999,1.16,5818.0,23904.0,560.5,0.0,115316.0,91024.0,24.75
115.0,100.0,3300.001,1.16,5556.0,24120.0,565.3,0.0,115340.0,91036.0,24.75
116.0,100.0,3300.0,1.16,5508.0,24264.0,533.9,0.0,118404.0,91564.0,24.75
117.0,100.0,3300.0,1.17,4570.0,24048.0,410.1,0.0,115436.0,91036.0,24.75
118.0,100.0,3299.999,1.2,3857.0,24120.0,327.9,0.0,115468.0,91056.0,24.75
119.0,100.0,3299.999,1.19,3871.0,23688.0,368.4,0.0,115484.0,91068.0,24.75
120.0,100.0,3300.0,1.19,4637.0,23904.0,434.7,0.0,115484.0,91068.0,24.75
121.0,100.0,3299.999,1.16,4842.0,24336.0,459.8,0.0,115532.0,91068.0,24.75
122.0,87.5,3300.0,1.18,4725.0,24192.0,499.9,0.0,115580.0,91068.0,24.75
123.0,93.3,3299.999,1.14,5194.0,24120.0,470.3,0.0,115604.0,91068.0,24.75
124.0,100.0,3299.999,1.15,4880.0,23904.0,464.7,0.0,115652.0,91068.0,24.75
125.0,100.0,3300.0,1.14,3671.0,24264.0,368.4,0.0,115676.0,91068.0,24.75
126.0,100.0,3299.999,1.15,3534.0,24048.0,354.0,0.0,115684.0,91068.0,24.75
127.0,100.0,3300.0,1.17,2853.0,23832.0,273.8,0.0,115708.0,91068.0,24.75
128.0,100.0,3299.999,1.19,3075.0,24120.0,296.5,0.0,115732.0,91068.0,24.75
