time,CPU_Utilization,Frequency,IPC,Misses,LLC,MBL,Memory_Footprint,Virt_Memory,Res_Memory,Allocated_Cache
0.0,93.3,3300.0,0.8,0.0,0.0,0.0,0.0,27544.0,19952.0,9.0
1.0,100.0,3299.999,1.12,1628.0,9576.0,209.7,0.0,87476.0,65620.0,9.0
2.0,100.0,3300.0,1.14,21911.0,7704.0,1765.1,0.0,108544.0,87944.0,9.0
3.0,100.0,3299.999,1.21,11653.0,8568.0,746.5,0.0,109004.0,88312.0,9.0
4.0,100.0,3299.999,1.13,12549.0,8568.0,725.6,0.0,109668.0,88888.0,9.0
5.0,100.0,3300.0,1.09,12836.0,8496.0,646.2,0.0,109876.0,88976.0,9.0
6.0,100.0,3300.0,1.01,13520.0,8424.0,721.6,0.0,110660.0,89528.0,9.0
7.0,100.0,3299.999,0.99,13430.0,8280.0,688.8,0.0,110932.0,89584.0,9.0
8.0,100.0,3299.999,0.9,14919.0,8712.0,785.4,0.0,111052.0,89920.0,9.0
9.0,93.8,3300.0,0.87,15389.0,8208.0,772.5,0.0,111148.0,89928.0,9.0
10.0,100.0,3299.999,0.87,16073.0,8640.0,858.9,0.0,111268.0,89972.0,9.0
11.0,100.0,3300.0,0.86,16103.0,8136.0,986.9,0.0,111356.0,90016.0,9.0
12.0,100.0,3299.999,0.88,21942.0,8928.0,1204.3,0.0,111412.0,90052.0,9.0
13.0,100.0,3300.0,0.97,31065.0,8352.0,1619.1,0.0,111460.0,90072.0,9.0
14.0,100.0,3299.999,0.98,30898.0,8280.0,1553.5,0.0,111524.0,90076.0,9.0
15.0,100.0,3300.0,0.92,25702.0,8640.0,1374.0,0.0,111580.0,90092.0,9.0
16.0,100.0,3299.999,0.84,20729.0,8352.0,1017.8,0.0,111700.0,90104.0,9.0
17.0,100.0,3299.999,0.91,16052.0,7920.0,905.7,0.0,111892.0,90112.0,9.0
18.0,100.0,3299.999,0.91,15355.0,8640.0,901.2,0.0,112080.0,90212.0,9.0
19.0,93.3,3300.0,0.9,15466.0,8568.0,919.5,0.0,112172.0,90144.0,9.0
20.0,100.0,3300.0,0.78,15056.0,8496.0,822.1,0.0,112228.0,90156.0,9.0
21.0,100.0,3299.999,0.96,31956.0,9144.0,1849.9,0.0,112292.0,90164.0,9.0
22.0,100.0,3300.0,0.95,35118.0,8928.0,2004.7,0.0,112340.0,90172.0,9.0
23.0,100.0,3300.0,0.94,33624.0,9216.0,1830.7,0.0,112388.0,90176.0,9.0
24.0,100.0,3299.999,0.94,32042.0,8928.0,1940.1,0.0,112420.0,90204.0,9.0
25.0,100.0,3299.999,0.95,30380.0,8928.0,1827.9,0.0,112460.0,90212.0,9.0
26.0,100.0,3300.0,0.94,35435.0,8856.0,2091.5,0.0,112492.0,90220.0,9.0
27.0,100.0,3299.999,0.93,31623.0,8496.0,1983.9,0.0,112540.0,90224.0,9.0
28.0,100.0,3300.0,0.93,30696.0,8640.0,1870.9,0.0,112588.0,90236.0,9.0
29.0,100.0,3300.0,0.93,33979.0,8712.0,1921.4,0.0,112628.0,90236.0,9.0
30.0,100.0,3299.999,0.93,33853.0,9216.0,1910.4,0.0,112676.0,90236.0,9.0
31.0,100.0,3299.999,0.94,34167.0,8640.0,1960.0,0.0,112724.0,90260.0,9.0
32.0,100.0,3300.0,0.94,30260.0,8856.0,1889.6,0.0,112756.0,90276.0,9.0
33.0,93.3,3300.0,0.94,29474.0,8784.0,1824.7,0.0,112796.0,90276.0,9.0
34.0,93.3,3299.999,0.94,30355.0,8496.0,1878.5,0.0,112828.0,90288.0,9.0
35.0,100.0,3299.999,0.94,32659.0,8352.0,2018.5,0.0,112892.0,90296.0,9.0
36.0,93.3,3299.999,0.93,30818.0,8784.0,1984.1,0.0,112940.0,90304.0,9.0
37.0,100.0,3299.999,0.93,29860.0,8640.0,1898.5,0.0,112972.0,90304.0,9.0
38.0,100.0,3300.0,0.93,30780.0,8784.0,1947.0,0.0,112996.0,90312.0,9.0
39.0,100.0,3300.0,0.95,29052.0,8424.0,1854.7,0.0,113044.0,90324.0,9.0
