time,CPU_Utilization,Frequency,IPC,Misses,LLC,MBL,Memory_Footprint,Virt_Memory,Res_Memory,Allocated_Cache
0.0,100.0,3299.999,1.0,1.0,0.0,0.0,0.0,26176.0,19040.0,13.5
1.0,93.8,3300.0,1.13,1142.0,13752.0,142.4,0.0,87476.0,66824.0,13.5
2.0,100.0,3299.999,1.24,16452.0,12960.0,1371.0,0.0,108592.0,88108.0,13.5
3.0,100.0,3300.0,1.29,4182.0,10872.0,557.2,0.0,109492.0,88908.0,13.5
4.0,100.0,3299.999,1.14,4572.0,11016.0,628.6,0.0,109700.0,89056.0,13.5
5.0,100.0,3300.0,1.08,4913.0,11520.0,600.7,0.0,109924.0,89168.0,13.5
6.0,93.3,3300.0,1.1,5897.0,11736.0,765.1,0.0,110764.0,89708.0,13.5
7.0,100.0,3299.999,1.08,6021.0,12024.0,723.4,0.0,110996.0,89752.0,13.5
8.0,100.0,3299.999,0.86,6569.0,11952.0,630.2,0.0,111100.0,90076.0,13.5
9.0,100.0,3299.999,0.99,7315.0,11736.0,631.2,0.0,111220.0,90108.0,13.5
10.0,100.0,3299.999,0.96,7856.0,11880.0,709.7,0.0,111340.0,90160.0,13.5
11.0,100.0,3299.999,0.98,10210.0,12384.0,943.5,0.0,111404.0,90200.0,13.5
12.0,93.8,3299.999,1.09,17629.0,12528.0,1315.6,0.0,111460.0,90220.0,13.5
13.0,100.0,3300.0,1.1,17454.0,13320.0,1190.2,0.0,111532.0,90224.0,13.5
14.0,100.0,3299.999,1.02,13870.0,13104.0,1024.3,0.0,111596.0,90240.0,13.5
15.0,100.0,3299.999,0.98,9885.0,12384.0,863.9,0.0,111764.0,90252.0,13.5
16.0,100.0,3300.0,1.03,8036.0,11952.0,876.6,0.0,111988.0,90280.0,13.5
17.0,100.0,3300.0,1.01,8211.0,12240.0,730.1,0.0,112132.0,90292.0,13.5
18.0,100.0,3300.0,0.93,7950.0,12456.0,756.5,0.0,112228.0,90296.0,13.5
19.0,93.3,3299.999,0.97,15698.0,12384.0,1065.9,0.0,112276.0,90312.0,13.5
20.0,93.8,3299.999,1.06,21271.0,12888.0,1306.5,0.0,112340.0,90320.0,13.5
21.0,100.0,3300.0,1.05,20320.0,13104.0,1274.8,0.0,112388.0,90324.0,13.5
22.0,93.3,3300.0,1.04,20013.0,12456.0,1282.6,0.0,112444.0,90352.0,13.5
23.0,93.3,3300.0,1.04,19612.0,12744.0,1210.9,0.0,112468.0,90360.0,13.5
24.0,100.0,3300.0,1.04,21308.0,12744.0,1415.7,0.0,112508.0,90368.0,13.5
25.0,100.0,3300.0,1.03,19530.0,13032.0,1255.4,0.0,112564.0,90372.0,13.5
26.0,100.0,3299.999,1.04,20104.0,12672.0,1319.9,0.0,112612.0,90384.0,13.5
27.0,93.8,3300.0,1.04,20891.0,12672.0,1424.3,0.0,112660.0,90384.0,13.5
28.0,100.0,3299.999,0.89,18389.0,12744.0,1214.5,0.0,112708.0,90400.0,13.5
29.0,100.0,3299.999,1.04,19868.0,12456.0,1306.3,0.0,112748.0,90424.0,13.5
30.0,100.0,3300.0,1.04,18789.0,13248.0,1309.0,0.0,112796.0,90424.0,13.5
31.0,100.0,3300.0,1.04,18350.0,13104.0,1268.2,0.0,112828.0,90436.0,13.5
32.0,93.3,3300.0,1.04,20594.0,13248.0,1400.8,0.0,112900.0,90444.0,13.5
33.0,100.0,3300.0,1.03,19568.0,13032.0,1216.2,0.0,112940.0,90452.0,13.5
34.0,100.0,3299.999,1.03,19475.0,12960.0,1265.1,0.0,112988.0,90456.0,13.5
35.0,100.0,3300.0,1.04,18650.0,12960.0,1292.9,0.0,113012.0,90472.0,13.5
36.0,93.8,3300.0,0.93,16222.0,12672.0,1092.7,0.0,113068.0,90472.0,13.5
37.0,93.8,3299.999,1.05,17080.0,13104.0,1197.1,0.0,113084.0,90472.0,13.5
38.0,93.3,3299.999,1.06,15947.0,12528.0,1137.2,0.0,113116.0,90472.0,13.5
39.0,100.0,3300.0,1.09,13611.0,12528.0,1107.5,0.0,113180.0,90472.0,13.5
