time,CPU_Utilization,Frequency,IPC,Misses,LLC,MBL,Memory_Footprint,Virt_Memory,Res_Memory,Allocated_Cache
0.0,100.0,3300.0,0.88,1.0,0.0,0.0,0.0,25048.0,18212.0,4.5
1.0,100.0,3300.014,1.07,3145.0,4608.0,295.7,0.0,84632.0,63884.0,4.5
2.0,100.0,3300.0,1.04,27718.0,4320.0,2499.8,0.0,108488.0,87320.0,4.5
3.0,100.0,3299.999,1.06,24393.0,4392.0,2627.3,0.0,108792.0,87428.0,4.5
4.0,100.0,3300.0,0.98,24496.0,4536.0,2534.6,0.0,109572.0,88220.0,4.5
5.0,93.8,3300.0,0.89,22957.0,3816.0,2313.5,0.0,109740.0,88328.0,4.5
6.0,100.0,3299.999,0.86,23022.0,3672.0,2290.1,0.0,109908.0,88408.0,4.5
7.0,100.0,3300.0,0.84,25357.0,4392.0,2592.6,0.0,110660.0,88924.0,4.5
8.0,100.0,3299.999,0.83,24799.0,4536.0,2479.9,0.0,110908.0,88968.0,4.5
9.0,100.0,3300.0,0.77,26481.0,4320.0,2537.4,0.0,111020.0,89048.0,4.5
10.0,100.0,3300.0,0.7,27454.0,4104.0,2502.1,0.0,111100.0,89324.0,4.5
11.0,100.0,3299.999,0.7,27335.0,3960.0,2542.9,0.0,111196.0,89348.0,4.5
12.0,100.0,3300.0,0.71,28971.0,3960.0,2651.1,0.0,111284.0,89372.0,4.5
13.0,100.0,3299.999,0.71,27414.0,4392.0,2511.5,0.0,111340.0,89412.0,4.5
14.0,100.0,3299.999,0.71,31970.0,3672.0,2871.6,0.0,111404.0,89448.0,4.5
15.0,93.3,3299.999,0.84,47662.0,4392.0,4152.3,0.0,111452.0,89468.0,4.5
16.0,100.0,3299.999,0.84,48024.0,4104.0,4160.6,0.0,111500.0,89472.0,4.5
17.0,100.0,3300.0,0.85,47361.0,4176.0,4055.0,0.0,111548.0,89480.0,4.5
18.0,100.0,3300.0,0.71,36450.0,4248.0,2904.5,0.0,111596.0,89488.0,4.5
19.0,100.0,3300.0,0.69,33389.0,4104.0,2400.8,0.0,111700.0,89500.0,4.5
20.0,100.0,3299.999,0.76,27709.0,4536.0,2387.3,0.0,111860.0,89508.0,4.5
21.0,100.0,3299.999,0.78,25845.0,4104.0,2314.5,0.0,112012.0,89528.0,4.5
22.0,100.0,3300.0,0.76,27281.0,3600.0,2317.7,0.0,112124.0,89540.0,4.5
23.0,100.0,3300.0,0.73,25955.0,4392.0,2306.0,0.0,112204.0,89540.0,4.5
24.0,100.0,3299.999,0.77,34183.0,4536.0,2918.0,0.0,112252.0,89556.0,4.5
25.0,93.3,3299.999,0.85,51372.0,4536.0,4130.2,0.0,112300.0,89560.0,4.5
26.0,93.3,3300.0,0.84,52506.0,4176.0,4188.7,0.0,112348.0,89568.0,4.5
27.0,100.0,3299.999,0.84,50921.0,4104.0,4092.0,0.0,112388.0,89572.0,4.5
28.0,100.0,3299.999,0.84,47748.0,4824.0,3996.8,0.0,112412.0,89592.0,4.5
29.0,100.0,3300.0,0.75,39170.0,4536.0,3413.0,0.0,112460.0,89608.0,4.5
30.0,100.0,3299.999,0.84,51473.0,4536.0,4286.9,0.0,112484.0,89612.0,4.5
31.0,100.0,3299.999,0.85,48843.0,4608.0,4027.5,0.0,112516.0,89616.0,4.5
32.0,100.0,3299.999,0.84,46242.0,4104.0,4059.1,0.0,112556.0,89620.0,4.5
33.0,100.0,3300.0,0.58,34369.0,4680.0,2907.7,0.0,115620.0,89896.0,4.5
34.0,100.0,3300.0,0.77,46773.0,4392.0,3772.8,0.0,112628.0,89632.0,4.5
35.0,100.0,3299.999,0.83,50227.0,4032.0,4088.0,0.0,112660.0,89632.0,4.5
36.0,100.0,3300.0,0.83,50016.0,4608.0,3984.2,0.0,112708.0,89648.0,4.5
37.0,100.0,3299.999,0.83,47799.0,4248.0,3930.0,0.0,112748.0,89656.0,4.5
38.0,100.0,3300.0,0.83,44495.0,4752.0,3837.1,0.0,112772.0,89672.0,4.5
39.0,93.3,3300.0,0.83,40891.0,3960.0,3535.2,0.0,112804.0,89672.0,4.5
