time,CPU_Utilization,Frequency,IPC,Misses,LLC,MBL,Memory_Footprint,Virt_Memory,Res_Memory,Allocated_Cache
0.0,100.0,3299.999,1.03,1.0,0.0,0.0,0.0,25048.0,18236.0,18.0
1.0,100.0,3300.0,1.11,792.0,17928.0,109.4,0.0,87476.0,67032.0,18.0
2.0,100.0,3300.0,1.3,12703.0,17280.0,999.1,0.0,108632.0,88068.0,18.0
3.0,100.0,3299.999,1.31,1812.0,12456.0,30.0,0.0,109532.0,88904.0,18.0
4.0,100.0,3299.999,1.25,2175.0,13752.0,63.0,0.0,109772.0,89036.0,18.0
5.0,100.0,3300.0,1.21,2332.0,13248.0,78.9,0.0,109440.0,89708.0,18.0
6.0,100.0,3300.0,1.13,2725.0,13896.0,124.2,0.0,110908.0,89664.0,18.0
7.0,100.0,3300.0,1.1,2900.0,13176.0,184.5,0.0,111052.0,90012.0,18.0
8.0,100.0,3300.0,1.04,3339.0,14472.0,275.8,0.0,111188.0,90024.0,18.0
9.0,100.0,3299.999,1.04,3592.0,14760.0,268.2,0.0,111308.0,90068.0,18.0
10.0,100.0,3299.999,1.03,4263.0,15120.0,290.8,0.0,111388.0,90144.0,18.0
11.0,100.0,3299.999,1.15,7752.0,15480.0,602.4,0.0,111460.0,90164.0,18.0
12.0,100.0,3299.999,1.2,8670.0,15624.0,669.9,0.0,111528.0,90204.0,18.0
13.0,100.0,3300.0,1.13,7239.0,16200.0,530.9,0.0,111604.0,90184.0,18.0
14.0,100.0,3300.0,1.05,4922.0,15840.0,332.5,0.0,111788.0,90196.0,18.0
15.0,87.5,3299.999,1.09,3914.0,13824.0,248.2,0.0,112028.0,90224.0,18.0
16.0,100.0,3299.999,1.06,4083.0,15264.0,255.1,0.0,112156.0,90236.0,18.0
17.0,100.0,3300.0,1.03,4215.0,15912.0,199.2,0.0,112244.0,90248.0,18.0
18.0,100.0,3300.0,1.01,9647.0,16704.0,701.5,0.0,112300.0,90256.0,18.0
19.0,100.0,3299.999,1.15,11282.0,16632.0,784.8,0.0,112364.0,90264.0,18.0
20.0,100.0,3299.999,1.14,11064.0,16056.0,726.3,0.0,112412.0,90288.0,18.0
21.0,100.0,3300.0,1.11,11044.0,16848.0,810.4,0.0,112460.0,90304.0,18.0
22.0,100.0,3300.0,1.12,11733.0,16560.0,939.5,0.0,112492.0,90312.0,18.0
23.0,100.0,3299.999,1.11,11557.0,16920.0,855.0,0.0,112548.0,90316.0,18.0
24.0,100.0,3299.999,1.12,11011.0,16704.0,813.4,0.0,112604.0,90328.0,18.0
25.0,93.8,3300.0,1.12,11665.0,16992.0,816.9,0.0,112660.0,90328.0,18.0
26.0,93.8,3299.999,0.84,9296.0,16560.0,659.2,0.0,112700.0,90344.0,18.0
27.0,100.0,3300.0,0.98,10494.0,16560.0,778.6,0.0,112748.0,90352.0,18.0
28.0,87.5,3299.999,1.11,10950.0,16776.0,765.8,0.0,112796.0,90368.0,18.0
29.0,100.0,3300.0,1.12,10250.0,16416.0,776.7,0.0,112828.0,90380.0,18.0
30.0,100.0,3300.0,1.11,11488.0,16272.0,901.4,0.0,112900.0,90388.0,18.0
31.0,100.0,3299.999,1.02,10868.0,16632.0,829.5,0.0,112940.0,90396.0,18.0
32.0,93.3,3299.999,0.96,10063.0,16488.0,740.8,0.0,112972.0,90400.0,18.0
33.0,100.0,3300.0,1.11,11321.0,16200.0,814.4,0.0,113012.0,90416.0,18.0
34.0,100.0,3300.0,1.12,10477.0,16272.0,792.6,0.0,113084.0,90416.0,18.0
35.0,100.0,3299.999,1.11,9922.0,16704.0,709.2,0.0,113084.0,90416.0,18.0
36.0,100.0,3299.999,1.12,8522.0,16344.0,619.7,0.0,113140.0,90416.0,18.0
37.0,100.0,3300.0,1.16,7783.0,16200.0,450.8,0.0,113188.0,90416.0,18.0
38.0,100.0,3300.0,1.13,8539.0,16344.0,519.2,0.0,113236.0,90416.0,18.0
39.0,93.3,3300.0,1.01,5606.0,15192.0,319.8,0.0,113324.0,90420.0,18.0
