time,CPU_Utilization,Frequency,IPC,Misses,LLC,MBL,Memory_Footprint,Virt_Memory,Res_Memory,Allocated_Cache
0.0,93.3,3300.0,0.78,0.0,0.0,0.0,0.0,24404.0,18064.0,2.25
1.0,100.0,3300.0,0.94,6448.0,2160.0,431.6,0.0,82264.0,61648.0,2.25
2.0,100.0,3299.999,1.02,28996.0,2232.0,2339.9,0.0,108464.0,89064.0,2.25
3.0,100.0,3299.985,1.0,34260.0,2232.0,4025.0,0.0,108736.0,89160.0,2.25
4.0,100.0,3300.0,0.92,32910.0,1872.0,3891.9,0.0,109500.0,89916.0,2.25
5.0,100.0,3300.0,0.79,29780.0,1872.0,3517.8,0.0,109676.0,90040.0,2.25
6.0,100.0,3300.0,0.84,32777.0,2088.0,3737.9,0.0,109844.0,90116.0,2.25
7.0,100.0,3299.999,0.81,32219.0,1944.0,3728.5,0.0,109428.0,90760.0,2.25
8.0,100.0,3300.0,0.73,34521.0,2304.0,3625.9,0.0,110752.0,90952.0,2.25
9.0,100.0,3299.999,0.74,33295.0,2448.0,3341.7,0.0,110948.0,90740.0,2.25
10.0,100.0,3299.999,0.65,35174.0,2088.0,3246.6,0.0,111028.0,90804.0,2.25
11.0,100.0,3300.0,0.6,35839.0,2160.0,3157.8,0.0,111100.0,91080.0,2.25
12.0,100.0,3299.999,0.59,35263.0,2160.0,2950.5,0.0,111164.0,91080.0,2.25
13.0,100.0,3300.0,0.56,36144.0,2304.0,2960.9,0.0,111244.0,91124.0,2.25
14.0,100.0,3299.999,0.6,35704.0,2016.0,2749.5,0.0,111316.0,91128.0,2.25
15.0,100.0,3300.0,0.63,37117.0,2160.0,2952.1,0.0,111364.0,91168.0,2.25
16.0,100.0,3300.0,0.67,46239.0,2304.0,3428.6,0.0,111412.0,91204.0,2.25
17.0,100.0,3299.999,0.78,59533.0,2232.0,4339.3,0.0,111452.0,91224.0,2.25
18.0,100.0,3299.999,0.78,59920.0,1944.0,4357.3,0.0,111500.0,91228.0,2.25
19.0,100.0,3300.0,0.79,58873.0,2016.0,4280.2,0.0,111548.0,91236.0,2.25
20.0,100.0,3300.0,0.63,45343.0,1656.0,3460.9,0.0,111580.0,91244.0,2.25
21.0,100.0,3299.999,0.6,43846.0,2232.0,3372.6,0.0,111668.0,91248.0,2.25
22.0,100.0,3299.999,0.65,38027.0,2376.0,3416.1,0.0,111796.0,91256.0,2.25
23.0,100.0,3300.0,0.62,30719.0,2304.0,2978.9,0.0,111932.0,91268.0,2.25
24.0,100.0,3299.999,0.61,31719.0,2160.0,2998.6,0.0,112036.0,91296.0,2.25
25.0,100.0,3300.0,0.58,30938.0,2160.0,2847.3,0.0,112124.0,91296.0,2.25
26.0,100.0,3300.0,0.65,33357.0,2448.0,3119.8,0.0,112196.0,91296.0,2.25
27.0,100.0,3299.999,0.56,32599.0,2592.0,2930.4,0.0,112228.0,91308.0,2.25
28.0,100.0,3300.0,0.7,52829.0,2232.0,3974.3,0.0,112276.0,91316.0,2.25
29.0,100.0,3300.0,0.68,57464.0,2304.0,4150.9,0.0,112316.0,91432.0,2.25
30.0,93.3,3299.999,0.7,58343.0,2088.0,4262.2,0.0,112348.0,91324.0,2.25
31.0,100.0,3300.0,0.78,62357.0,2232.0,4569.0,0.0,112388.0,91344.0,2.25
32.0,100.0,3299.999,0.79,58450.0,2376.0,4317.7,0.0,112420.0,91356.0,2.25
33.0,100.0,3300.0,0.79,54662.0,2304.0,4077.9,0.0,112460.0,91364.0,2.25
34.0,100.0,3299.999,0.78,64238.0,2448.0,4919.6,0.0,112484.0,91368.0,2.25
35.0,100.0,3299.999,0.79,60572.0,2232.0,4603.3,0.0,112516.0,91372.0,2.25
36.0,93.3,3300.001,0.78,57701.0,2088.0,4508.8,0.0,112556.0,91376.0,2.25
37.0,100.0,3299.999,0.77,56967.0,2016.0,4414.6,0.0,112588.0,91388.0,2.25
38.0,100.0,3299.999,0.7,56428.0,2520.0,4171.1,0.0,112628.0,91388.0,2.25
39.0,93.8,3300.0,0.77,61338.0,1944.0,4610.5,0.0,112660.0,91388.0,2.25
