time,CPU_Utilization,Frequency,IPC,Misses,LLC,MBL,Memory_Footprint,Virt_Memory,Res_Memory,Allocated_Cache
0.0,100.0,3300.0,0.71,0.0,0.0,0.0,0.0,28600.0,20408.0,6.75
1.0,93.3,3300.0,1.14,2345.0,6624.0,254.5,0.0,87476.0,65388.0,6.75
2.0,100.0,3300.0,0.8,20629.0,6552.0,1733.6,0.0,108440.0,87928.0,6.75
3.0,100.0,3300.0,1.11,17589.0,6192.0,2269.4,0.0,108768.0,88052.0,6.75
4.0,93.3,3299.999,1.08,18467.0,6048.0,2451.4,0.0,109572.0,88856.0,6.75
5.0,93.8,3299.999,1.03,18713.0,6552.0,2385.8,0.0,109772.0,88972.0,6.75
6.0,100.0,3300.0,1.0,18704.0,5688.0,2180.2,0.0,109404.0,89632.0,6.75
7.0,100.0,3300.0,0.91,19781.0,6336.0,2426.0,0.0,110764.0,89592.0,6.75
8.0,100.0,3299.999,0.91,19325.0,5688.0,2478.4,0.0,110980.0,89624.0,6.75
9.0,100.0,3299.999,0.81,20275.0,5976.0,2560.5,0.0,111076.0,89696.0,6.75
10.0,100.0,3300.0,0.79,20930.0,6264.0,2435.1,0.0,111168.0,89968.0,6.75
11.0,100.0,3300.0,0.79,21749.0,6840.0,2450.0,0.0,111268.0,90004.0,6.75
12.0,100.0,3299.999,0.79,21320.0,6696.0,2293.9,0.0,111356.0,90048.0,6.75
13.0,100.0,3300.0,0.8,26952.0,6768.0,2424.7,0.0,111404.0,90084.0,6.75
14.0,100.0,3299.999,0.9,38947.0,6480.0,3184.9,0.0,111452.0,90104.0,6.75
15.0,100.0,3300.0,0.91,38981.0,6120.0,3169.1,0.0,111504.0,90144.0,6.75
16.0,100.0,3300.0,0.8,33703.0,6912.0,2672.4,0.0,111556.0,90116.0,6.75
17.0,100.0,3299.999,0.77,26666.0,6408.0,2321.3,0.0,111620.0,90124.0,6.75
18.0,100.0,3300.0,0.8,23817.0,6840.0,2274.8,0.0,111764.0,90136.0,6.75
19.0,100.0,3299.999,0.86,21068.0,6552.0,2287.7,0.0,111964.0,90156.0,6.75
20.0,100.0,3300.0,0.84,20088.0,6696.0,2245.1,0.0,112100.0,90176.0,6.75
21.0,100.0,3300.0,0.83,20448.0,5760.0,2212.7,0.0,112180.0,90176.0,6.75
22.0,100.0,3299.999,0.84,25545.0,6624.0,2598.5,0.0,112244.0,90192.0,6.75
23.0,100.0,3300.0,0.9,41062.0,6768.0,3082.0,0.0,112300.0,90196.0,6.75
24.0,100.0,3299.999,0.9,43045.0,6624.0,3164.6,0.0,112348.0,90204.0,6.75
25.0,100.0,3300.0,0.89,41570.0,6552.0,3184.4,0.0,112388.0,90224.0,6.75
26.0,100.0,3299.999,0.89,38707.0,6264.0,3028.1,0.0,112420.0,90236.0,6.75
27.0,100.0,3299.999,0.89,36029.0,6480.0,2873.8,0.0,112460.0,90244.0,6.75
28.0,100.0,3299.999,0.89,43859.0,6768.0,3310.6,0.0,112492.0,90252.0,6.75
29.0,100.0,3299.999,0.66,29608.0,7128.0,2331.6,0.0,112516.0,90252.0,6.75
30.0,100.0,3299.999,0.89,36890.0,6624.0,3011.5,0.0,112564.0,90268.0,6.75
31.0,100.0,3300.0,0.88,40755.0,6480.0,3093.3,0.0,112612.0,90268.0,6.75
32.0,100.0,3299.999,0.88,41592.0,6840.0,3037.9,0.0,112652.0,90268.0,6.75
33.0,100.0,3300.0,0.89,41331.0,6480.0,2963.6,0.0,112700.0,90284.0,6.75
34.0,100.0,3300.0,0.88,40674.0,6048.0,2969.2,0.0,112732.0,90292.0,6.75
35.0,100.0,3299.999,0.89,36619.0,6336.0,2919.9,0.0,112772.0,90308.0,6.75
36.0,100.0,3300.0,0.89,33742.0,6336.0,2718.9,0.0,112804.0,90308.0,6.75
37.0,100.0,3299.999,0.77,33755.0,6552.0,2613.0,0.0,112828.0,90320.0,6.75
38.0,100.0,3300.0,0.89,39396.0,6912.0,2987.9,0.0,112892.0,90328.0,6.75
39.0,100.0,3299.999,0.88,37116.0,5976.0,2849.6,0.0,112940.0,90336.0,6.75
