time,CPU_Utilization,Frequency,IPC,Misses,LLC,MBL,Memory_Footprint,Virt_Memory,Res_Memory,Allocated_Cache
0.0,93.3,3299.999,0.93,1.0,0.0,0.0,0.0,26772.0,19728.0,20.25
1.0,100.0,3299.999,1.14,858.0,19440.0,113.8,0.0,87476.0,68072.0,20.25
2.0,100.0,3300.0,1.32,11070.0,19584.0,1093.9,0.0,108608.0,89084.0,20.25
3.0,93.3,3299.999,1.32,1154.0,13392.0,105.7,0.0,109512.0,89892.0,20.25
4.0,100.0,3299.999,1.26,1296.0,14616.0,103.2,0.0,109772.0,90060.0,20.25
5.0,100.0,3300.0,1.22,1404.0,14472.0,93.8,0.0,109436.0,90736.0,20.25
6.0,100.0,3300.0,1.14,1607.0,15480.0,101.0,0.0,110884.0,90688.0,20.25
7.0,100.0,3299.999,1.11,1766.0,14400.0,112.6,0.0,111068.0,90780.0,20.25
8.0,100.0,3299.999,1.05,2209.0,13680.0,138.6,0.0,111172.0,91052.0,20.25
9.0,100.0,3300.0,1.05,2384.0,15264.0,146.5,0.0,111308.0,91096.0,20.25
10.0,100.0,3299.999,1.05,2934.0,16200.0,156.9,0.0,111388.0,91172.0,20.25
11.0,100.0,3299.999,1.2,5826.0,17064.0,298.1,0.0,111460.0,91192.0,20.25
12.0,100.0,3300.0,1.23,5679.0,16704.0,268.3,0.0,111532.0,91196.0,20.25
13.0,100.0,3299.999,1.11,4747.0,17568.0,256.9,0.0,111604.0,91212.0,20.25
14.0,93.8,3300.0,1.07,2944.0,16776.0,188.9,0.0,111812.0,91232.0,20.25
15.0,100.0,3299.999,1.11,2374.0,16272.0,197.6,0.0,112036.0,91264.0,20.25
16.0,100.0,3299.999,1.07,2526.0,16776.0,220.5,0.0,112180.0,91264.0,20.25
17.0,100.0,3299.999,1.08,3927.0,18504.0,280.7,0.0,112252.0,91280.0,20.25
18.0,100.0,3300.0,1.18,7598.0,18144.0,451.8,0.0,112324.0,91292.0,20.25
19.0,100.0,3299.999,1.17,7561.0,18504.0,432.4,0.0,112384.0,91400.0,20.25
20.0,93.3,3299.999,1.15,7777.0,18504.0,485.2,0.0,112420.0,91324.0,20.25
21.0,100.0,3300.0,1.14,7629.0,18720.0,465.3,0.0,112468.0,91332.0,20.25
22.0,100.0,3300.0,1.15,8288.0,18432.0,472.5,0.0,112516.0,91340.0,20.25
23.0,93.8,3299.999,1.13,7778.0,19080.0,502.6,0.0,112564.0,91356.0,20.25
24.0,100.0,3300.0,1.15,7937.0,18144.0,496.9,0.0,112628.0,91356.0,20.25
25.0,100.0,3299.999,1.15,7789.0,18792.0,456.5,0.0,112684.0,91356.0,20.25
26.0,100.0,3300.0,1.15,8058.0,18792.0,460.5,0.0,112732.0,91380.0,20.25
27.0,100.0,3299.999,1.14,7611.0,18576.0,462.1,0.0,112780.0,91396.0,20.25
28.0,100.0,3300.0,1.14,7088.0,18288.0,417.2,0.0,112828.0,91408.0,20.25
29.0,100.0,3300.0,1.16,8032.0,18720.0,493.6,0.0,112892.0,91416.0,20.25
30.0,100.0,3299.999,0.96,7592.0,18792.0,479.5,0.0,115980.0,92480.0,20.25
31.0,100.0,3300.0,1.14,7953.0,18864.0,477.1,0.0,112972.0,91424.0,20.25
32.0,100.0,3300.0,0.98,7047.0,18792.0,448.7,0.0,113012.0,91444.0,20.25
33.0,100.0,3299.999,1.15,7183.0,18648.0,478.3,0.0,113084.0,91444.0,20.25
34.0,100.0,3299.999,1.15,6958.0,19224.0,547.1,0.0,113084.0,91444.0,20.25
35.0,100.0,3300.0,1.16,5681.0,18288.0,438.3,0.0,113140.0,91444.0,20.25
36.0,100.0,3299.999,1.18,5411.0,18576.0,361.7,0.0,113188.0,91444.0,20.25
37.0,93.8,3300.0,1.15,5827.0,18648.0,364.9,0.0,113252.0,91444.0,20.25
38.0,100.0,3299.999,1.0,3315.0,16704.0,240.5,0.0,113324.0,91448.0,20.25
39.0,93.8,3300.0,1.01,3383.0,18504.0,269.4,0.0,113380.0,91460.0,20.25
