time,CPU_Utilization,Frequency,IPC,Misses,LLC,MBL,Memory_Footprint,Virt_Memory,Res_Memory,Allocated_Cache
0.0,100.0,3300.0,1.95,324.0,432.0,6.3,0.0,127392.0,126388.0,2.25
1.0,100.0,3299.999,1.99,74992.0,2088.0,6410.9,0.0,127392.0,126388.0,2.25
2.0,100.0,3300.0,1.95,78978.0,2016.0,6821.3,0.0,128300.0,127176.0,2.25
3.0,100.0,3299.999,1.43,58394.0,2160.0,5148.0,0.0,128300.0,127176.0,2.25
4.0,100.0,3299.999,1.88,76066.0,2376.0,6527.5,0.0,127392.0,126388.0,2.25
5.0,100.0,3300.0,1.97,79967.0,1944.0,6976.5,0.0,127392.0,126388.0,2.25
6.0,100.0,3300.0,1.97,79652.0,2376.0,6877.8,0.0,128300.0,127176.0,2.25
7.0,100.0,3299.999,1.97,79993.0,2160.0,6988.9,0.0,127392.0,126388.0,2.25
8.0,100.0,3300.0,1.97,79936.0,2088.0,6940.9,0.0,127392.0,126388.0,2.25
9.0,100.0,3300.0,1.97,79546.0,2376.0,6926.8,0.0,127524.0,126388.0,2.25
10.0,100.0,3300.0,1.97,79836.0,2304.0,6953.8,0.0,127392.0,126388.0,2.25
11.0,93.8,3299.999,1.97,80050.0,2376.0,6925.2,0.0,127392.0,126388.0,2.25
12.0,100.0,3299.999,1.97,79468.0,2304.0,6947.2,0.0,127392.0,126388.0,2.25
13.0,100.0,3299.999,1.97,79971.0,2376.0,6895.7,0.0,127392.0,126388.0,2.25
14.0,100.0,3299.999,1.96,79055.0,2232.0,6960.4,0.0,127392.0,126388.0,2.25
15.0,93.8,3300.0,1.97,79641.0,2160.0,6856.5,0.0,128300.0,127176.0,2.25
16.0,93.3,3300.0,1.97,79935.0,2304.0,7040.9,0.0,127392.0,126388.0,2.25
17.0,100.0,3300.0,1.97,80014.0,1944.0,6868.5,0.0,127392.0,126388.0,2.25
18.0,100.0,3299.999,1.97,79560.0,2304.0,7007.1,0.0,128300.0,127176.0,2.25
19.0,100.0,3299.999,1.97,79974.0,2376.0,6883.9,0.0,127392.0,126388.0,2.25
20.0,100.0,3300.0,1.97,80187.0,2376.0,7039.6,0.0,127392.0,126388.0,2.25
21.0,100.0,3300.001,1.97,79558.0,2304.0,6856.5,0.0,127524.0,126388.0,2.25
22.0,100.0,3299.999,1.97,80067.0,2376.0,6975.4,0.0,127524.0,126388.0,2.25
23.0,93.3,3300.0,1.97,79890.0,2376.0,6927.8,0.0,128300.0,127176.0,2.25
24.0,100.0,3299.999,1.97,79770.0,2376.0,6947.6,0.0,127524.0,126388.0,2.25
25.0,100.0,3300.0,1.96,79263.0,2376.0,6893.0,0.0,127392.0,126388.0,2.25
26.0,100.0,3299.999,1.97,80060.0,2376.0,6956.4,0.0,127392.0,126388.0,2.25
27.0,100.0,3299.999,1.95,78298.0,2088.0,6819.7,0.0,128300.0,127176.0,2.25
28.0,93.3,3299.999,1.97,80283.0,2232.0,6943.1,0.0,127524.0,126388.0,2.25
29.0,93.8,3300.0,1.97,79687.0,2160.0,6981.0,0.0,127392.0,126388.0,2.25
30.0,100.0,3300.0,1.97,79525.0,2304.0,6832.9,0.0,127524.0,126388.0,2.25
31.0,100.0,3299.999,1.96,80001.0,2160.0,7020.3,0.0,127392.0,126388.0,2.25
32.0,100.0,3299.999,1.97,79712.0,2232.0,6859.1,0.0,127392.0,126388.0,2.25
33.0,100.0,3300.0,1.97,79384.0,2232.0,6962.7,0.0,128300.0,127176.0,2.25
34.0,100.0,3299.999,1.97,80217.0,2088.0,6917.3,0.0,127524.0,126388.0,2.25
35.0,100.0,3299.999,1.97,79676.0,1800.0,6994.7,0.0,127392.0,126388.0,2.25
36.0,100.0,3299.999,1.97,79686.0,2304.0,6838.7,0.0,128300.0,127176.0,2.25
37.0,100.0,3299.999,1.97,80089.0,2160.0,7026.7,0.0,127392.0,126388.0,2.25
38.0,93.3,3299.999,1.97,80243.0,2376.0,6914.6,0.0,128300.0,127176.0,2.25
39.0,100.0,3300.0,1.93,78100.0,2232.0,6836.9,0.0,128300.0,127176.0,2.25
