time,CPU_Utilization,Frequency,IPC,Misses,LLC,MBL,Memory_Footprint,Virt_Memory,Res_Memory,Allocated_Cache
0.0,100.0,3300.0,1.96,554.0,432.0,9.3,0.0,127524.0,126392.0,4.5
1.0,100.0,3299.999,2.01,71492.0,4680.0,5618.0,0.0,127524.0,126392.0,4.5
2.0,100.0,3299.999,2.0,74585.0,3960.0,5845.6,0.0,127392.0,126392.0,4.5
3.0,100.0,3299.999,1.99,74459.0,4680.0,5812.8,0.0,127524.0,126392.0,4.5
4.0,100.0,3300.0,2.0,74574.0,4608.0,5852.1,0.0,127392.0,126392.0,4.5
5.0,100.0,3300.0,1.4,52488.0,4464.0,4069.3,0.0,127524.0,126392.0,4.5
6.0,100.0,3299.999,1.87,70064.0,4536.0,5492.9,0.0,127392.0,126392.0,4.5
7.0,93.8,3300.0,2.0,74569.0,4752.0,5807.5,0.0,127524.0,126392.0,4.5
8.0,100.0,3299.999,2.0,74776.0,4824.0,5853.7,0.0,128300.0,127180.0,4.5
9.0,100.0,3299.999,2.0,75084.0,4824.0,5892.1,0.0,127392.0,126392.0,4.5
10.0,100.0,3299.999,2.01,74592.0,4536.0,5836.5,0.0,128300.0,127180.0,4.5
11.0,100.0,3300.0,2.0,74622.0,4464.0,5844.4,0.0,128300.0,127180.0,4.5
12.0,100.0,3299.999,2.0,74622.0,4608.0,5820.0,0.0,127524.0,126392.0,4.5
13.0,93.3,3300.0,2.0,75215.0,4680.0,5905.5,0.0,127392.0,126392.0,4.5
14.0,100.0,3300.0,2.0,74350.0,4752.0,5786.6,0.0,127524.0,126392.0,4.5
15.0,100.0,3299.999,2.0,74905.0,4464.0,5873.6,0.0,128300.0,127180.0,4.5
16.0,100.0,3299.999,2.0,75064.0,4536.0,5890.6,0.0,127392.0,126392.0,4.5
17.0,100.0,3299.999,2.0,74659.0,4680.0,5851.8,0.0,127524.0,126392.0,4.5
18.0,100.0,3300.0,2.0,74690.0,4752.0,5832.4,0.0,127392.0,126392.0,4.5
19.0,100.0,3300.001,2.01,74517.0,4536.0,5821.2,0.0,127524.0,126392.0,4.5
20.0,100.0,3299.999,2.0,75365.0,4680.0,5913.6,0.0,127392.0,126392.0,4.5
21.0,100.0,3300.0,2.0,74429.0,4608.0,5814.4,0.0,127524.0,126392.0,4.5
22.0,100.0,3299.999,1.6,59611.0,4608.0,4697.9,0.0,127524.0,126392.0,4.5
23.0,100.0,3300.0,2.0,75279.0,4536.0,5862.7,0.0,127392.0,126392.0,4.5
24.0,100.0,3299.999,1.98,73616.0,4680.0,5766.5,0.0,127392.0,126392.0,4.5
25.0,100.0,3299.999,1.78,66379.0,4608.0,5192.5,0.0,127392.0,126392.0,4.5
26.0,100.0,3299.999,2.0,75400.0,4608.0,5901.7,0.0,127392.0,126392.0,4.5
27.0,100.0,3300.0,2.0,74620.0,4680.0,5833.7,0.0,127524.0,126392.0,4.5
28.0,100.0,3300.0,2.0,74501.0,4392.0,5827.9,0.0,128300.0,127180.0,4.5
29.0,93.8,3299.999,2.0,75155.0,4752.0,5888.0,0.0,127392.0,126392.0,4.5
30.0,100.0,3300.0,2.0,74713.0,4608.0,5829.6,0.0,128300.0,127180.0,4.5
31.0,100.0,3299.999,1.99,74237.0,4464.0,5836.8,0.0,127392.0,126392.0,4.5
32.0,100.0,3299.999,1.99,74261.0,4752.0,5789.2,0.0,128300.0,127180.0,4.5
33.0,100.0,3300.0,2.0,74645.0,4536.0,5848.1,0.0,127392.0,126392.0,4.5
34.0,93.8,3299.999,2.0,74511.0,4752.0,5816.2,0.0,127524.0,126392.0,4.5
35.0,100.0,3299.999,2.0,75213.0,4752.0,5895.6,0.0,127392.0,126392.0,4.5
36.0,100.0,3300.0,2.0,74216.0,4320.0,5787.4,0.0,127524.0,126392.0,4.5
37.0,100.0,3299.999,2.01,75155.0,4608.0,5909.1,0.0,127392.0,126392.0,4.5
38.0,93.3,3299.999,1.99,74284.0,4536.0,5800.8,0.0,127524.0,126392.0,4.5
39.0,100.0,3300.0,2.0,74753.0,4464.0,5864.8,0.0,128300.0,127180.0,4.5
