time,CPU_Utilization,Frequency,IPC,Misses,LLC,MBL,Memory_Footprint,Virt_Memory,Res_Memory,Allocated_Cache
0.0,100.0,3300.0,1.94,571.0,1296.0,11.5,0.0,127524.0,126376.0,9.0
1.0,100.0,3300.0,2.04,63786.0,9144.0,5561.4,0.0,127392.0,126376.0,9.0
2.0,100.0,3300.0,2.03,67011.0,9144.0,5807.2,0.0,127392.0,126376.0,9.0
3.0,100.0,3299.999,2.03,67064.0,9144.0,5817.9,0.0,127524.0,126376.0,9.0
4.0,100.0,3300.0,1.77,58058.0,9504.0,5042.4,0.0,127524.0,126376.0,9.0
5.0,100.0,3300.0,1.92,63098.0,9504.0,5481.1,0.0,128300.0,127164.0,9.0
6.0,100.0,3299.999,1.92,63333.0,8568.0,5492.3,0.0,127524.0,126376.0,9.0
7.0,100.0,3300.0,1.9,62896.0,9360.0,5451.3,0.0,128300.0,127164.0,9.0
8.0,100.0,3300.0,2.03,66425.0,8784.0,5762.6,0.0,127392.0,126376.0,9.0
9.0,93.8,3300.0,2.02,66965.0,9144.0,5809.1,0.0,127524.0,126376.0,9.0
10.0,100.0,3300.0,2.03,67105.0,9144.0,5833.9,0.0,127524.0,126376.0,9.0
11.0,93.8,3299.999,1.57,51442.0,9360.0,4457.2,0.0,128300.0,127164.0,9.0
12.0,100.0,3300.0,1.91,62940.0,9288.0,5486.2,0.0,127392.0,126376.0,9.0
13.0,100.0,3300.0,2.03,66860.0,9000.0,5817.6,0.0,127392.0,126376.0,9.0
14.0,100.0,3299.999,1.63,53679.0,9144.0,4654.1,0.0,127392.0,126376.0,9.0
15.0,100.0,3300.0,2.03,67153.0,9072.0,5811.1,0.0,127524.0,126376.0,9.0
16.0,100.0,3300.0,2.03,67078.0,8856.0,5811.6,0.0,128300.0,127164.0,9.0
17.0,100.0,3299.999,2.03,67002.0,9000.0,5846.3,0.0,127392.0,126376.0,9.0
18.0,100.0,3300.0,2.03,66150.0,9000.0,5749.9,0.0,127392.0,126376.0,9.0
19.0,100.0,3299.999,2.03,67284.0,8784.0,5812.4,0.0,127524.0,126376.0,9.0
20.0,100.0,3300.0,2.01,66395.0,9216.0,5770.6,0.0,128300.0,127164.0,9.0
21.0,100.0,3300.0,2.03,66848.0,9432.0,5787.4,0.0,128300.0,127164.0,9.0
22.0,100.0,3299.999,2.03,66658.0,8784.0,5807.4,0.0,128300.0,127164.0,9.0
23.0,100.0,3300.0,2.03,67014.0,9216.0,5817.0,0.0,127524.0,126376.0,9.0
24.0,100.0,3300.0,2.03,67187.0,9144.0,5817.8,0.0,127524.0,126376.0,9.0
25.0,100.0,3300.0,2.03,67063.0,9216.0,5824.3,0.0,127392.0,126376.0,9.0
26.0,100.0,3300.0,2.02,66012.0,9288.0,5752.9,0.0,127392.0,126376.0,9.0
27.0,93.8,3300.0,2.03,67029.0,9216.0,5815.1,0.0,127524.0,126376.0,9.0
28.0,93.3,3299.999,2.02,66629.0,9288.0,5771.2,0.0,128300.0,127164.0,9.0
29.0,100.0,3299.999,2.03,66885.0,9288.0,5778.7,0.0,127392.0,126376.0,9.0
30.0,100.0,3300.0,2.03,66713.0,9216.0,5824.7,0.0,127524.0,126376.0,9.0
31.0,93.8,3299.999,2.02,66717.0,9504.0,5799.2,0.0,127524.0,126376.0,9.0
32.0,100.0,3299.999,2.03,66879.0,9576.0,5816.9,0.0,128300.0,127164.0,9.0
33.0,100.0,3300.0,2.03,66937.0,9144.0,5803.7,0.0,128300.0,127164.0,9.0
34.0,100.0,3300.0,2.03,66594.0,9648.0,5814.6,0.0,128300.0,127164.0,9.0
35.0,100.0,3299.999,2.03,67136.0,8856.0,5821.8,0.0,127392.0,126376.0,9.0
36.0,100.0,3299.999,1.78,58918.0,9360.0,5143.8,0.0,127392.0,126376.0,9.0
37.0,100.0,3300.0,2.03,66983.0,8928.0,5834.6,0.0,127524.0,126376.0,9.0
38.0,100.0,3299.999,1.93,63501.0,9288.0,5513.6,0.0,127392.0,126376.0,9.0
39.0,100.0,3300.0,1.92,63081.0,9648.0,5501.7,0.0,127392.0,126376.0,9.0
