time,CPU_Utilization,Frequency,IPC,Misses,LLC,MBL,Memory_Footprint,Virt_Memory,Res_Memory,Allocated_Cache
0.0,100.0,3300.0,2.0,116.0,72.0,2.0,0.0,127392.0,126376.0,24.75
1.0,100.0,3300.001,2.1,44500.0,24768.0,3720.6,0.0,128300.0,127164.0,24.75
2.0,100.0,3299.999,2.1,43853.0,24552.0,3708.8,0.0,128300.0,127164.0,24.75
3.0,100.0,3300.0,2.1,43939.0,24768.0,3711.7,0.0,127524.0,126376.0,24.75
4.0,100.0,3300.0,2.1,43879.0,24840.0,3688.3,0.0,127392.0,126376.0,24.75
5.0,100.0,3300.0,2.1,44341.0,24696.0,3728.5,0.0,127392.0,126376.0,24.75
6.0,93.3,3299.999,2.1,44137.0,24552.0,3712.9,0.0,127524.0,126376.0,24.75
7.0,100.0,3300.0,2.1,43975.0,23976.0,3698.0,0.0,127524.0,126376.0,24.75
8.0,100.0,3299.999,2.1,43820.0,24984.0,3702.7,0.0,127392.0,126376.0,24.75
9.0,100.0,3300.0,2.1,44273.0,24840.0,3720.7,0.0,128300.0,127164.0,24.75
10.0,100.0,3299.999,2.1,44241.0,24480.0,3738.2,0.0,128300.0,127164.0,24.75
11.0,93.8,3300.0,2.1,43856.0,24696.0,3690.5,0.0,127524.0,126376.0,24.75
12.0,100.0,3300.0,2.1,43908.0,24552.0,3688.8,0.0,127392.0,126376.0,24.75
13.0,100.0,3300.0,2.1,44202.0,25128.0,3740.8,0.0,128300.0,127164.0,24.75
14.0,100.0,3299.999,1.67,35170.0,24840.0,2944.0,0.0,127524.0,126376.0,24.75
15.0,100.0,3299.999,1.99,41394.0,24768.0,3492.4,0.0,127392.0,126376.0,24.75
16.0,100.0,3299.999,2.1,44450.0,24696.0,3730.4,0.0,128300.0,127164.0,24.75
17.0,100.0,3300.002,2.1,43996.0,24552.0,3728.2,0.0,127524.0,126376.0,24.75
18.0,100.0,3300.0,2.1,43855.0,24624.0,3679.6,0.0,127524.0,126376.0,24.75
19.0,100.0,3300.0,2.1,43914.0,24624.0,3711.9,0.0,127392.0,126376.0,24.75
20.0,100.0,3300.0,2.1,44124.0,25200.0,3698.5,0.0,127392.0,126376.0,24.75
21.0,100.0,3299.999,2.11,44262.0,25056.0,3743.6,0.0,128300.0,127164.0,24.75
22.0,100.0,3300.0,2.1,43947.0,24480.0,3688.7,0.0,127524.0,126376.0,24.75
23.0,100.0,3300.0,2.1,43885.0,24840.0,3699.8,0.0,127392.0,126376.0,24.75
24.0,100.0,3300.0,2.1,44104.0,25128.0,3692.8,0.0,128300.0,127164.0,24.75
25.0,100.0,3299.999,2.09,44232.0,24696.0,3756.7,0.0,128300.0,127164.0,24.75
26.0,100.0,3299.999,2.1,44027.0,24624.0,3706.9,0.0,127524.0,126376.0,24.75
27.0,100.0,3299.999,2.1,43829.0,23904.0,3672.8,0.0,127392.0,126376.0,24.75
28.0,100.0,3300.0,2.1,43885.0,24912.0,3691.2,0.0,127392.0,126376.0,24.75
29.0,100.0,3299.999,2.1,44552.0,24768.0,3775.1,0.0,128300.0,127164.0,24.75
30.0,100.0,3299.999,2.1,43976.0,24552.0,3707.2,0.0,127524.0,126376.0,24.75
31.0,100.0,3300.0,2.1,43850.0,24912.0,3686.7,0.0,127392.0,126376.0,24.75
32.0,100.0,3300.0,2.1,43995.0,24912.0,3696.5,0.0,127392.0,126376.0,24.75
33.0,100.0,3299.985,2.1,44550.0,24840.0,3760.5,0.0,128300.0,127164.0,24.75
34.0,100.0,3300.0,2.1,43990.0,24984.0,3705.0,0.0,127524.0,126376.0,24.75
35.0,100.0,3299.999,2.11,44033.0,24840.0,3716.0,0.0,127392.0,126376.0,24.75
36.0,100.0,3300.0,2.1,43946.0,25056.0,3709.4,0.0,127392.0,126376.0,24.75
37.0,100.0,3300.0,2.1,44627.0,24840.0,3774.7,0.0,128300.0,127164.0,24.75
38.0,93.3,3290.47,2.1,43998.0,24840.0,3705.1,0.0,128300.0,127164.0,24.75
39.0,100.0,3300.0,2.11,43637.0,24480.0,3768.7,0.0,127524.0,126376.0,24.75
40.0,100.0,3300.0,2.11,44091.0,24408.0,3848.3,0.0,127392.0,126376.0,24.75
41.0,100.0,3299.999,2.11,44786.0,24408.0,3871.0,0.0,128300.0,127164.0,24.75
42.0,93.8,3300.0,2.12,44005.0,24480.0,3814.2,0.0,127524.0,126376.0,24.75
43.0,100.0,3299.999,2.11,44001.0,24624.0,3813.2,0.0,127392.0,126376.0,24.75
44.0,100.0,3299.999,2.11,44785.0,24768.0,3900.9,0.0,128300.0,127164.0,24.75
45.0,100.0,3300.0,2.1,43784.0,24840.0,3776.3,0.0,127524.0,126376.0,24.75
46.0,100.0,3299.999,2.11,44046.0,24624.0,3842.0,0.0,127392.0,126376.0,24.75
47.0,100.0,3300.0,2.11,44272.0,25056.0,3836.8,0.0,128300.0,127164.0,24.75
48.0,93.3,3299.999,2.11,44356.0,24480.0,3851.6,0.0,128300.0,127164.0,24.75
49.0,100.0,3300.0,2.12,44086.0,24696.0,3806.0,0.0,127392.0,126376.0,24.75
50.0,100.0,3299.999,2.11,43982.0,24552.0,3817.8,0.0,127392.0,126376.0,24.75
51.0,100.0,3300.0,2.11,44682.0,24984.0,3887.4,0.0,128300.0,127164.0,24.75
52.0,100.0,3299.999,2.11,44049.0,24696.0,3829.2,0.0,127524.0,126376.0,24.75
53.0,100.0,3300.0,2.11,43909.0,24912.0,3822.2,0.0,127392.0,126376.0,24.75
54.0,100.0,3299.999,2.11,44774.0,24840.0,3903.8,0.0,128300.0,127164.0,24.75
55.0,100.0,3300.0,2.11,44078.0,24624.0,3825.7,0.0,127524.0,126376.0,24.75
56.0,100.0,3299.999,2.11,43840.0,24624.0,3802.4,0.0,127392.0,126376.0,24.75
57.0,100.0,3300.0,2.11,44646.0,24984.0,3876.0,0.0,128300.0,127164.0,24.75
58.0,100.0,3300.0,2.11,44107.0,25056.0,3851.2,0.0,127524.0,126376.0,24.75
59.0,100.0,3300.0,2.11,43947.0,24624.0,3798.3,0.0,127392.0,126376.0,24.75
60.0,100.0,3299.999,2.11,44283.0,25344.0,3862.8,0.0,127392.0,126376.0,24.75
61.0,100.0,3300.0,2.11,44443.0,24624.0,3918.9,0.0,128300.0,127164.0,24.75
62.0,93.8,3299.999,2.11,44011.0,24840.0,3865.6,0.0,127524.0,126376.0,24.75
63.0,100.0,3300.0,2.11,44290.0,24696.0,3830.0,0.0,127392.0,126376.0,24.75
64.0,100.0,3299.999,2.11,44760.0,24624.0,3824.6,0.0,128300.0,127164.0,24.75
65.0,100.0,3300.0,2.11,44172.0,24336.0,3739.9,0.0,127524.0,126376.0,24.75
66.0,93.8,3299.999,2.11,43962.0,25128.0,3738.2,0.0,127392.0,126376.0,24.75
67.0,100.0,3299.999,1.65,35013.0,25128.0,2982.0,0.0,128300.0,127164.0,24.75
68.0,93.8,3300.0,1.65,34782.0,24480.0,2958.3,0.0,128300.0,127164.0,24.75
69.0,100.0,3299.999,2.12,43964.0,24480.0,3741.3,0.0,127524.0,126376.0,24.75
70.0,100.0,3299.999,2.1,43774.0,24984.0,3741.3,0.0,127392.0,126376.0,24.75
71.0,100.0,3300.0,2.12,44739.0,25128.0,3940.4,0.0,128300.0,127164.0,24.75
72.0,100.0,3299.999,2.12,44267.0,24408.0,3900.7,0.0,127524.0,126376.0,24.75
73.0,93.3,3300.0,2.12,43941.0,24768.0,3860.4,0.0,127392.0,126376.0,24.75
74.0,100.0,3299.999,2.12,44878.0,24624.0,3948.0,0.0,128300.0,127164.0,24.75
75.0,100.0,3300.0,2.12,44158.0,24624.0,3890.7,0.0,127524.0,126376.0,24.75
76.0,100.0,3299.999,2.12,44143.0,24696.0,3858.2,0.0,127392.0,126376.0,24.75
77.0,100.0,3299.999,2.12,44761.0,24912.0,3959.5,0.0,127524.0,126376.0,24.75
78.0,100.0,3299.999,2.12,44220.0,25200.0,3874.9,0.0,127392.0,126376.0,24.75
79.0,100.0,3300.0,2.11,44311.0,25200.0,3881.5,0.0,128300.0,127164.0,24.75
80.0,100.0,3299.999,2.12,44633.0,24552.0,3927.0,0.0,127524.0,126376.0,24.75
81.0,93.8,3299.999,2.12,44051.0,25056.0,3912.0,0.0,127392.0,126376.0,24.75
82.0,100.0,3300.0,2.12,44806.0,24912.0,3938.3,0.0,128300.0,127164.0,24.75
83.0,100.0,3300.0,2.12,44121.0,24696.0,3912.8,0.0,127524.0,126376.0,24.75
84.0,100.0,3300.0,2.12,43986.0,24696.0,3872.5,0.0,127392.0,126376.0,24.75
85.0,100.0,3299.999,2.12,44851.0,24624.0,3970.5,0.0,128300.0,127164.0,24.75
86.0,100.0,3299.999,2.12,44091.0,24120.0,3892.1,0.0,127524.0,126376.0,24.75
87.0,100.0,3300.0,2.12,44001.0,24984.0,3896.6,0.0,127392.0,126376.0,24.75
88.0,100.0,3300.0,2.12,44722.0,24984.0,3953.5,0.0,127524.0,126376.0,24.75
89.0,100.0,3300.0,2.12,44161.0,24480.0,3884.4,0.0,127392.0,126376.0,24.75
90.0,100.0,3299.999,2.12,44444.0,25056.0,3905.7,0.0,128300.0,127164.0,24.75
91.0,93.8,3299.999,2.12,44540.0,25128.0,3946.7,0.0,127524.0,126376.0,24.75
92.0,100.0,3300.0,2.12,44083.0,24552.0,3879.6,0.0,127392.0,126376.0,24.75
93.0,100.0,3299.999,2.12,44644.0,25200.0,3929.8,0.0,128300.0,127164.0,24.75
94.0,93.8,3299.999,2.12,44262.0,24912.0,3915.9,0.0,127524.0,126376.0,24.75
95.0,93.8,3300.0,2.12,44207.0,25128.0,3888.2,0.0,127392.0,126376.0,24.75
96.0,100.0,3300.0,2.11,44808.0,25056.0,3925.5,0.0,128300.0,127164.0,24.75
97.0,100.0,3299.999,1.66,34617.0,24840.0,3022.9,0.0,128300.0,127164.0,24.75
98.0,100.0,3300.0,2.08,43463.0,24912.0,3804.7,0.0,127524.0,126376.0,24.75
99.0,100.0,3299.999,2.11,44048.0,24696.0,3817.1,0.0,127392.0,126376.0,24.75
100.0,100.0,3299.999,2.12,44786.0,24912.0,3932.9,0.0,128300.0,127164.0,24.75
101.0,93.8,3300.0,2.12,44067.0,24768.0,3839.6,0.0,127524.0,126376.0,24.75
102.0,100.0,3299.999,2.12,44126.0,24768.0,3855.0,0.0,127392.0,126376.0,24.75
103.0,100.0,3300.0,2.11,44743.0,24696.0,3894.3,0.0,128300.0,127164.0,24.75
104.0,93.3,3300.001,2.12,44149.0,25200.0,3850.7,0.0,127392.0,126376.0,24.75
105.0,100.0,3300.0,2.11,44323.0,25056.0,3868.5,0.0,128300.0,127164.0,24.75
106.0,100.0,3299.999,2.12,44601.0,25128.0,3913.5,0.0,127524.0,126376.0,24.75
107.0,100.0,3299.999,2.12,44075.0,24840.0,3847.6,0.0,127392.0,126376.0,24.75
108.0,100.0,3299.999,2.11,44805.0,24984.0,3918.7,0.0,128300.0,127164.0,24.75
109.0,100.0,3300.0,2.12,44202.0,24480.0,3850.4,0.0,127524.0,126376.0,24.75
110.0,93.8,3300.0,1.73,36511.0,25056.0,3220.0,0.0,127524.0,126376.0,24.75
111.0,100.0,3300.0,1.68,34884.0,24552.0,3071.9,0.0,127392.0,126376.0,24.75
112.0,100.0,3299.999,2.12,44443.0,25128.0,3879.1,0.0,128300.0,127164.0,24.75
113.0,100.0,3299.999,2.12,44644.0,24768.0,3920.5,0.0,127524.0,126376.0,24.75
114.0,100.0,3300.0,2.12,44192.0,24408.0,3854.0,0.0,127392.0,126376.0,24.75
115.0,100.0,3299.999,2.12,44611.0,24984.0,3895.3,0.0,128300.0,127164.0,24.75
116.0,100.0,3300.0,2.12,44376.0,24768.0,3875.6,0.0,127524.0,126376.0,24.75
117.0,100.0,3300.0,2.12,43949.0,25128.0,3851.5,0.0,127392.0,126376.0,24.75
118.0,93.8,3299.999,2.12,44870.0,24696.0,3915.4,0.0,128300.0,127164.0,24.75
119.0,100.0,3300.0,2.12,44102.0,24912.0,3860.5,0.0,127524.0,126376.0,24.75
120.0,100.0,3299.999,2.12,44024.0,24840.0,3836.1,0.0,127392.0,126376.0,24.75
121.0,100.0,3299.999,2.12,44833.0,24984.0,3945.3,0.0,128300.0,127164.0,24.75
122.0,93.8,3300.001,2.12,44161.0,24912.0,3848.3,0.0,127392.0,126376.0,24.75
123.0,100.0,3299.999,2.12,44327.0,25200.0,3867.8,0.0,128300.0,127164.0,24.75
124.0,100.0,3299.999,2.12,44603.0,25128.0,3918.8,0.0,127524.0,126376.0,24.75
125.0,100.0,3300.0,2.12,44074.0,24912.0,3842.4,0.0,128300.0,127164.0,24.75
126.0,100.0,3300.0,1.69,35787.0,24624.0,3125.2,0.0,128300.0,127164.0,24.75
127.0,100.0,3299.999,1.74,36087.0,24984.0,3158.9,0.0,127524.0,126376.0,24.75
128.0,100.0,3300.0,1.69,35611.0,25200.0,3118.1,0.0,127524.0,126376.0,24.75
129.0,100.0,3299.999,2.12,44017.0,24768.0,3851.8,0.0,127392.0,126376.0,24.75
130.0,93.8,3300.0,2.12,44752.0,24696.0,3929.8,0.0,128300.0,127164.0,24.75
131.0,100.0,3299.999,2.12,44109.0,24696.0,3859.2,0.0,127524.0,126376.0,24.75
132.0,93.8,3300.0,2.12,44015.0,24840.0,3829.4,0.0,127392.0,126376.0,24.75
133.0,100.0,3299.999,2.12,44761.0,25128.0,3928.6,0.0,128300.0,127164.0,24.75
134.0,93.8,3299.999,2.12,44197.0,24696.0,3856.7,0.0,127392.0,126376.0,24.75
135.0,100.0,3300.0,1.67,34970.0,25344.0,3065.4,0.0,128300.0,127164.0,24.75
136.0,100.0,3299.999,1.65,34980.0,24696.0,3062.3,0.0,128300.0,127164.0,24.75
137.0,100.0,3300.0,2.12,44077.0,24480.0,3853.8,0.0,127524.0,126376.0,24.75
138.0,100.0,3299.999,2.12,44045.0,24624.0,3839.8,0.0,127392.0,126376.0,24.75
139.0,100.0,3300.0,1.67,35485.0,24984.0,3097.5,0.0,127524.0,126376.0,24.75
140.0,100.0,3299.999,1.67,34866.0,24552.0,3041.4,0.0,127524.0,126376.0,24.75
141.0,100.0,3299.999,2.12,44047.0,24696.0,3834.9,0.0,127392.0,126376.0,24.75
142.0,100.0,3300.0,2.12,44803.0,24984.0,3929.3,0.0,127524.0,126376.0,24.75
143.0,100.0,3299.999,2.12,44131.0,24192.0,3840.5,0.0,127392.0,126376.0,24.75
144.0,100.0,3299.999,2.12,44298.0,25272.0,3855.7,0.0,128300.0,127164.0,24.75
145.0,100.0,3299.999,2.12,44695.0,25128.0,3926.5,0.0,127524.0,126376.0,24.75
146.0,100.0,3300.0,2.12,44054.0,24696.0,3852.9,0.0,127392.0,126376.0,24.75
147.0,100.0,3299.999,2.11,44668.0,25128.0,3885.6,0.0,128300.0,127164.0,24.75
148.0,100.0,3300.0,2.12,44293.0,24912.0,3883.3,0.0,127524.0,126376.0,24.75
149.0,93.8,3300.0,2.12,43913.0,24624.0,3838.1,0.0,127392.0,126376.0,24.75
150.0,93.8,3300.0,2.12,44826.0,24552.0,3931.7,0.0,128300.0,127164.0,24.75
151.0,93.8,3299.999,2.12,44111.0,24840.0,3859.0,0.0,127524.0,126376.0,24.75
152.0,100.0,3299.999,2.12,44048.0,24696.0,3854.0,0.0,127392.0,126376.0,24.75
153.0,100.0,3300.0,2.12,44730.0,24840.0,3907.7,0.0,128300.0,127164.0,24.75
154.0,100.0,3300.0,2.12,44199.0,24264.0,3844.8,0.0,127392.0,126376.0,24.75
155.0,93.8,3300.0,2.11,44486.0,25344.0,3904.5,0.0,128300.0,127164.0,24.75
156.0,100.0,3300.0,2.12,44594.0,24624.0,3944.9,0.0,127524.0,126376.0,24.75
157.0,100.0,3300.0,2.12,43982.0,24912.0,3867.8,0.0,127392.0,126376.0,24.75
158.0,100.0,3299.999,1.66,35045.0,24696.0,3078.6,0.0,128300.0,127164.0,24.75
159.0,100.0,3299.999,1.65,34761.0,24408.0,3066.5,0.0,128300.0,127164.0,24.75
160.0,100.0,3299.999,2.12,44063.0,24048.0,3890.7,0.0,127524.0,126376.0,24.75
161.0,100.0,3300.0,2.11,44066.0,24840.0,3874.2,0.0,127392.0,126376.0,24.75
162.0,93.3,3300.0,2.12,44800.0,24480.0,3966.7,0.0,128300.0,127164.0,24.75
163.0,100.0,3300.0,2.12,44257.0,25128.0,3893.8,0.0,127392.0,126376.0,24.75
164.0,100.0,3299.985,2.11,44365.0,25128.0,3923.6,0.0,128300.0,127164.0,24.75
165.0,100.0,3300.0,2.12,44568.0,25056.0,3943.7,0.0,127524.0,126376.0,24.75
166.0,93.8,3299.999,2.12,43993.0,24912.0,3870.4,0.0,127392.0,126376.0,24.75
167.0,100.0,3299.99,2.12,44827.0,24840.0,3944.0,0.0,128300.0,127164.0,24.75
168.0,100.0,3300.0,2.12,44113.0,24768.0,3895.1,0.0,127524.0,126376.0,24.75
169.0,100.0,3300.0,2.12,43964.0,24912.0,3853.1,0.0,127392.0,126376.0,24.75
170.0,100.0,3299.999,2.12,44858.0,24696.0,3968.9,0.0,128300.0,127164.0,24.75
171.0,100.0,3300.0,2.12,44090.0,24408.0,3881.7,0.0,127524.0,126376.0,24.75
172.0,100.0,3300.001,2.12,44032.0,24840.0,3888.1,0.0,127392.0,126376.0,24.75
173.0,100.0,3299.999,2.12,44827.0,24552.0,3941.1,0.0,128300.0,127164.0,24.75
174.0,100.0,3299.999,2.12,44213.0,24912.0,3900.9,0.0,127392.0,126376.0,24.75
175.0,100.0,3300.0,2.11,44317.0,25056.0,3887.9,0.0,128300.0,127164.0,24.75
176.0,93.3,3299.999,2.12,44581.0,25128.0,3971.4,0.0,127524.0,126376.0,24.75
177.0,100.0,3300.0,2.12,44061.0,25056.0,3890.5,0.0,127392.0,126376.0,24.75
178.0,100.0,3299.999,2.12,44691.0,25056.0,3938.1,0.0,128300.0,127164.0,24.75
179.0,100.0,3299.999,2.12,44262.0,24768.0,3895.2,0.0,127524.0,126376.0,24.75
180.0,100.0,3300.0,2.12,43891.0,24984.0,3885.0,0.0,127392.0,126376.0,24.75
181.0,100.0,3300.0,2.11,44882.0,24696.0,3961.6,0.0,128300.0,127164.0,24.75
182.0,100.0,3299.999,2.12,44098.0,24264.0,3880.2,0.0,127524.0,126376.0,24.75
183.0,100.0,3300.0,2.12,43931.0,24696.0,3894.0,0.0,127392.0,126376.0,24.75
184.0,100.0,3300.0,2.12,44807.0,24696.0,3961.4,0.0,128300.0,127164.0,24.75
185.0,100.0,3299.999,2.12,44140.0,24840.0,3893.3,0.0,127392.0,126376.0,24.75
186.0,93.8,3300.0,2.12,44251.0,25056.0,3913.0,0.0,127392.0,126376.0,24.75
187.0,100.0,3299.999,2.12,44738.0,25056.0,3958.8,0.0,127524.0,126376.0,24.75
188.0,100.0,3300.0,2.12,44113.0,24696.0,3896.5,0.0,127392.0,126376.0,24.75
189.0,100.0,3299.999,2.12,44598.0,25128.0,3915.4,0.0,128300.0,127164.0,24.75
190.0,100.0,3299.999,2.12,44296.0,24912.0,3930.4,0.0,127524.0,126376.0,24.75
191.0,100.0,3300.0,2.12,43991.0,24984.0,3877.0,0.0,127392.0,126376.0,24.75
192.0,93.3,3300.0,2.11,44864.0,24768.0,3953.6,0.0,128300.0,127164.0,24.75
193.0,100.0,3299.999,2.12,44119.0,24552.0,3891.0,0.0,127524.0,126376.0,24.75
194.0,100.0,3300.0,2.12,43943.0,24696.0,3863.0,0.0,127392.0,126376.0,24.75
195.0,93.8,3300.0,2.02,42589.0,24696.0,3749.8,0.0,127524.0,126376.0,24.75
196.0,100.0,3299.999,1.79,37508.0,24552.0,3307.8,0.0,127392.0,126376.0,24.75
197.0,100.0,3299.999,2.12,44728.0,24840.0,3945.1,0.0,128300.0,127164.0,24.75
198.0,100.0,3300.0,2.12,44157.0,24696.0,3922.0,0.0,127524.0,126376.0,24.75
199.0,100.0,3299.999,2.12,44005.0,25056.0,3869.7,0.0,127392.0,126376.0,24.75
200.0,100.0,3300.0,2.11,44838.0,25056.0,3975.6,0.0,128300.0,127164.0,24.75
201.0,100.0,3300.0,2.12,44097.0,24624.0,3902.3,0.0,128300.0,127164.0,24.75
202.0,100.0,3299.999,1.71,36201.0,25056.0,3197.2,0.0,128300.0,127164.0,24.75
203.0,93.3,3300.0,2.12,44166.0,23976.0,3887.7,0.0,127524.0,126376.0,24.75
204.0,100.0,3299.999,2.12,43943.0,25272.0,3890.0,0.0,127392.0,126376.0,24.75
205.0,100.0,3299.999,2.12,44876.0,24840.0,3952.8,0.0,128300.0,127164.0,24.75
206.0,100.0,3300.0,2.12,44179.0,24480.0,3888.8,0.0,127392.0,126376.0,24.75
207.0,100.0,3300.0,1.66,34520.0,24984.0,3024.7,0.0,127392.0,126376.0,24.75
208.0,100.0,3299.999,1.62,33950.0,24768.0,3015.1,0.0,127392.0,126376.0,24.75
209.0,93.8,3300.0,2.12,44821.0,25200.0,3949.0,0.0,128300.0,127164.0,24.75
210.0,100.0,3300.0,2.12,44108.0,24192.0,3911.8,0.0,127524.0,126376.0,24.75
211.0,100.0,3300.0,2.12,44363.0,25272.0,3924.1,0.0,128300.0,127164.0,24.75
212.0,100.0,3300.0,2.12,44580.0,24768.0,3942.4,0.0,127524.0,126376.0,24.75
213.0,100.0,3299.999,2.12,44205.0,25056.0,3933.2,0.0,127392.0,126376.0,24.75
214.0,100.0,3300.0,2.12,44713.0,24912.0,3908.6,0.0,128300.0,127164.0,24.75
215.0,100.0,3299.999,2.12,44465.0,24840.0,3926.7,0.0,127524.0,126376.0,24.75
216.0,93.8,3299.999,2.12,43995.0,24984.0,3783.0,0.0,127392.0,126376.0,24.75
217.0,93.8,3300.0,2.12,44766.0,24840.0,3925.9,0.0,128300.0,127164.0,24.75
218.0,100.0,3299.999,2.12,44107.0,24408.0,3823.4,0.0,127524.0,126376.0,24.75
219.0,93.3,3299.999,2.12,44139.0,24984.0,3838.8,0.0,127392.0,126376.0,24.75
220.0,100.0,3299.999,2.12,44938.0,24696.0,3863.4,0.0,128300.0,127164.0,24.75
221.0,100.0,3300.0,2.12,44309.0,24768.0,3804.3,0.0,127392.0,126376.0,24.75
222.0,93.3,3300.0,2.12,44502.0,25056.0,3827.2,0.0,128300.0,127164.0,24.75
223.0,100.0,3299.999,2.12,44535.0,24624.0,3825.3,0.0,127524.0,126376.0,24.75
224.0,100.0,3299.999,2.12,43912.0,24624.0,3769.7,0.0,127392.0,126376.0,24.75
225.0,100.0,3300.0,2.12,44852.0,25056.0,3869.8,0.0,128300.0,127164.0,24.75
226.0,100.0,3300.0,2.12,44137.0,24480.0,3775.6,0.0,127524.0,126376.0,24.75
227.0,100.0,3299.999,2.12,43957.0,24984.0,3780.6,0.0,127392.0,126376.0,24.75
228.0,100.0,3300.0,2.12,44860.0,24840.0,3856.8,0.0,128300.0,127164.0,24.75
229.0,100.0,3300.0,2.12,44113.0,24840.0,3791.3,0.0,127392.0,126376.0,24.75
230.0,100.0,3300.0,2.12,44237.0,25128.0,3792.2,0.0,128300.0,127164.0,24.75
231.0,87.5,3299.999,2.12,44763.0,24768.0,3845.3,0.0,128300.0,127164.0,24.75
232.0,100.0,3300.0,2.12,44148.0,24840.0,3801.7,0.0,127392.0,126376.0,24.75
233.0,93.8,3299.999,2.12,44561.0,24912.0,3831.1,0.0,128300.0,127164.0,24.75
234.0,100.0,3299.999,2.12,44324.0,24624.0,3830.3,0.0,127524.0,126376.0,24.75
235.0,100.0,3299.999,2.12,44033.0,24912.0,3766.7,0.0,127392.0,126376.0,24.75
236.0,100.0,3300.0,2.11,44908.0,24840.0,3879.6,0.0,128300.0,127164.0,24.75
237.0,100.0,3300.0,2.12,44141.0,24480.0,3790.4,0.0,127524.0,126376.0,24.75
238.0,100.0,3299.999,2.12,43964.0,24768.0,3802.1,0.0,127392.0,126376.0,24.75
239.0,100.0,3299.999,2.12,44844.0,25200.0,3954.1,0.0,128300.0,127164.0,24.75
240.0,100.0,3300.0,2.12,44069.0,24912.0,3836.2,0.0,127392.0,126376.0,24.75
241.0,100.0,3299.999,2.12,44432.0,25056.0,3903.5,0.0,127392.0,126376.0,24.75
242.0,100.0,3299.999,2.12,44504.0,24624.0,3881.0,0.0,127524.0,126376.0,24.75
243.0,93.3,3300.0,2.12,44162.0,24768.0,3892.6,0.0,127392.0,126376.0,24.75
244.0,93.3,3300.0,2.11,44448.0,24984.0,3855.3,0.0,128300.0,127164.0,24.75
245.0,100.0,3300.0,2.12,44422.0,24840.0,3945.7,0.0,127524.0,126376.0,24.75
246.0,100.0,3300.0,2.12,43915.0,24912.0,3814.6,0.0,127392.0,126376.0,24.75
247.0,87.5,3299.999,2.11,44781.0,24840.0,3948.5,0.0,128300.0,127164.0,24.75
248.0,100.0,3299.999,2.12,44135.0,24480.0,3846.4,0.0,127524.0,126376.0,24.75
249.0,100.0,3299.999,2.12,43946.0,24768.0,3874.1,0.0,127524.0,126376.0,24.75
250.0,100.0,3299.999,1.73,36525.0,24696.0,3185.8,0.0,127524.0,126376.0,24.75
251.0,93.3,3300.0,2.12,43987.0,24696.0,3883.9,0.0,127392.0,126376.0,24.75
252.0,100.0,3299.999,2.12,44774.0,24840.0,3916.8,0.0,128300.0,127164.0,24.75
253.0,100.0,3300.0,2.12,44216.0,24840.0,3908.7,0.0,127392.0,126376.0,24.75
254.0,100.0,3299.999,2.11,44371.0,24984.0,3852.2,0.0,128300.0,127164.0,24.75
255.0,100.0,3300.0,2.12,44660.0,24984.0,3942.0,0.0,127524.0,126376.0,24.75
256.0,100.0,3300.0,2.12,44001.0,24984.0,3844.6,0.0,127392.0,126376.0,24.75
257.0,100.0,3299.999,2.11,44840.0,24840.0,3950.4,0.0,128300.0,127164.0,24.75
258.0,100.0,3300.0,2.12,44130.0,24120.0,3853.5,0.0,127524.0,126376.0,24.75
259.0,93.3,3300.0,2.12,43896.0,24912.0,3868.7,0.0,127392.0,126376.0,24.75
260.0,100.0,3299.999,2.12,44827.0,24840.0,3895.3,0.0,128300.0,127164.0,24.75
261.0,100.0,3300.0,2.12,44137.0,24768.0,3898.8,0.0,127524.0,126376.0,24.75
262.0,93.8,3299.999,2.12,44018.0,24696.0,3829.8,0.0,127392.0,126376.0,24.75
263.0,100.0,3300.0,2.12,44738.0,24768.0,3955.9,0.0,128300.0,127164.0,24.75
264.0,100.0,3299.999,2.12,44205.0,24552.0,3834.2,0.0,127392.0,126376.0,24.75
265.0,93.3,3300.0,2.11,44193.0,25128.0,3872.2,0.0,128300.0,127164.0,24.75
266.0,100.0,3299.999,2.12,44686.0,25200.0,3896.6,0.0,127524.0,126376.0,24.75
267.0,100.0,3299.999,2.12,44085.0,24768.0,3886.7,0.0,127392.0,126376.0,24.75
268.0,100.0,3300.0,2.11,44449.0,24624.0,3864.7,0.0,128300.0,127164.0,24.75
269.0,100.0,3299.999,2.12,44375.0,24696.0,3908.1,0.0,127524.0,126376.0,24.75
270.0,100.0,3299.999,2.12,44004.0,24696.0,3829.6,0.0,127392.0,126376.0,24.75
271.0,100.0,3299.999,2.12,44897.0,24480.0,3963.0,0.0,128300.0,127164.0,24.75
272.0,100.0,3300.0,2.12,44164.0,24264.0,3846.4,0.0,127524.0,126376.0,24.75
273.0,100.0,3299.999,2.12,43970.0,24408.0,3860.4,0.0,127392.0,126376.0,24.75
274.0,100.0,3300.0,2.12,44835.0,24912.0,3920.2,0.0,128300.0,127164.0,24.75
275.0,100.0,3299.999,2.12,44378.0,24336.0,3906.3,0.0,127392.0,126376.0,24.75
276.0,100.0,3299.999,2.12,44448.0,24984.0,3868.7,0.0,128300.0,127164.0,24.75
277.0,93.8,3300.0,2.12,44560.0,24840.0,3874.2,0.0,127524.0,126376.0,24.75
278.0,100.0,3300.0,2.12,44028.0,24696.0,3836.0,0.0,127392.0,126376.0,24.75
279.0,93.8,3300.0,2.11,44629.0,25056.0,3854.1,0.0,128300.0,127164.0,24.75
280.0,93.8,3299.999,2.12,44226.0,24912.0,3875.2,0.0,127524.0,126376.0,24.75
281.0,100.0,3299.999,2.12,43950.0,24768.0,3823.2,0.0,127392.0,126376.0,24.75
282.0,100.0,3300.0,2.11,44870.0,24768.0,3925.0,0.0,128300.0,127164.0,24.75
283.0,100.0,3300.0,2.12,44158.0,24768.0,3817.5,0.0,127392.0,126376.0,24.75
284.0,100.0,3299.999,2.12,43940.0,24840.0,3838.7,0.0,127392.0,126376.0,24.75
285.0,100.0,3300.0,2.12,44812.0,24912.0,3886.2,0.0,128300.0,127164.0,24.75
286.0,100.0,3300.0,2.12,44102.0,24552.0,3856.8,0.0,127392.0,126376.0,24.75
287.0,100.0,3299.999,2.12,44349.0,25344.0,3849.5,0.0,127392.0,126376.0,24.75
288.0,100.0,3300.0,2.12,44604.0,24696.0,3899.4,0.0,127524.0,126376.0,24.75
289.0,100.0,3299.999,2.12,44188.0,24480.0,3825.8,0.0,127392.0,126376.0,24.75
290.0,100.0,3300.0,2.11,44446.0,25272.0,3876.6,0.0,128300.0,127164.0,24.75
291.0,100.0,3300.0,2.12,44423.0,24984.0,3867.9,0.0,127524.0,126376.0,24.75
292.0,100.0,3300.0,2.12,44168.0,24984.0,3798.2,0.0,127392.0,126376.0,24.75
293.0,100.0,3299.999,2.12,44853.0,25056.0,3845.1,0.0,127524.0,126376.0,24.75
294.0,93.8,3300.0,1.69,35071.0,24408.0,3007.8,0.0,127524.0,126376.0,24.75
295.0,93.8,3299.999,2.12,44298.0,25200.0,3780.0,0.0,127392.0,126376.0,24.75
296.0,93.8,3300.0,2.12,44653.0,25128.0,3815.1,0.0,127524.0,126376.0,24.75
297.0,100.0,3300.0,2.12,44166.0,24696.0,3773.6,0.0,127392.0,126376.0,24.75
298.0,100.0,3299.999,2.1,43821.0,24840.0,3738.2,0.0,128300.0,126636.0,24.75
299.0,100.0,3300.0,2.12,44736.0,24912.0,3852.8,0.0,127524.0,126376.0,24.75
