time,CPU_Utilization,Frequency,IPC,Misses,LLC,MBL,Memory_Footprint,Virt_Memory,Res_Memory,Allocated_Cache
0.0,100.0,3300.0,1.9,113.0,144.0,1.8,0.0,128300.0,127300.0,13.5
1.0,100.0,3300.0,2.05,58186.0,13536.0,5018.1,0.0,127524.0,126512.0,13.5
2.0,100.0,3299.999,2.06,59937.0,13752.0,5178.2,0.0,127524.0,126512.0,13.5
3.0,100.0,3299.999,2.06,59999.0,13968.0,5182.7,0.0,127524.0,126512.0,13.5
4.0,100.0,3299.999,2.06,59925.0,14040.0,5164.5,0.0,127524.0,126512.0,13.5
5.0,100.0,3300.0,2.06,60066.0,14112.0,5190.4,0.0,127524.0,126512.0,13.5
6.0,100.0,3299.999,2.06,59882.0,13680.0,5178.9,0.0,127524.0,126512.0,13.5
7.0,100.0,3300.0,2.06,59832.0,13680.0,5180.8,0.0,127524.0,126512.0,13.5
8.0,100.0,3299.999,1.5,43531.0,13968.0,3778.5,0.0,127392.0,126512.0,13.5
9.0,100.0,3299.999,1.92,55861.0,13320.0,4823.2,0.0,127392.0,126512.0,13.5
10.0,100.0,3300.0,2.06,59903.0,13536.0,5188.9,0.0,128300.0,127300.0,13.5
11.0,100.0,3300.0,1.81,53325.0,13608.0,4602.1,0.0,127392.0,126512.0,13.5
12.0,100.0,3299.999,2.06,59743.0,13680.0,5160.2,0.0,127392.0,126512.0,13.5
13.0,100.0,3299.999,2.06,59849.0,14040.0,5175.1,0.0,128300.0,127300.0,13.5
14.0,93.8,3300.0,2.06,59737.0,13824.0,5183.9,0.0,127392.0,126512.0,13.5
15.0,100.0,3300.0,2.06,59813.0,13824.0,5176.1,0.0,127392.0,126512.0,13.5
16.0,100.0,3300.0,2.06,59990.0,14184.0,5194.8,0.0,127392.0,126512.0,13.5
17.0,93.3,3299.999,2.06,59758.0,14040.0,5160.3,0.0,127524.0,126512.0,13.5
18.0,100.0,3300.0,2.05,59537.0,13536.0,5173.4,0.0,127524.0,126512.0,13.5
19.0,100.0,3299.999,2.06,59955.0,13824.0,5178.0,0.0,127392.0,126512.0,13.5
20.0,100.0,3299.999,2.06,59872.0,13608.0,5173.7,0.0,127392.0,126512.0,13.5
21.0,93.3,3299.999,2.06,59963.0,13248.0,5167.8,0.0,127524.0,126512.0,13.5
22.0,100.0,3299.999,2.06,59987.0,13536.0,5177.7,0.0,127392.0,126512.0,13.5
23.0,100.0,3299.999,2.06,59964.0,13896.0,5179.5,0.0,127392.0,126512.0,13.5
24.0,100.0,3299.999,2.06,60013.0,13464.0,5186.1,0.0,127524.0,126512.0,13.5
25.0,100.0,3300.0,2.07,60009.0,13968.0,5190.1,0.0,127524.0,126512.0,13.5
26.0,100.0,3299.999,2.06,59959.0,13464.0,5208.0,0.0,127524.0,126512.0,13.5
27.0,100.0,3299.999,2.06,59850.0,13824.0,5174.9,0.0,127524.0,126512.0,13.5
28.0,100.0,3299.999,2.06,59802.0,13680.0,5178.1,0.0,127524.0,126512.0,13.5
29.0,100.0,3300.0,2.04,59802.0,13752.0,5163.8,0.0,128300.0,127300.0,13.5
30.0,93.8,3299.999,2.06,59951.0,13752.0,5198.6,0.0,128300.0,127300.0,13.5
31.0,100.0,3300.0,2.06,60065.0,13896.0,5198.6,0.0,128300.0,127300.0,13.5
32.0,93.3,3300.0,2.06,60030.0,13752.0,5186.3,0.0,128300.0,127300.0,13.5
33.0,100.0,3300.0,2.06,59911.0,13752.0,5185.4,0.0,128300.0,127300.0,13.5
34.0,100.0,3299.999,2.06,60007.0,13536.0,5193.3,0.0,127392.0,126512.0,13.5
35.0,100.0,3300.0,2.06,59895.0,14112.0,5168.2,0.0,128300.0,127300.0,13.5
36.0,93.3,3299.999,1.52,43898.0,13248.0,3796.2,0.0,127392.0,126512.0,13.5
37.0,100.0,3300.0,1.93,56029.0,13176.0,4848.9,0.0,127524.0,126512.0,13.5
38.0,100.0,3300.0,2.06,60047.0,13968.0,5177.3,0.0,127392.0,126512.0,13.5
39.0,100.0,3300.0,2.05,59541.0,13392.0,5135.7,0.0,127524.0,126512.0,13.5
