time,CPU_Utilization,Frequency,IPC,Misses,LLC,MBL,Memory_Footprint,Virt_Memory,Res_Memory,Allocated_Cache
0.0,100.0,3299.999,1.91,368.0,504.0,8.0,0.0,127392.0,126516.0,11.25
1.0,100.0,3299.999,2.05,61417.0,11592.0,4911.4,0.0,127392.0,126516.0,11.25
2.0,100.0,3300.0,1.88,58108.0,11088.0,4668.0,0.0,127392.0,126516.0,11.25
3.0,100.0,3300.0,1.89,58943.0,11376.0,4709.6,0.0,127524.0,126516.0,11.25
4.0,100.0,3300.0,2.05,63960.0,11448.0,5135.6,0.0,127524.0,126516.0,11.25
5.0,100.0,3300.0,2.05,63622.0,11304.0,5084.4,0.0,127524.0,126516.0,11.25
6.0,100.0,3300.0,2.04,63783.0,11304.0,5111.2,0.0,128300.0,127304.0,11.25
7.0,100.0,3299.999,2.05,63902.0,11160.0,5117.3,0.0,128300.0,127304.0,11.25
8.0,100.0,3299.999,1.48,46107.0,11448.0,3715.7,0.0,127392.0,126516.0,11.25
9.0,93.3,3299.999,1.99,61311.0,10872.0,4917.7,0.0,127392.0,126516.0,11.25
10.0,100.0,3300.0,1.66,51512.0,11232.0,4111.0,0.0,127392.0,126516.0,11.25
11.0,100.0,3300.0,2.04,63813.0,11664.0,5122.9,0.0,127524.0,126516.0,11.25
12.0,100.0,3300.0,2.03,63450.0,11160.0,5097.4,0.0,127524.0,126516.0,11.25
13.0,100.0,3300.0,2.05,63649.0,11520.0,5101.7,0.0,127524.0,126516.0,11.25
14.0,100.0,3300.0,2.05,63719.0,11376.0,5116.6,0.0,128300.0,127304.0,11.25
15.0,100.0,3299.999,2.05,63855.0,11448.0,5115.9,0.0,128300.0,127304.0,11.25
16.0,100.0,3299.999,1.46,44731.0,11448.0,3594.2,0.0,127524.0,126516.0,11.25
17.0,100.0,3299.999,1.99,62302.0,10872.0,4994.6,0.0,127524.0,126516.0,11.25
18.0,93.3,3299.999,2.05,63580.0,11448.0,5098.6,0.0,127524.0,126516.0,11.25
19.0,100.0,3300.0,2.04,63676.0,11232.0,5118.3,0.0,128300.0,127304.0,11.25
20.0,93.3,3300.0,2.05,63629.0,11448.0,5100.5,0.0,127392.0,126516.0,11.25
21.0,100.0,3300.0,1.48,46046.0,11304.0,3705.2,0.0,127392.0,126516.0,11.25
22.0,100.0,3299.999,2.0,61754.0,11016.0,4965.0,0.0,127392.0,126516.0,11.25
23.0,100.0,3299.999,2.05,63998.0,11232.0,5140.8,0.0,127392.0,126516.0,11.25
24.0,100.0,3299.999,1.8,55637.0,11520.0,4443.3,0.0,127392.0,126516.0,11.25
25.0,100.0,3300.0,1.53,47550.0,11520.0,3831.5,0.0,127524.0,126516.0,11.25
26.0,100.0,3299.999,1.98,61809.0,11448.0,4955.6,0.0,127524.0,126516.0,11.25
27.0,93.8,3299.999,2.05,63501.0,11232.0,5088.2,0.0,128300.0,127304.0,11.25
28.0,100.0,3299.999,2.05,63880.0,11160.0,5153.0,0.0,128300.0,127304.0,11.25
29.0,100.0,3300.0,2.05,63434.0,11448.0,5101.9,0.0,127392.0,126516.0,11.25
30.0,100.0,3299.999,2.05,63584.0,11592.0,5111.7,0.0,127392.0,126516.0,11.25
31.0,100.0,3300.0,2.05,63625.0,11232.0,5127.8,0.0,128300.0,127304.0,11.25
32.0,100.0,3300.0,2.04,63996.0,11232.0,5134.1,0.0,127524.0,126516.0,11.25
33.0,100.0,3299.999,2.05,63473.0,11088.0,5106.5,0.0,127524.0,126516.0,11.25
34.0,100.0,3299.999,2.04,63933.0,11376.0,5130.6,0.0,127392.0,126516.0,11.25
35.0,100.0,3300.0,2.05,63559.0,11448.0,5096.2,0.0,127524.0,126516.0,11.25
36.0,100.0,3299.999,2.05,63843.0,11376.0,5115.4,0.0,127524.0,126516.0,11.25
37.0,100.0,3300.0,2.04,63345.0,11520.0,5060.7,0.0,128300.0,127304.0,11.25
38.0,100.0,3300.0,2.05,63267.0,11232.0,5088.7,0.0,128300.0,127304.0,11.25
39.0,100.0,3299.999,2.05,63992.0,11376.0,5140.4,0.0,127392.0,126516.0,11.25
