time,CPU_Utilization,Frequency,IPC,Misses,LLC,MBL,Memory_Footprint,Virt_Memory,Res_Memory,Allocated_Cache
0.0,100.0,3299.999,1.95,319.0,360.0,6.0,0.0,127392.0,126448.0,22.5
1.0,100.0,3299.999,2.08,46271.0,22896.0,4270.1,0.0,127524.0,126448.0,22.5
2.0,100.0,3300.0,2.07,46630.0,22392.0,4316.1,0.0,127524.0,126448.0,22.5
3.0,100.0,3299.999,2.07,46661.0,22824.0,4278.9,0.0,127524.0,126448.0,22.5
4.0,100.0,3300.0,2.07,46690.0,22752.0,4299.5,0.0,127524.0,126448.0,22.5
5.0,100.0,3299.999,2.07,46737.0,22464.0,4287.9,0.0,127392.0,126448.0,22.5
6.0,100.0,3300.0,2.07,46717.0,22248.0,4335.2,0.0,127392.0,126448.0,22.5
7.0,100.0,3299.999,2.07,46582.0,22464.0,4324.8,0.0,127392.0,126448.0,22.5
8.0,100.0,3299.999,2.07,46485.0,22248.0,4302.5,0.0,127392.0,126448.0,22.5
9.0,100.0,3299.999,2.07,46616.0,22536.0,4309.7,0.0,127392.0,126448.0,22.5
10.0,100.0,3300.0,2.07,46791.0,22896.0,4325.0,0.0,127392.0,126448.0,22.5
11.0,100.0,3299.999,2.08,46616.0,22752.0,4314.0,0.0,128300.0,127236.0,22.5
12.0,93.8,3300.0,2.07,46627.0,22680.0,4307.5,0.0,128300.0,126972.0,22.5
13.0,93.3,3299.999,2.07,46559.0,22536.0,4311.7,0.0,128300.0,127236.0,22.5
14.0,100.0,3299.999,2.08,46630.0,22608.0,4320.7,0.0,128300.0,127236.0,22.5
15.0,100.0,3300.0,2.07,46850.0,22968.0,4329.9,0.0,128300.0,127236.0,22.5
16.0,100.0,3299.999,2.07,46816.0,23112.0,4338.4,0.0,128300.0,127236.0,22.5
17.0,100.0,3299.999,2.07,46924.0,22968.0,4359.2,0.0,128300.0,127236.0,22.5
18.0,100.0,3300.0,2.08,46779.0,22680.0,4324.6,0.0,128300.0,127236.0,22.5
19.0,100.0,3299.999,2.07,46717.0,22680.0,4327.8,0.0,127524.0,126448.0,22.5
20.0,100.0,3300.0,2.07,46675.0,22392.0,4302.1,0.0,127524.0,126448.0,22.5
21.0,100.0,3299.999,2.05,46251.0,22608.0,4295.2,0.0,127524.0,126448.0,22.5
22.0,100.0,3300.0,2.07,46638.0,22320.0,4309.1,0.0,127524.0,126448.0,22.5
23.0,100.0,3300.0,2.07,46636.0,22536.0,4316.0,0.0,127524.0,126448.0,22.5
24.0,100.0,3299.999,2.07,46529.0,22968.0,4300.4,0.0,127392.0,126448.0,22.5
25.0,100.0,3300.0,2.08,46814.0,22680.0,4352.9,0.0,127524.0,126448.0,22.5
26.0,100.0,3300.0,2.06,46509.0,22536.0,4313.1,0.0,127392.0,126448.0,22.5
27.0,100.0,3300.0,2.07,46648.0,22824.0,4322.0,0.0,127392.0,126448.0,22.5
28.0,100.0,3300.0,2.08,46568.0,22680.0,4306.3,0.0,128300.0,127236.0,22.5
29.0,100.0,3300.0,2.07,46598.0,22176.0,4303.8,0.0,128300.0,127236.0,22.5
30.0,100.0,3299.999,2.07,46770.0,23040.0,4352.8,0.0,127392.0,126448.0,22.5
31.0,100.0,3300.0,2.08,46605.0,22464.0,4346.4,0.0,128300.0,127236.0,22.5
32.0,100.0,3300.0,2.07,46677.0,22536.0,4333.1,0.0,128300.0,127236.0,22.5
33.0,100.0,3300.0,2.07,46605.0,22680.0,4338.0,0.0,127524.0,126448.0,22.5
34.0,100.0,3299.999,2.07,46639.0,22968.0,4330.8,0.0,128300.0,127236.0,22.5
35.0,100.0,3300.0,2.07,46974.0,22896.0,4336.4,0.0,128300.0,127236.0,22.5
36.0,100.0,3299.999,2.08,47007.0,22896.0,4341.4,0.0,127524.0,126448.0,22.5
37.0,100.0,3299.999,2.07,46857.0,22752.0,4342.6,0.0,127524.0,126448.0,22.5
38.0,100.0,3299.999,2.08,46543.0,22464.0,4320.0,0.0,127524.0,126448.0,22.5
39.0,100.0,3299.999,2.07,46533.0,22680.0,4308.7,0.0,127524.0,126448.0,22.5
