time,CPU_Utilization,Frequency,IPC,Misses,LLC,MBL,Memory_Footprint,Virt_Memory,Res_Memory,Allocated_Cache
0.0,100.0,3300.0,2.11,526.0,1224.0,12.0,0.0,127524.0,126380.0,18.0
1.0,100.0,3299.999,2.08,52395.0,18216.0,4579.8,0.0,127392.0,126380.0,18.0
2.0,100.0,3299.999,2.07,53075.0,18216.0,4671.8,0.0,127392.0,126380.0,18.0
3.0,93.8,3300.0,1.6,40537.0,18432.0,3562.2,0.0,128300.0,127168.0,18.0
4.0,100.0,3299.999,1.86,47636.0,17856.0,4186.8,0.0,128300.0,127168.0,18.0
5.0,100.0,3300.0,2.08,53501.0,18504.0,4680.4,0.0,127524.0,126380.0,18.0
6.0,100.0,3299.999,2.07,53211.0,18000.0,4706.2,0.0,127524.0,126380.0,18.0
7.0,100.0,3300.0,2.08,53217.0,18000.0,4714.6,0.0,127524.0,126380.0,18.0
8.0,100.0,3300.0,2.08,53428.0,18144.0,4680.8,0.0,127392.0,126380.0,18.0
9.0,100.0,3300.0,2.08,53700.0,18360.0,4719.5,0.0,127392.0,126380.0,18.0
10.0,100.0,3300.0,2.08,53606.0,17856.0,4714.5,0.0,127392.0,126380.0,18.0
11.0,100.0,3300.0,2.08,53268.0,18000.0,4686.4,0.0,128300.0,127168.0,18.0
12.0,100.0,3299.999,2.07,53117.0,17928.0,4673.7,0.0,128300.0,127168.0,18.0
13.0,93.8,3300.0,2.08,53637.0,17640.0,4718.4,0.0,128300.0,127168.0,18.0
14.0,100.0,3299.999,2.09,53217.0,18288.0,4694.5,0.0,128300.0,127168.0,18.0
15.0,100.0,3299.999,2.08,53457.0,18072.0,4697.5,0.0,127524.0,126380.0,18.0
16.0,93.8,3300.0,2.07,53273.0,17784.0,4695.3,0.0,127524.0,126380.0,18.0
17.0,100.0,3299.999,2.08,53206.0,18360.0,4687.3,0.0,127524.0,126380.0,18.0
18.0,93.8,3300.0,2.08,53346.0,18072.0,4689.3,0.0,127392.0,126380.0,18.0
19.0,87.5,3299.999,2.08,53759.0,18504.0,4727.9,0.0,127392.0,126380.0,18.0
20.0,100.0,3300.0,2.08,53756.0,18504.0,4708.8,0.0,127392.0,126380.0,18.0
21.0,100.0,3299.999,2.07,53103.0,18216.0,4689.0,0.0,127392.0,126380.0,18.0
22.0,100.0,3300.0,2.08,53241.0,18288.0,4691.5,0.0,127392.0,126380.0,18.0
23.0,100.0,3300.0,2.08,53301.0,18504.0,4678.7,0.0,128300.0,127168.0,18.0
24.0,93.3,3300.0,2.08,53474.0,17928.0,4736.7,0.0,127524.0,126380.0,18.0
25.0,100.0,3300.0,1.72,44453.0,18072.0,3900.7,0.0,128300.0,127168.0,18.0
26.0,100.0,3299.999,1.86,47357.0,18432.0,4153.6,0.0,127524.0,126380.0,18.0
27.0,100.0,3300.0,2.08,53093.0,17928.0,4681.5,0.0,127392.0,126380.0,18.0
28.0,100.0,3299.999,2.08,53242.0,18432.0,4716.4,0.0,127392.0,126380.0,18.0
29.0,100.0,3300.0,2.08,53449.0,18144.0,4674.5,0.0,127392.0,126380.0,18.0
30.0,100.0,3299.999,2.08,53984.0,18432.0,4758.2,0.0,127392.0,126380.0,18.0
31.0,100.0,3299.999,2.08,53332.0,17928.0,4687.7,0.0,127392.0,126380.0,18.0
32.0,100.0,3299.999,2.08,53324.0,18072.0,4714.6,0.0,128300.0,127168.0,18.0
33.0,100.0,3299.999,2.08,53561.0,18000.0,4699.3,0.0,128300.0,127168.0,18.0
34.0,100.0,3300.0,2.08,53261.0,17712.0,4716.5,0.0,128300.0,127168.0,18.0
35.0,100.0,3299.999,2.08,53252.0,17928.0,4734.4,0.0,127524.0,126380.0,18.0
36.0,100.0,3300.0,2.08,53437.0,18360.0,4737.1,0.0,127524.0,126380.0,18.0
37.0,100.0,3300.0,2.08,53230.0,18288.0,4741.8,0.0,127524.0,126380.0,18.0
38.0,100.0,3299.999,2.08,53510.0,18432.0,4711.1,0.0,127392.0,126380.0,18.0
39.0,100.0,3300.0,2.08,53686.0,18504.0,4751.2,0.0,127392.0,126380.0,18.0
