time,CPU_Utilization,Frequency,IPC,Misses,LLC,MBL,Memory_Footprint,Virt_Memory,Res_Memory,Allocated_Cache
0.0,100.0,3300.0,2.19,571.0,648.0,12.6,0.0,127392.0,126320.0,20.25
1.0,100.0,3300.0,2.07,49908.0,20592.0,4423.6,0.0,127524.0,126320.0,20.25
2.0,100.0,3299.999,2.07,50496.0,20448.0,4450.1,0.0,127524.0,126320.0,20.25
3.0,100.0,3299.999,2.06,50390.0,20448.0,4448.3,0.0,127524.0,126320.0,20.25
4.0,100.0,3299.999,2.07,50450.0,20304.0,4471.8,0.0,127392.0,126320.0,20.25
5.0,93.3,3300.0,2.06,50359.0,19944.0,4463.3,0.0,127392.0,126320.0,20.25
6.0,93.3,3299.999,2.07,50455.0,20304.0,4468.9,0.0,127392.0,126320.0,20.25
7.0,100.0,3299.999,1.55,37500.0,20304.0,3313.3,0.0,128300.0,127108.0,20.25
8.0,100.0,3300.0,1.91,46790.0,20160.0,4142.8,0.0,127524.0,126320.0,20.25
9.0,93.3,3300.0,2.07,50443.0,20304.0,4464.3,0.0,128300.0,127108.0,20.25
10.0,100.0,3299.999,2.08,50417.0,20664.0,4476.2,0.0,128300.0,127108.0,20.25
11.0,100.0,3300.0,2.07,50441.0,20592.0,4469.3,0.0,127524.0,126320.0,20.25
12.0,100.0,3299.999,2.07,50623.0,20232.0,4484.9,0.0,127524.0,126320.0,20.25
13.0,93.8,3300.0,2.07,50697.0,20592.0,4511.5,0.0,127392.0,126320.0,20.25
14.0,100.0,3300.0,2.07,50813.0,20304.0,4500.7,0.0,127524.0,126320.0,20.25
15.0,100.0,3299.999,2.07,50714.0,20304.0,4518.4,0.0,127392.0,126320.0,20.25
16.0,93.3,3299.999,2.07,50464.0,20448.0,4464.1,0.0,127524.0,126320.0,20.25
17.0,100.0,3300.0,2.08,50451.0,20304.0,4491.8,0.0,127392.0,126320.0,20.25
18.0,100.0,3300.0,2.07,50502.0,20304.0,4457.6,0.0,127392.0,126320.0,20.25
19.0,100.0,3300.0,2.07,50524.0,20016.0,4462.7,0.0,127392.0,126320.0,20.25
20.0,100.0,3300.0,2.08,50708.0,20232.0,4487.0,0.0,127392.0,126320.0,20.25
21.0,100.0,3300.0,2.07,50445.0,19872.0,4477.9,0.0,128300.0,127108.0,20.25
22.0,100.0,3299.999,2.07,50446.0,19944.0,4467.7,0.0,128300.0,127108.0,20.25
23.0,100.0,3300.0,1.45,35412.0,20592.0,3121.5,0.0,127524.0,126320.0,20.25
24.0,100.0,3300.0,1.89,46351.0,20016.0,4096.2,0.0,128300.0,127108.0,20.25
25.0,100.0,3300.0,2.07,50491.0,20232.0,4470.1,0.0,127392.0,126320.0,20.25
26.0,100.0,3299.999,2.08,50390.0,20520.0,4465.8,0.0,127392.0,126320.0,20.25
27.0,100.0,3299.999,2.07,50567.0,19872.0,4455.4,0.0,128300.0,127108.0,20.25
28.0,100.0,3299.999,2.07,50609.0,20736.0,4489.2,0.0,127392.0,126320.0,20.25
29.0,93.8,3300.0,2.08,50565.0,20448.0,4463.1,0.0,127392.0,126320.0,20.25
30.0,93.8,3299.999,2.08,50419.0,19872.0,4485.7,0.0,128300.0,126320.0,20.25
31.0,100.0,3299.999,2.07,50492.0,20160.0,4453.3,0.0,128300.0,127108.0,20.25
32.0,100.0,3299.999,2.07,50479.0,20304.0,4479.3,0.0,128300.0,127108.0,20.25
33.0,100.0,3300.0,2.08,50693.0,20520.0,4467.8,0.0,128300.0,127108.0,20.25
34.0,100.0,3299.999,2.07,50509.0,20088.0,4487.3,0.0,128300.0,127108.0,20.25
35.0,100.0,3300.0,2.07,50556.0,20376.0,4459.6,0.0,128300.0,127108.0,20.25
36.0,100.0,3299.999,2.06,50243.0,20304.0,4457.3,0.0,128300.0,127108.0,20.25
37.0,93.8,3299.999,2.07,50471.0,20592.0,4466.7,0.0,127524.0,126320.0,20.25
38.0,100.0,3300.0,1.98,48754.0,20160.0,4329.1,0.0,128300.0,126320.0,20.25
39.0,100.0,3299.999,1.94,47274.0,20160.0,4170.5,0.0,127392.0,126320.0,20.25
