time,CPU_Utilization,Frequency,IPC,Misses,LLC,MBL,Memory_Footprint,Virt_Memory,Res_Memory,Allocated_Cache
0.0,93.8,3299.999,1.98,146.0,0.0,3.7,0.0,127392.0,126244.0,6.75
1.0,100.0,3300.0,2.03,67737.0,7272.0,5582.9,0.0,128300.0,127032.0,6.75
2.0,100.0,3299.999,2.01,70568.0,6552.0,5816.2,0.0,127392.0,126244.0,6.75
3.0,100.0,3299.999,2.02,70716.0,6912.0,5809.2,0.0,127524.0,126244.0,6.75
4.0,100.0,3299.999,2.02,71211.0,7056.0,5839.5,0.0,128300.0,127032.0,6.75
5.0,100.0,3300.0,2.02,70771.0,7056.0,5837.3,0.0,127392.0,126244.0,6.75
6.0,100.0,3299.999,1.99,69630.0,6840.0,5740.9,0.0,127524.0,126244.0,6.75
7.0,100.0,3299.999,2.02,71032.0,6696.0,5836.9,0.0,128300.0,127032.0,6.75
8.0,100.0,3300.0,2.01,70952.0,6912.0,5830.9,0.0,127392.0,126244.0,6.75
9.0,100.0,3299.999,2.02,70344.0,6768.0,5780.9,0.0,127524.0,126244.0,6.75
10.0,100.0,3299.999,1.63,57028.0,6768.0,4661.8,0.0,127524.0,126244.0,6.75
11.0,100.0,3299.999,1.58,56070.0,6840.0,4609.9,0.0,128300.0,127032.0,6.75
12.0,100.0,3300.0,1.86,65246.0,6984.0,5405.2,0.0,127392.0,126244.0,6.75
13.0,100.0,3299.999,2.02,70670.0,7056.0,5795.9,0.0,127392.0,126244.0,6.75
14.0,93.8,3300.0,2.02,71182.0,6912.0,5843.2,0.0,128300.0,127032.0,6.75
15.0,100.0,3300.001,2.02,70828.0,7056.0,5841.6,0.0,128300.0,126244.0,6.75
16.0,100.0,3300.0,2.02,71008.0,6984.0,5846.2,0.0,127392.0,126244.0,6.75
17.0,100.0,3299.999,2.02,70383.0,6480.0,5796.8,0.0,127524.0,126244.0,6.75
18.0,100.0,3300.0,2.02,71112.0,6840.0,5854.4,0.0,127392.0,126244.0,6.75
19.0,100.0,3299.999,1.8,62944.0,7056.0,5162.5,0.0,128300.0,127032.0,6.75
20.0,100.0,3300.0,2.02,70982.0,7056.0,5841.4,0.0,127392.0,126244.0,6.75
21.0,100.0,3300.0,2.02,70734.0,6840.0,5815.1,0.0,127524.0,126244.0,6.75
22.0,100.0,3300.0,2.03,70675.0,6768.0,5840.4,0.0,128300.0,127032.0,6.75
23.0,100.0,3299.999,2.02,71127.0,6624.0,5855.3,0.0,128300.0,127032.0,6.75
24.0,100.0,3300.0,1.96,68596.0,6696.0,5635.3,0.0,128300.0,127032.0,6.75
25.0,100.0,3300.0,2.02,71024.0,6624.0,5856.7,0.0,128300.0,127032.0,6.75
26.0,93.3,3299.999,2.02,70925.0,6984.0,5840.6,0.0,127392.0,126244.0,6.75
27.0,100.0,3300.0,2.02,70377.0,6984.0,5793.9,0.0,127524.0,126244.0,6.75
28.0,100.0,3300.0,2.03,71505.0,7056.0,5873.3,0.0,128300.0,127032.0,6.75
29.0,93.3,3300.0,2.02,70656.0,6912.0,5834.7,0.0,127392.0,126244.0,6.75
30.0,100.0,3300.0,2.02,70753.0,7128.0,5820.7,0.0,127392.0,126244.0,6.75
31.0,100.0,3299.999,2.03,70862.0,7056.0,5845.1,0.0,127524.0,126244.0,6.75
32.0,100.0,3299.999,2.02,71037.0,7128.0,5863.7,0.0,128300.0,127032.0,6.75
33.0,100.0,3299.999,2.02,70943.0,6984.0,5856.7,0.0,127392.0,126244.0,6.75
34.0,100.0,3300.0,2.03,70284.0,7056.0,5795.0,0.0,127524.0,126244.0,6.75
35.0,100.0,3300.0,2.02,71080.0,6336.0,5859.4,0.0,128300.0,127032.0,6.75
36.0,100.0,3299.999,2.02,70989.0,6696.0,5840.0,0.0,127392.0,126244.0,6.75
37.0,100.0,3299.999,2.02,70621.0,6768.0,5792.8,0.0,127524.0,126244.0,6.75
38.0,100.0,3300.0,2.02,71280.0,7056.0,5886.0,0.0,127524.0,126244.0,6.75
39.0,93.8,3299.999,2.02,70897.0,6984.0,5832.1,0.0,128300.0,127032.0,6.75
