time,CPU_Utilization,Frequency,IPC,Misses,LLC,MBL,Memory_Footprint,Virt_Memory,Res_Memory,Allocated_Cache
0.0,100.0,3300.0,2.21,559.0,936.0,11.9,0.0,128300.0,127196.0,15.75
1.0,100.0,3299.999,2.0,53092.0,15552.0,4373.3,0.0,127392.0,126408.0,15.75
2.0,100.0,3300.0,2.07,56407.0,14976.0,4611.6,0.0,127392.0,126408.0,15.75
3.0,100.0,3300.0,1.46,40104.0,15624.0,3271.4,0.0,128300.0,127196.0,15.75
4.0,100.0,3300.0,2.01,54993.0,15984.0,4517.9,0.0,128300.0,127196.0,15.75
5.0,100.0,3299.999,2.07,56372.0,15912.0,4614.7,0.0,127524.0,126408.0,15.75
6.0,100.0,3300.0,2.07,56366.0,15840.0,4619.5,0.0,127524.0,126408.0,15.75
7.0,93.8,3299.999,2.07,56323.0,15768.0,4605.4,0.0,127524.0,126408.0,15.75
8.0,93.8,3300.0,2.07,56431.0,15696.0,4598.2,0.0,127524.0,126408.0,15.75
9.0,100.0,3299.999,1.48,40348.0,15984.0,3326.3,0.0,128300.0,127196.0,15.75
10.0,100.0,3299.999,2.01,54237.0,16056.0,4439.7,0.0,127524.0,126408.0,15.75
11.0,100.0,3299.999,1.49,40823.0,15912.0,3353.9,0.0,127524.0,126408.0,15.75
12.0,100.0,3300.0,1.98,54465.0,15840.0,4434.4,0.0,127524.0,126408.0,15.75
13.0,100.0,3299.999,2.07,56385.0,15696.0,4615.2,0.0,127392.0,126408.0,15.75
14.0,100.0,3299.999,2.07,56410.0,15408.0,4603.1,0.0,127392.0,126408.0,15.75
15.0,100.0,3300.0,2.07,56338.0,15840.0,4629.1,0.0,127524.0,126408.0,15.75
16.0,100.0,3300.0,2.06,56264.0,15768.0,4583.1,0.0,127392.0,126408.0,15.75
17.0,100.0,3300.0,2.07,56409.0,15696.0,4620.2,0.0,127392.0,126408.0,15.75
18.0,93.8,3300.0,2.06,56293.0,15768.0,4597.5,0.0,127392.0,126408.0,15.75
19.0,100.0,3299.999,2.06,56183.0,15912.0,4578.8,0.0,128300.0,127196.0,15.75
20.0,93.8,3300.0,2.06,56250.0,16056.0,4594.6,0.0,127392.0,126408.0,15.75
21.0,100.0,3299.999,2.07,56344.0,16128.0,4598.8,0.0,127392.0,126408.0,15.75
22.0,100.0,3299.999,2.08,56315.0,15192.0,4583.6,0.0,127392.0,126408.0,15.75
23.0,100.0,3300.0,2.07,56423.0,15912.0,4599.1,0.0,127392.0,126408.0,15.75
24.0,100.0,3300.0,2.07,56470.0,14976.0,4611.0,0.0,128300.0,127196.0,15.75
25.0,93.3,3299.999,2.07,56549.0,15552.0,4578.0,0.0,127392.0,126408.0,15.75
26.0,100.0,3299.999,2.07,56350.0,16056.0,4583.1,0.0,128300.0,127196.0,15.75
27.0,100.0,3300.0,2.06,56153.0,16200.0,4558.9,0.0,127392.0,126408.0,15.75
28.0,100.0,3299.999,1.49,40472.0,15984.0,3310.7,0.0,127524.0,126408.0,15.75
29.0,100.0,3300.0,2.01,55229.0,15840.0,4513.6,0.0,127524.0,126408.0,15.75
30.0,100.0,3300.0,2.07,56382.0,16056.0,4615.2,0.0,127392.0,126408.0,15.75
31.0,100.0,3299.999,2.07,56294.0,15840.0,4566.6,0.0,127392.0,126408.0,15.75
32.0,100.0,3300.0,2.07,56307.0,15336.0,4595.5,0.0,127392.0,126408.0,15.75
33.0,100.0,3299.999,2.07,56346.0,15624.0,4584.3,0.0,127392.0,126408.0,15.75
34.0,100.0,3299.999,2.06,56254.0,15480.0,4576.2,0.0,127392.0,126408.0,15.75
35.0,100.0,3299.999,2.07,56296.0,15840.0,4598.2,0.0,127392.0,126408.0,15.75
36.0,93.8,3300.0,2.07,56484.0,15840.0,4612.2,0.0,127392.0,126408.0,15.75
37.0,93.8,3299.999,2.07,56529.0,15552.0,4620.7,0.0,128300.0,127196.0,15.75
38.0,100.0,3300.0,2.07,56432.0,15552.0,4622.5,0.0,127392.0,126408.0,15.75
39.0,93.3,3299.999,1.41,38688.0,16056.0,3169.4,0.0,128300.0,127196.0,15.75
