time,CPU_Utilization,Frequency,IPC,Misses,LLC,MBL,Memory_Footprint,Virt_Memory,Res_Memory,Allocated_Cache
0.0,93.8,3300.0,1.12,372.0,1296.0,5.8,0.2,421312.0,420040.0,2.25
1.0,93.8,3299.999,1.21,92595.0,2304.0,9699.4,0.2,421312.0,420040.0,2.25
2.0,93.8,3300.0,1.2,96590.0,2304.0,10142.8,0.2,421312.0,420040.0,2.25
3.0,100.0,3299.999,1.2,96426.0,2232.0,10132.3,0.2,421312.0,420040.0,2.25
4.0,100.0,3299.999,1.19,96439.0,2304.0,10124.5,0.2,421312.0,420040.0,2.25
5.0,100.0,3300.0,1.19,96422.0,2304.0,10130.2,0.2,421312.0,420040.0,2.25
6.0,93.8,3299.999,1.19,96556.0,2232.0,10147.4,0.2,421312.0,420040.0,2.25
7.0,100.0,3299.999,1.19,96375.0,2232.0,10125.4,0.2,421312.0,420040.0,2.25
8.0,100.0,3300.0,1.19,96402.0,2304.0,10128.1,0.2,421312.0,420040.0,2.25
9.0,100.0,3300.0,1.21,96519.0,2304.0,10000.0,0.2,421312.0,420040.0,2.25
10.0,100.0,3300.0,1.19,96339.0,2304.0,10136.9,0.2,421312.0,420040.0,2.25
11.0,100.0,3300.0,1.2,96312.0,2304.0,10135.2,0.2,421312.0,420040.0,2.25
12.0,100.0,3300.0,1.19,96259.0,2160.0,10111.1,0.2,421312.0,420040.0,2.25
13.0,100.0,3299.999,1.19,96228.0,2304.0,10127.5,0.2,421312.0,420040.0,2.25
14.0,100.0,3300.0,1.2,96514.0,2304.0,10151.8,0.2,421312.0,420040.0,2.25
15.0,100.0,3300.0,1.19,96024.0,2304.0,10093.9,0.2,421312.0,420040.0,2.25
16.0,100.0,3300.0,1.19,96480.0,2304.0,10145.1,0.2,421312.0,420040.0,2.25
17.0,100.0,3299.999,1.21,96591.0,2304.0,10020.8,0.2,421312.0,420040.0,2.25
18.0,100.0,3299.999,1.19,96403.0,2304.0,10137.2,0.2,421312.0,420040.0,2.25
19.0,100.0,3299.999,1.2,96247.0,2232.0,10104.6,0.2,421312.0,420040.0,2.25
20.0,100.0,3300.0,1.19,96442.0,2232.0,10130.9,0.2,421312.0,420040.0,2.25
21.0,100.0,3299.999,1.2,96506.0,2304.0,10135.4,0.2,421312.0,420040.0,2.25
22.0,100.0,3300.0,1.19,96479.0,2232.0,10134.4,0.2,421312.0,420040.0,2.25
23.0,100.0,3300.0,1.19,96400.0,2232.0,10127.8,0.2,421312.0,420040.0,2.25
24.0,93.8,3299.999,1.19,96475.0,2304.0,10143.8,0.2,421312.0,420040.0,2.25
25.0,100.0,3299.999,1.21,96630.0,2304.0,10017.0,0.2,421312.0,420040.0,2.25
26.0,100.0,3300.0,1.19,96329.0,2232.0,10111.8,0.2,421312.0,420040.0,2.25
27.0,100.0,3299.999,1.19,96463.0,2304.0,10123.4,0.2,421312.0,420040.0,2.25
28.0,100.0,3299.999,1.2,96258.0,2304.0,10118.5,0.2,421312.0,420040.0,2.25
29.0,100.0,3299.999,1.19,95787.0,2160.0,10058.1,0.2,421312.0,420040.0,2.25
30.0,100.0,3299.999,1.19,96373.0,2304.0,10118.4,0.2,421312.0,420040.0,2.25
31.0,100.0,3299.999,1.19,96337.0,2304.0,10121.0,0.2,421312.0,420040.0,2.25
32.0,100.0,3300.0,1.19,95759.0,2232.0,10061.8,0.2,421312.0,420040.0,2.25
33.0,100.0,3299.999,1.21,96615.0,2232.0,10011.2,0.2,421312.0,420040.0,2.25
34.0,100.0,3299.999,1.19,96256.0,2304.0,10106.8,0.2,421312.0,420040.0,2.25
35.0,93.8,3300.0,1.2,96421.0,2232.0,10142.4,0.2,421312.0,420040.0,2.25
36.0,100.0,3300.0,1.19,96167.0,2016.0,10096.6,0.2,421312.0,420040.0,2.25
37.0,100.0,3299.999,1.19,96305.0,2232.0,10119.0,0.2,421312.0,420040.0,2.25
38.0,100.0,3300.0,1.19,96437.0,2304.0,10125.8,0.2,421312.0,420040.0,2.25
39.0,100.0,3299.999,1.19,96249.0,2232.0,10129.4,0.2,421312.0,420040.0,2.25
