time,CPU_Utilization,Frequency,IPC,Misses,LLC,MBL,Memory_Footprint,Virt_Memory,Res_Memory,Allocated_Cache
0.0,100.0,3299.999,1.75,599.0,0.0,11.1,0.2,421312.0,420084.0,4.5
1.0,100.0,3300.0,1.24,85598.0,4536.0,8946.1,0.2,421312.0,420084.0,4.5
2.0,100.0,3300.0,1.22,88347.0,4464.0,9317.6,0.2,421312.0,420084.0,4.5
3.0,100.0,3300.001,1.22,88310.0,4536.0,9309.7,0.2,421312.0,420084.0,4.5
4.0,100.0,3300.0,1.22,88172.0,4464.0,9289.3,0.2,421312.0,420084.0,4.5
5.0,100.0,3299.999,1.22,88124.0,4464.0,9299.5,0.2,421312.0,420084.0,4.5
6.0,100.0,3299.999,1.22,88139.0,4464.0,9298.5,0.2,421312.0,420084.0,4.5
7.0,100.0,3300.0,1.22,88105.0,4608.0,9292.3,0.2,421312.0,420084.0,4.5
8.0,100.0,3299.999,1.24,88677.0,4464.0,9210.7,0.2,421312.0,420084.0,4.5
9.0,100.0,3299.999,1.22,88053.0,4608.0,9296.4,0.2,421312.0,420084.0,4.5
10.0,100.0,3300.0,1.22,88188.0,4608.0,9289.1,0.2,421312.0,420084.0,4.5
11.0,100.0,3300.001,1.22,88144.0,4536.0,9287.7,0.2,421312.0,420084.0,4.5
12.0,100.0,3299.999,1.22,88156.0,4464.0,9293.1,0.2,421312.0,420084.0,4.5
13.0,100.0,3300.0,1.22,88125.0,4392.0,9291.4,0.2,421312.0,420084.0,4.5
14.0,100.0,3299.999,1.22,88323.0,4392.0,9310.4,0.2,421312.0,420084.0,4.5
15.0,100.0,3300.0,1.22,88250.0,4176.0,9313.1,0.2,421312.0,420084.0,4.5
16.0,100.0,3299.999,1.24,88806.0,4608.0,9229.4,0.2,421312.0,420084.0,4.5
17.0,93.8,3299.999,1.22,88162.0,4248.0,9287.9,0.2,421312.0,420084.0,4.5
18.0,100.0,3299.999,1.22,87699.0,4536.0,9263.5,0.2,421312.0,420084.0,4.5
19.0,100.0,3300.001,1.22,87972.0,4608.0,9282.0,0.2,421312.0,420084.0,4.5
20.0,100.0,3300.0,1.21,87231.0,4536.0,9211.9,0.2,421312.0,420084.0,4.5
21.0,100.0,3300.0,1.22,88048.0,4536.0,9295.7,0.2,421312.0,420084.0,4.5
22.0,100.0,3300.0,1.22,88163.0,4464.0,9292.4,0.2,421312.0,420084.0,4.5
23.0,100.0,3299.999,1.22,88191.0,4536.0,9290.6,0.2,421312.0,420084.0,4.5
24.0,100.0,3300.0,1.15,81959.0,4536.0,8513.6,0.2,421312.0,420084.0,4.5
25.0,100.0,3299.999,1.22,88276.0,4464.0,9323.9,0.2,421312.0,420084.0,4.5
26.0,100.0,3300.0,1.22,88207.0,4392.0,9307.6,0.2,421312.0,420084.0,4.5
27.0,100.0,3299.999,1.22,88124.0,4320.0,9283.0,0.2,421312.0,420084.0,4.5
28.0,100.0,3300.0,1.22,88257.0,4536.0,9307.7,0.2,421312.0,420084.0,4.5
29.0,100.0,3300.0,1.22,88234.0,4464.0,9306.4,0.2,421312.0,420084.0,4.5
30.0,100.0,3299.999,1.22,88228.0,4464.0,9304.2,0.2,421312.0,420084.0,4.5
31.0,100.0,3300.0,1.22,88276.0,4536.0,9321.9,0.2,421312.0,420084.0,4.5
32.0,100.0,3299.999,1.24,88896.0,4608.0,9265.9,0.2,421312.0,420084.0,4.5
33.0,100.0,3299.999,1.22,88260.0,4536.0,9315.8,0.2,421312.0,420084.0,4.5
34.0,100.0,3299.999,1.22,88240.0,4464.0,9303.3,0.2,421312.0,420084.0,4.5
35.0,100.0,3300.0,1.22,88281.0,4464.0,9293.4,0.2,421312.0,420084.0,4.5
36.0,100.0,3299.999,1.22,88253.0,4536.0,9315.5,0.2,421312.0,420084.0,4.5
37.0,100.0,3299.999,1.22,88214.0,4536.0,9311.4,0.2,421312.0,420084.0,4.5
38.0,100.0,3300.0,1.21,87213.0,4536.0,9201.3,0.2,421312.0,420084.0,4.5
39.0,100.0,3300.0,1.22,87934.0,4608.0,9278.3,0.2,421312.0,420084.0,4.5
