time,CPU_Utilization,Frequency,IPC,Misses,LLC,MBL,Memory_Footprint,Virt_Memory,Res_Memory,Allocated_Cache
0.0,93.8,3299.999,1.78,575.0,0.0,10.5,0.2,421312.0,420120.0,22.5
1.0,100.0,3300.0,1.33,63664.0,22536.0,6402.2,0.2,421312.0,420120.0,22.5
2.0,100.0,3299.999,1.32,63129.0,22608.0,6413.8,0.2,421312.0,420120.0,22.5
3.0,100.0,3299.999,1.32,63064.0,22608.0,6420.9,0.2,421312.0,420120.0,22.5
4.0,100.0,3300.0,1.3,62214.0,22392.0,6332.4,0.2,421312.0,420120.0,22.5
5.0,100.0,3299.999,1.32,63088.0,22824.0,6427.0,0.2,421312.0,420120.0,22.5
6.0,100.0,3299.999,1.3,62033.0,22680.0,6312.8,0.2,421312.0,420120.0,22.5
7.0,100.0,3300.0,1.31,62613.0,22752.0,6364.5,0.2,421312.0,420120.0,22.5
8.0,93.8,3300.0,1.33,64194.0,22680.0,6417.8,0.2,421312.0,420120.0,22.5
9.0,100.0,3300.0,1.32,63099.0,22752.0,6414.4,0.2,421312.0,420120.0,22.5
10.0,100.0,3299.999,1.32,62981.0,22608.0,6424.4,0.2,421312.0,420120.0,22.5
11.0,100.0,3300.0,1.32,63044.0,22680.0,6416.3,0.2,421312.0,420120.0,22.5
12.0,100.0,3299.999,1.32,63067.0,22680.0,6422.0,0.2,421312.0,420120.0,22.5
13.0,100.0,3299.999,1.32,63006.0,22680.0,6405.1,0.2,421312.0,420120.0,22.5
14.0,100.0,3300.0,1.3,62130.0,22464.0,6337.2,0.2,421312.0,420120.0,22.5
15.0,100.0,3300.0,1.33,63888.0,22680.0,6377.0,0.2,421312.0,420120.0,22.5
16.0,100.0,3300.0,1.32,63093.0,22680.0,6426.4,0.2,421312.0,420120.0,22.5
17.0,100.0,3299.999,1.32,63047.0,22752.0,6424.2,0.2,421312.0,420120.0,22.5
18.0,100.0,3300.0,1.32,63158.0,22752.0,6409.3,0.2,421312.0,420120.0,22.5
19.0,100.0,3300.0,1.32,63051.0,22680.0,6436.0,0.2,421312.0,420120.0,22.5
20.0,100.0,3299.999,1.32,62999.0,22680.0,6420.2,0.2,421312.0,420120.0,22.5
21.0,100.0,3300.0,1.32,63137.0,22536.0,6439.3,0.2,421312.0,420120.0,22.5
22.0,100.0,3300.0,1.32,62970.0,22536.0,6404.8,0.2,421312.0,420120.0,22.5
23.0,100.0,3299.999,1.34,64032.0,22824.0,6396.8,0.2,421312.0,420120.0,22.5
24.0,100.0,3299.999,1.32,63113.0,22824.0,6428.3,0.2,421312.0,420120.0,22.5
25.0,100.0,3300.0,1.32,63144.0,22752.0,6432.8,0.2,421312.0,420120.0,22.5
26.0,93.8,3300.0,1.32,63001.0,22752.0,6415.4,0.2,421312.0,420120.0,22.5
27.0,100.0,3300.0,1.32,63050.0,22536.0,6406.9,0.2,421312.0,420120.0,22.5
28.0,100.0,3299.999,1.32,63143.0,22896.0,6436.3,0.2,421312.0,420120.0,22.5
29.0,100.0,3300.0,1.32,63162.0,22968.0,6436.3,0.2,421312.0,420120.0,22.5
30.0,100.0,3299.999,1.34,64062.0,22752.0,6409.2,0.2,421312.0,420120.0,22.5
31.0,100.0,3299.999,1.3,62216.0,22752.0,6359.8,0.2,421312.0,420120.0,22.5
32.0,100.0,3299.999,1.31,62671.0,22464.0,6385.2,0.2,421312.0,420120.0,22.5
33.0,100.0,3299.999,1.32,62975.0,22536.0,6415.7,0.2,421312.0,420120.0,22.5
34.0,100.0,3300.0,1.32,63086.0,22680.0,6419.6,0.2,421312.0,420120.0,22.5
35.0,100.0,3300.0,1.32,63207.0,22608.0,6429.6,0.2,421312.0,420120.0,22.5
36.0,100.0,3299.999,1.32,63139.0,22752.0,6428.4,0.2,421312.0,420120.0,22.5
37.0,93.8,3300.0,1.34,64210.0,22680.0,6419.0,0.2,421312.0,420120.0,22.5
38.0,100.0,3299.999,1.32,63199.0,22824.0,6430.9,0.2,421312.0,420120.0,22.5
39.0,100.0,3299.999,1.3,62116.0,22824.0,6333.0,0.2,421312.0,420120.0,22.5
