time,CPU_Utilization,Frequency,IPC,Misses,LLC,MBL,Memory_Footprint,Virt_Memory,Res_Memory,Allocated_Cache
0.0,100.0,3300.0,1.35,299.0,936.0,5.8,0.2,421312.0,420172.0,20.25
1.0,100.0,3300.0,1.31,63200.0,20520.0,6406.1,0.2,421312.0,420172.0,20.25
2.0,100.0,3299.999,1.32,63717.0,20520.0,6467.6,0.2,421312.0,420172.0,20.25
3.0,100.0,3299.999,1.31,63380.0,20448.0,6448.6,0.2,421312.0,420172.0,20.25
4.0,100.0,3300.0,1.32,63487.0,20448.0,6440.8,0.2,421312.0,420172.0,20.25
5.0,100.0,3300.0,1.32,63762.0,20448.0,6450.5,0.2,421312.0,420172.0,20.25
6.0,100.0,3299.999,1.32,63767.0,20376.0,6480.5,0.2,421312.0,420172.0,20.25
7.0,100.0,3299.999,1.32,63732.0,20304.0,6468.4,0.2,421312.0,420172.0,20.25
8.0,100.0,3300.0,1.33,64703.0,20448.0,6433.8,0.2,421312.0,420172.0,20.25
9.0,100.0,3299.999,1.31,63192.0,20520.0,6433.5,0.2,421312.0,420172.0,20.25
10.0,100.0,3300.0,1.32,63460.0,20376.0,6461.4,0.2,421312.0,420172.0,20.25
11.0,93.8,3299.999,1.32,63669.0,20376.0,6464.2,0.2,421312.0,420172.0,20.25
12.0,100.0,3299.999,1.3,62971.0,20448.0,6399.4,0.2,421312.0,420172.0,20.25
13.0,100.0,3300.0,1.32,63645.0,20376.0,6483.2,0.2,421312.0,420172.0,20.25
14.0,100.0,3299.999,1.33,63780.0,20592.0,6476.2,0.2,421312.0,420172.0,20.25
15.0,100.0,3300.0,1.33,64676.0,20304.0,6470.1,0.2,421312.0,420172.0,20.25
16.0,100.0,3300.0,1.32,63773.0,20304.0,6470.4,0.2,421312.0,420172.0,20.25
17.0,100.0,3299.999,1.32,63642.0,20376.0,6463.1,0.2,421312.0,420172.0,20.25
18.0,100.0,3300.0,1.32,63793.0,20448.0,6481.3,0.2,421312.0,420172.0,20.25
19.0,100.0,3300.0,1.32,63841.0,20520.0,6482.2,0.2,421312.0,420172.0,20.25
20.0,100.0,3299.999,1.32,63704.0,20304.0,6473.7,0.2,421312.0,420172.0,20.25
21.0,100.0,3299.999,1.32,63716.0,20520.0,6473.7,0.2,421312.0,420172.0,20.25
22.0,93.8,3299.999,1.32,63840.0,20376.0,6466.0,0.2,421312.0,420172.0,20.25
23.0,100.0,3300.0,1.33,64852.0,20232.0,6475.0,0.2,421312.0,420172.0,20.25
24.0,100.0,3300.0,1.32,63603.0,20232.0,6447.0,0.2,421312.0,420172.0,20.25
25.0,100.0,3300.0,1.32,63786.0,20232.0,6488.5,0.2,421312.0,420172.0,20.25
26.0,93.8,3299.999,1.32,63770.0,20160.0,6470.3,0.2,421312.0,420172.0,20.25
27.0,93.8,3300.0,1.32,63743.0,20520.0,6483.2,0.2,421312.0,420172.0,20.25
28.0,100.0,3300.0,1.32,63678.0,20304.0,6467.8,0.2,421312.0,420172.0,20.25
29.0,100.0,3299.999,1.32,63819.0,20448.0,6487.6,0.2,421312.0,420172.0,20.25
30.0,100.0,3299.999,1.33,64618.0,20304.0,6457.9,0.2,421312.0,420172.0,20.25
31.0,100.0,3300.0,1.32,63666.0,20592.0,6471.5,0.2,421312.0,420172.0,20.25
32.0,100.0,3300.0,1.32,63890.0,20592.0,6483.1,0.2,421312.0,420172.0,20.25
33.0,100.0,3299.999,1.32,63825.0,20304.0,6484.1,0.2,421312.0,420172.0,20.25
34.0,100.0,3300.0,1.32,63666.0,20304.0,6476.3,0.2,421312.0,420172.0,20.25
35.0,100.0,3300.0,1.33,63773.0,20232.0,6489.8,0.2,421312.0,420172.0,20.25
36.0,100.0,3299.999,1.32,63807.0,20232.0,6485.2,0.2,421312.0,420172.0,20.25
37.0,100.0,3299.999,1.34,64947.0,20448.0,6495.7,0.2,421312.0,420172.0,20.25
38.0,100.0,3299.999,1.31,62954.0,20232.0,6401.8,0.2,421312.0,420172.0,20.25
39.0,100.0,3299.999,1.32,63754.0,20520.0,6469.2,0.2,421312.0,420172.0,20.25
