time,CPU_Utilization,Frequency,IPC,Misses,LLC,MBL,Memory_Footprint,Virt_Memory,Res_Memory,Allocated_Cache
0.0,100.0,3299.999,1.76,537.0,0.0,9.6,0.2,421312.0,420040.0,11.25
1.0,93.8,3299.999,1.31,70610.0,11304.0,7284.7,0.2,421312.0,420040.0,11.25
2.0,100.0,3300.0,1.3,70734.0,11232.0,7374.2,0.2,421312.0,420040.0,11.25
3.0,100.0,3300.0,1.29,70798.0,11088.0,7366.7,0.2,421312.0,420040.0,11.25
4.0,100.0,3300.0,1.29,70602.0,11160.0,7356.6,0.2,421312.0,420040.0,11.25
5.0,100.0,3299.999,1.29,70531.0,11088.0,7367.6,0.2,421312.0,420040.0,11.25
6.0,100.0,3299.999,1.29,70708.0,11376.0,7399.4,0.2,421312.0,420040.0,11.25
7.0,100.0,3300.0,1.29,70446.0,11160.0,7342.9,0.2,421312.0,420040.0,11.25
8.0,100.0,3299.999,1.3,71505.0,11016.0,7322.1,0.2,421312.0,420040.0,11.25
9.0,100.0,3300.0,1.29,70646.0,11232.0,7375.0,0.2,421312.0,420040.0,11.25
10.0,100.0,3300.0,1.29,70751.0,11448.0,7389.2,0.2,421312.0,420040.0,11.25
11.0,100.0,3300.0,1.29,70550.0,11232.0,7373.7,0.2,421312.0,420040.0,11.25
12.0,100.0,3299.999,1.28,69879.0,11304.0,7306.7,0.2,421312.0,420040.0,11.25
13.0,100.0,3299.999,1.29,70506.0,11160.0,7373.5,0.2,421312.0,420040.0,11.25
14.0,100.0,3299.999,1.29,70535.0,11160.0,7373.7,0.2,421312.0,420040.0,11.25
15.0,93.8,3299.999,1.29,70427.0,11232.0,7346.0,0.2,421312.0,420040.0,11.25
16.0,100.0,3300.0,1.31,71756.0,11088.0,7353.6,0.2,421312.0,420040.0,11.25
17.0,100.0,3299.999,1.29,70388.0,11088.0,7338.2,0.2,421312.0,420040.0,11.25
18.0,93.8,3300.0,1.29,70838.0,11376.0,7403.5,0.2,421312.0,420040.0,11.25
19.0,100.0,3299.999,1.3,70524.0,11160.0,7335.3,0.2,421312.0,420040.0,11.25
20.0,100.0,3299.999,1.28,69950.0,11088.0,7285.6,0.2,421312.0,420040.0,11.25
21.0,100.0,3300.0,1.3,70596.0,10872.0,7372.8,0.2,421312.0,420040.0,11.25
22.0,93.8,3300.0,1.29,70816.0,11160.0,7393.2,0.2,421312.0,420040.0,11.25
23.0,100.0,3300.0,1.31,71506.0,11232.0,7308.6,0.2,421312.0,420040.0,11.25
24.0,100.0,3299.999,1.29,70752.0,10944.0,7383.4,0.2,421312.0,420040.0,11.25
25.0,100.0,3299.999,1.3,70508.0,10800.0,7348.5,0.2,421312.0,420040.0,11.25
26.0,100.0,3299.999,1.29,70764.0,11232.0,7378.1,0.2,421312.0,420040.0,11.25
27.0,100.0,3299.999,1.29,70576.0,11160.0,7358.0,0.2,421312.0,420040.0,11.25
28.0,100.0,3299.999,1.28,69839.0,11232.0,7300.4,0.2,421312.0,420040.0,11.25
29.0,100.0,3300.0,1.29,70638.0,11232.0,7371.2,0.2,421312.0,420040.0,11.25
30.0,100.0,3299.999,1.29,70685.0,11232.0,7384.1,0.2,421312.0,420040.0,11.25
31.0,93.8,3299.999,1.31,71536.0,11376.0,7326.3,0.2,421312.0,420040.0,11.25
32.0,100.0,3300.0,1.29,70804.0,11304.0,7396.1,0.2,421312.0,420040.0,11.25
33.0,100.0,3299.999,1.29,70677.0,11304.0,7379.3,0.2,421312.0,420040.0,11.25
34.0,100.0,3300.0,1.29,70617.0,11304.0,7370.6,0.2,421312.0,420040.0,11.25
35.0,93.8,3300.0,1.29,70683.0,11016.0,7364.7,0.2,421312.0,420040.0,11.25
36.0,100.0,3300.0,1.3,70604.0,11088.0,7364.9,0.2,421312.0,420040.0,11.25
37.0,100.0,3300.0,1.29,70840.0,11160.0,7400.9,0.2,421312.0,420040.0,11.25
38.0,100.0,3299.999,1.31,71582.0,11232.0,7342.5,0.2,421312.0,420040.0,11.25
39.0,100.0,3300.001,1.29,70630.0,11232.0,7372.1,0.2,421312.0,420040.0,11.25
