time,CPU_Utilization,Frequency,IPC,Misses,LLC,MBL,Memory_Footprint,Virt_Memory,Res_Memory,Allocated_Cache
0.0,100.0,3299.999,1.34,307.0,1512.0,6.0,0.2,421312.0,420176.0,6.75
1.0,100.0,3299.999,1.26,79094.0,6840.0,8261.6,0.2,421312.0,420176.0,6.75
2.0,100.0,3300.0,1.25,81080.0,6768.0,8478.6,0.2,421312.0,420176.0,6.75
3.0,100.0,3300.0,1.25,81107.0,6912.0,8497.6,0.2,421312.0,420176.0,6.75
4.0,100.0,3299.999,1.25,81119.0,6696.0,8484.4,0.2,421312.0,420176.0,6.75
5.0,100.0,3300.0,1.24,79974.0,6696.0,8341.2,0.2,421312.0,420176.0,6.75
6.0,100.0,3299.999,1.25,80604.0,6768.0,8438.8,0.2,421312.0,420176.0,6.75
7.0,100.0,3299.999,1.25,81006.0,6912.0,8471.2,0.2,421312.0,420176.0,6.75
8.0,100.0,3299.999,1.27,81806.0,6552.0,8437.8,0.2,421312.0,420176.0,6.75
9.0,100.0,3300.0,1.25,81068.0,6840.0,8471.4,0.2,421312.0,420176.0,6.75
10.0,100.0,3300.0,1.25,80941.0,6552.0,8474.8,0.2,421312.0,420176.0,6.75
11.0,100.0,3300.0,1.25,80992.0,6624.0,8463.3,0.2,421312.0,420176.0,6.75
12.0,100.0,3299.999,1.25,81078.0,6552.0,8470.4,0.2,421312.0,420176.0,6.75
13.0,100.0,3300.0,1.25,81067.0,6768.0,8472.9,0.2,421312.0,420176.0,6.75
14.0,100.0,3299.999,1.25,81003.0,6552.0,8483.8,0.2,421312.0,420176.0,6.75
15.0,100.0,3300.0,1.24,80652.0,6480.0,8425.5,0.2,421312.0,420176.0,6.75
16.0,100.0,3300.0,1.27,81778.0,6696.0,8418.9,0.2,421312.0,420176.0,6.75
17.0,93.8,3299.999,1.25,81060.0,6696.0,8474.1,0.2,421312.0,420176.0,6.75
18.0,100.0,3300.0,1.25,80988.0,6840.0,8465.0,0.2,421312.0,420176.0,6.75
19.0,93.8,3299.999,1.25,81000.0,6624.0,8496.4,0.2,421312.0,420176.0,6.75
20.0,100.0,3299.999,1.25,81189.0,6624.0,8465.6,0.2,421312.0,420176.0,6.75
21.0,100.0,3300.0,1.25,81076.0,6408.0,8480.3,0.2,421312.0,420176.0,6.75
22.0,100.0,3300.0,1.25,80931.0,6552.0,8466.1,0.2,421312.0,420176.0,6.75
23.0,100.0,3300.0,1.25,80981.0,6840.0,8465.2,0.2,421312.0,420176.0,6.75
24.0,100.0,3299.999,1.27,81798.0,6624.0,8418.2,0.2,421312.0,420176.0,6.75
25.0,100.0,3299.999,1.25,81107.0,6624.0,8486.9,0.2,421312.0,420176.0,6.75
26.0,100.0,3299.999,1.25,80961.0,6768.0,8444.5,0.2,421312.0,420176.0,6.75
27.0,100.0,3300.0,1.25,81057.0,6912.0,8485.1,0.2,421312.0,420176.0,6.75
28.0,100.0,3299.999,1.25,81077.0,6768.0,8489.1,0.2,421312.0,420176.0,6.75
29.0,100.0,3299.999,1.25,81050.0,6696.0,8473.1,0.2,421312.0,420176.0,6.75
30.0,100.0,3300.0,1.25,80906.0,6840.0,8457.9,0.2,421312.0,420176.0,6.75
31.0,100.0,3299.999,1.26,81594.0,6912.0,8435.6,0.2,421312.0,420176.0,6.75
32.0,100.0,3300.0,1.24,80367.0,6840.0,8372.5,0.2,421312.0,420176.0,6.75
33.0,100.0,3300.0,1.25,81118.0,6912.0,8483.6,0.2,421312.0,420176.0,6.75
34.0,100.0,3299.999,1.25,80957.0,6696.0,8461.6,0.2,421312.0,420176.0,6.75
35.0,100.0,3299.999,1.25,81082.0,6624.0,8470.9,0.2,421312.0,420176.0,6.75
36.0,93.8,3299.999,1.25,80973.0,6768.0,8479.4,0.2,421312.0,420176.0,6.75
37.0,100.0,3300.0,1.24,80530.0,6768.0,8415.5,0.2,421312.0,420176.0,6.75
38.0,100.0,3300.0,1.25,81036.0,6696.0,8485.5,0.2,421312.0,420176.0,6.75
39.0,100.0,3300.0,1.26,81287.0,6696.0,8370.2,0.2,421312.0,420176.0,6.75
