time,CPU_Utilization,Frequency,IPC,Misses,LLC,MBL,Memory_Footprint,Virt_Memory,Res_Memory,Allocated_Cache
0.0,100.0,3299.999,2.0,117.0,0.0,4.1,0.2,421312.0,420052.0,24.75
1.0,100.0,3299.999,1.33,63646.0,24912.0,6265.2,0.2,421312.0,420052.0,24.75
2.0,100.0,3299.999,1.29,61256.0,24912.0,6165.3,0.2,421312.0,420052.0,24.75
3.0,93.8,3299.999,1.31,62416.0,24768.0,6294.9,0.2,421312.0,420052.0,24.75
4.0,100.0,3299.999,1.29,61300.0,24696.0,6179.0,0.2,421312.0,420052.0,24.75
5.0,100.0,3300.0,1.29,61321.0,24984.0,6190.2,0.2,421312.0,420052.0,24.75
6.0,100.0,3299.999,1.31,62444.0,25128.0,6315.3,0.2,421312.0,420052.0,24.75
7.0,100.0,3300.0,1.31,62284.0,25056.0,6287.8,0.2,421312.0,420052.0,24.75
8.0,100.0,3299.999,1.33,63446.0,24984.0,6292.3,0.2,421312.0,420052.0,24.75
9.0,100.0,3300.0,1.31,62469.0,24984.0,6292.5,0.2,421312.0,420052.0,24.75
10.0,100.0,3299.999,1.31,62200.0,24768.0,6279.5,0.2,421312.0,420052.0,24.75
11.0,100.0,3299.999,1.31,62472.0,24984.0,6293.0,0.2,421312.0,420052.0,24.75
12.0,100.0,3299.999,1.31,62466.0,25056.0,6294.7,0.2,421312.0,420052.0,24.75
13.0,100.0,3299.999,1.31,62271.0,25056.0,6302.2,0.2,421312.0,420052.0,24.75
14.0,100.0,3300.0,1.32,62391.0,24624.0,6294.7,0.2,421312.0,420052.0,24.75
15.0,100.0,3300.0,1.32,63207.0,25056.0,6264.8,0.2,421312.0,420052.0,24.75
16.0,100.0,3299.999,1.31,62273.0,24984.0,6285.8,0.2,421312.0,420052.0,24.75
17.0,100.0,3300.0,1.29,61243.0,25056.0,6178.0,0.2,421312.0,420052.0,24.75
18.0,100.0,3300.0,1.3,61307.0,25056.0,6171.4,0.2,421312.0,420052.0,24.75
19.0,100.0,3300.0,1.31,62506.0,24984.0,6308.6,0.2,421312.0,420052.0,24.75
20.0,93.8,3300.0,1.31,62455.0,24912.0,6291.8,0.2,421312.0,420052.0,24.75
21.0,100.0,3299.999,1.31,62418.0,24768.0,6285.6,0.2,421312.0,420052.0,24.75
22.0,100.0,3300.0,1.31,62334.0,24912.0,6281.9,0.2,421312.0,420052.0,24.75
23.0,100.0,3300.0,1.32,63385.0,24912.0,6294.6,0.2,421312.0,420052.0,24.75
24.0,100.0,3299.999,1.32,62369.0,24840.0,6291.4,0.2,421312.0,420052.0,24.75
25.0,100.0,3300.0,1.31,62494.0,25128.0,6303.2,0.2,421312.0,420052.0,24.75
26.0,93.8,3299.999,1.29,61157.0,24840.0,6172.3,0.2,421312.0,420052.0,24.75
27.0,100.0,3300.0,1.31,62233.0,24984.0,6285.4,0.2,421312.0,420052.0,24.75
28.0,93.8,3300.0,1.31,62485.0,24912.0,6300.6,0.2,421312.0,420052.0,24.75
29.0,100.0,3299.999,1.31,62430.0,25056.0,6311.7,0.2,421312.0,420052.0,24.75
30.0,100.0,3300.0,1.33,63467.0,25200.0,6302.7,0.2,421312.0,420052.0,24.75
31.0,100.0,3300.0,1.31,62498.0,24984.0,6302.3,0.2,421312.0,420052.0,24.75
32.0,100.0,3299.999,1.31,62330.0,25200.0,6283.4,0.2,421312.0,420052.0,24.75
33.0,100.0,3299.999,1.32,62417.0,24984.0,6294.2,0.2,421312.0,420052.0,24.75
34.0,100.0,3300.0,1.31,62461.0,24984.0,6299.2,0.2,421312.0,420052.0,24.75
35.0,100.0,3299.985,1.31,62380.0,24912.0,6301.0,0.2,421312.0,420052.0,24.75
36.0,100.0,3300.0,1.31,62301.0,24984.0,6278.0,0.2,421312.0,420052.0,24.75
37.0,100.0,3300.0,1.31,62474.0,24768.0,6302.7,0.2,421312.0,420052.0,24.75
38.0,100.0,3299.999,1.33,63558.0,24984.0,6302.6,0.2,421312.0,420052.0,24.75
39.0,100.0,3300.0,1.29,61168.0,24912.0,6168.8,0.2,421312.0,420052.0,24.75
40.0,93.8,3299.999,1.29,61466.0,25200.0,6198.0,0.2,421312.0,420052.0,24.75
41.0,100.0,3300.0,1.31,62273.0,25128.0,6271.1,0.2,421312.0,420052.0,24.75
42.0,100.0,3299.999,1.31,62492.0,24984.0,6310.9,0.2,421312.0,420052.0,24.75
43.0,100.0,3299.998,1.31,62461.0,24696.0,6308.1,0.2,421312.0,420052.0,24.75
44.0,100.0,3300.0,1.32,62346.0,24984.0,6291.8,0.2,421312.0,420052.0,24.75
45.0,100.0,3299.985,1.32,63601.0,25272.0,6301.7,0.2,421312.0,420052.0,24.75
46.0,100.0,3300.0,1.29,61230.0,25128.0,6168.1,0.2,421312.0,420052.0,24.75
47.0,100.0,3300.0,1.31,62385.0,24984.0,6295.9,0.2,421312.0,420052.0,24.75
48.0,100.0,3300.0,1.31,62441.0,24840.0,6299.8,0.2,421312.0,420052.0,24.75
49.0,100.0,3299.999,1.32,62484.0,24840.0,6313.8,0.2,421312.0,420052.0,24.75
50.0,100.0,3300.0,1.32,62362.0,24840.0,6278.1,0.2,421312.0,420052.0,24.75
51.0,93.8,3299.999,1.31,62443.0,24984.0,6305.3,0.2,421312.0,420052.0,24.75
52.0,100.0,3300.0,1.33,63308.0,24984.0,6273.5,0.2,421312.0,420052.0,24.75
53.0,100.0,3299.999,1.31,62459.0,24912.0,6315.9,0.2,421312.0,420052.0,24.75
54.0,100.0,3300.0,1.31,62481.0,24912.0,6292.9,0.2,421312.0,420052.0,24.75
55.0,100.0,3300.0,1.31,62419.0,25200.0,6297.5,0.2,421312.0,420052.0,24.75
56.0,100.0,3299.999,1.32,62388.0,24696.0,6311.4,0.2,421312.0,420052.0,24.75
57.0,100.0,3300.0,1.31,62486.0,24912.0,6314.9,0.2,421312.0,420052.0,24.75
58.0,100.0,3300.0,1.31,62405.0,24984.0,6294.0,0.2,421312.0,420052.0,24.75
59.0,100.0,3300.0,1.31,62292.0,25128.0,6282.6,0.2,421312.0,420052.0,24.75
60.0,100.0,3300.0,1.33,63632.0,24912.0,6306.9,0.2,421312.0,420052.0,24.75
61.0,100.0,3299.999,1.31,62376.0,24840.0,6283.7,0.2,421312.0,420052.0,24.75
62.0,100.0,3300.0,1.31,62374.0,24912.0,6283.4,0.2,421312.0,420052.0,24.75
63.0,100.0,3299.999,1.31,62469.0,25056.0,6317.8,0.2,421312.0,420052.0,24.75
64.0,100.0,3299.999,1.31,62089.0,24984.0,6267.9,0.2,421312.0,420052.0,24.75
65.0,100.0,3300.0,1.31,62081.0,24624.0,6277.6,0.2,421312.0,420052.0,24.75
66.0,100.0,3300.0,1.31,62450.0,25056.0,6290.2,0.2,421312.0,420052.0,24.75
67.0,100.0,3299.999,1.19,56597.0,24912.0,5606.7,0.2,421312.0,420052.0,24.75
68.0,100.0,3299.999,1.26,60334.0,24840.0,6087.2,0.2,421312.0,420052.0,24.75
69.0,100.0,3300.0,1.31,61891.0,24984.0,6243.0,0.2,421312.0,420052.0,24.75
70.0,100.0,3299.999,1.31,62538.0,24912.0,6319.2,0.2,421312.0,420052.0,24.75
71.0,100.0,3300.0,1.31,62400.0,24912.0,6294.4,0.2,421312.0,420052.0,24.75
72.0,100.0,3299.999,1.31,62407.0,24984.0,6298.6,0.2,421312.0,420052.0,24.75
73.0,93.8,3299.999,1.31,62132.0,24696.0,6267.5,0.2,421312.0,420052.0,24.75
74.0,100.0,3300.0,1.31,62458.0,24768.0,6296.8,0.2,421312.0,420052.0,24.75
75.0,100.0,3299.999,1.33,63419.0,24984.0,6292.3,0.2,421312.0,420052.0,24.75
76.0,100.0,3300.0,1.31,62493.0,25200.0,6312.6,0.2,421312.0,420052.0,24.75
77.0,100.0,3299.999,1.31,62455.0,25200.0,6298.1,0.2,421312.0,420052.0,24.75
78.0,100.0,3299.999,1.32,62460.0,24768.0,6289.5,0.2,421312.0,420052.0,24.75
79.0,100.0,3299.991,1.32,62410.0,24840.0,6299.4,0.2,421312.0,420052.0,24.75
80.0,100.0,3300.0,1.31,62489.0,24768.0,6300.8,0.2,421312.0,420052.0,24.75
81.0,93.8,3299.999,1.29,61316.0,24912.0,6151.9,0.2,421312.0,420052.0,24.75
82.0,93.8,3300.0,1.31,62506.0,24984.0,6213.4,0.2,421312.0,420052.0,24.75
83.0,100.0,3299.999,1.3,61497.0,25056.0,6211.3,0.2,421312.0,420052.0,24.75
84.0,100.0,3299.999,1.31,62448.0,25272.0,6302.3,0.2,421312.0,420052.0,24.75
85.0,100.0,3300.0,1.31,62471.0,25200.0,6301.5,0.2,421312.0,420052.0,24.75
86.0,100.0,3299.999,1.31,62366.0,24912.0,6280.9,0.2,421312.0,420052.0,24.75
87.0,100.0,3300.0,1.32,62420.0,24696.0,6306.6,0.2,421312.0,420052.0,24.75
88.0,100.0,3299.999,1.31,62437.0,24984.0,6301.1,0.2,421312.0,420052.0,24.75
89.0,100.0,3300.0,1.29,61234.0,24840.0,6185.6,0.2,421312.0,420052.0,24.75
90.0,93.8,3299.999,1.21,57871.0,24984.0,5711.0,0.2,421312.0,420052.0,24.75
91.0,100.0,3300.0,1.31,62451.0,24984.0,6294.1,0.2,421312.0,420052.0,24.75
92.0,100.0,3299.999,1.32,62481.0,24696.0,6289.7,0.2,421312.0,420052.0,24.75
93.0,100.0,3299.999,1.31,62349.0,24984.0,6303.5,0.2,421312.0,420052.0,24.75
94.0,100.0,3299.99,1.31,62508.0,25128.0,6302.7,0.2,421312.0,420052.0,24.75
95.0,100.0,3300.0,1.32,62461.0,24912.0,6288.5,0.2,421312.0,420052.0,24.75
96.0,100.0,3300.0,1.32,62305.0,25200.0,6290.9,0.2,421312.0,420052.0,24.75
97.0,100.0,3299.999,1.32,63357.0,24840.0,6291.3,0.2,421312.0,420052.0,24.75
98.0,100.0,3300.0,1.31,62019.0,25128.0,6258.2,0.2,421312.0,420052.0,24.75
99.0,93.8,3299.999,1.31,62455.0,25056.0,6311.3,0.2,421312.0,420052.0,24.75
100.0,100.0,3299.999,1.31,62340.0,24912.0,6282.0,0.2,421312.0,420052.0,24.75
101.0,100.0,3299.999,1.32,62415.0,25128.0,6302.2,0.2,421312.0,420052.0,24.75
102.0,100.0,3300.0,1.31,62367.0,24984.0,6294.8,0.2,421312.0,420052.0,24.75
103.0,100.0,3299.999,1.31,62479.0,24768.0,6311.9,0.2,421312.0,420052.0,24.75
104.0,100.0,3299.999,1.33,63423.0,24840.0,6287.8,0.2,421312.0,420052.0,24.75
105.0,100.0,3300.0,1.31,62491.0,25128.0,6300.9,0.2,421312.0,420052.0,24.75
106.0,100.0,3300.0,1.31,62439.0,25056.0,6294.0,0.2,421312.0,420052.0,24.75
107.0,100.0,3299.99,1.32,62435.0,25272.0,6299.3,0.2,421312.0,420052.0,24.75
108.0,100.0,3300.0,1.31,62303.0,24696.0,6290.2,0.2,421312.0,420052.0,24.75
109.0,100.0,3299.999,1.31,62474.0,25128.0,6295.4,0.2,421312.0,420052.0,24.75
110.0,93.8,3300.0,1.31,62464.0,24984.0,6286.7,0.2,421312.0,420052.0,24.75
111.0,93.8,3299.999,1.3,61511.0,24912.0,6233.4,0.2,421312.0,420052.0,24.75
112.0,100.0,3300.0,1.33,63473.0,24624.0,6278.2,0.2,421312.0,420052.0,24.75
113.0,100.0,3299.999,1.32,62340.0,25056.0,6273.7,0.2,421312.0,420052.0,24.75
114.0,100.0,3300.0,1.31,62531.0,25128.0,6305.3,0.2,421312.0,420052.0,24.75
115.0,100.0,3299.999,1.31,62323.0,24624.0,6303.7,0.2,421312.0,420052.0,24.75
116.0,100.0,3300.0,1.32,62331.0,24984.0,6278.0,0.2,421312.0,420052.0,24.75
117.0,100.0,3299.999,1.31,62529.0,24912.0,6305.2,0.2,421312.0,420052.0,24.75
118.0,100.0,3300.0,1.31,62483.0,24840.0,6303.5,0.2,421312.0,420052.0,24.75
119.0,100.0,3299.999,1.33,63473.0,24696.0,6267.0,0.2,421312.0,420052.0,24.75
120.0,100.0,3299.999,1.31,62509.0,24984.0,6314.8,0.2,421312.0,420052.0,24.75
121.0,100.0,3299.999,1.31,62467.0,24984.0,6293.8,0.2,421312.0,420052.0,24.75
122.0,100.0,3300.0,1.32,62364.0,25056.0,6286.1,0.2,421312.0,420052.0,24.75
123.0,100.0,3300.0,1.31,62389.0,25056.0,6304.1,0.2,421312.0,420052.0,24.75
124.0,100.0,3299.999,1.31,62480.0,25128.0,6314.4,0.2,421312.0,420052.0,24.75
125.0,100.0,3299.999,1.31,62147.0,24984.0,6254.3,0.2,421312.0,420052.0,24.75
126.0,100.0,3299.999,1.31,62130.0,24912.0,6267.8,0.2,421312.0,420052.0,24.75
127.0,100.0,3300.0,1.33,63499.0,25056.0,6288.7,0.2,421312.0,420052.0,24.75
128.0,100.0,3300.0,1.32,62328.0,24480.0,6288.3,0.2,421312.0,420052.0,24.75
129.0,100.0,3299.999,1.31,62501.0,24984.0,6295.7,0.2,421312.0,420052.0,24.75
130.0,100.0,3300.0,1.31,62393.0,25056.0,6293.0,0.2,421312.0,420052.0,24.75
131.0,100.0,3299.999,1.32,62416.0,25200.0,6287.8,0.2,421312.0,420052.0,24.75
132.0,100.0,3299.999,1.31,62390.0,24984.0,6297.1,0.2,421312.0,420052.0,24.75
133.0,100.0,3300.0,1.31,62423.0,25200.0,6286.6,0.2,421312.0,420052.0,24.75
134.0,93.8,3299.999,1.33,63415.0,25128.0,6277.8,0.2,421312.0,420052.0,24.75
135.0,100.0,3299.999,1.29,61445.0,24984.0,6201.5,0.2,421312.0,420052.0,24.75
136.0,100.0,3300.0,1.29,61243.0,24984.0,6178.2,0.2,421312.0,420052.0,24.75
137.0,100.0,3300.0,1.31,62498.0,24912.0,6306.6,0.2,421312.0,420052.0,24.75
138.0,100.0,3300.0,1.31,62475.0,25056.0,6312.6,0.2,421312.0,420052.0,24.75
139.0,100.0,3299.999,1.29,61144.0,24984.0,6177.6,0.2,421312.0,420052.0,24.75
140.0,100.0,3299.999,1.29,61495.0,25128.0,6201.8,0.2,421312.0,420052.0,24.75
141.0,93.8,3299.999,1.33,63379.0,25272.0,6276.2,0.2,421312.0,420052.0,24.75
142.0,100.0,3300.0,1.31,62515.0,24768.0,6302.7,0.2,421312.0,420052.0,24.75
143.0,93.8,3299.999,1.31,62391.0,25200.0,6285.4,0.2,421312.0,420052.0,24.75
144.0,93.8,3300.0,1.31,62400.0,25344.0,6287.4,0.2,421312.0,420052.0,24.75
145.0,93.8,3299.999,1.32,62385.0,24696.0,6298.7,0.2,421312.0,420052.0,24.75
146.0,100.0,3300.0,1.31,62477.0,24984.0,6328.4,0.2,421312.0,420052.0,24.75
147.0,100.0,3299.999,1.31,62404.0,25056.0,6286.3,0.2,421312.0,420052.0,24.75
148.0,100.0,3300.0,1.31,62319.0,25056.0,6295.1,0.2,421312.0,420052.0,24.75
149.0,100.0,3300.0,1.33,63555.0,24984.0,6300.4,0.2,421312.0,420052.0,24.75
150.0,100.0,3299.999,1.32,62481.0,25200.0,6276.4,0.2,421312.0,420052.0,24.75
151.0,100.0,3300.0,1.32,62417.0,24768.0,6312.1,0.2,421312.0,420052.0,24.75
152.0,100.0,3299.999,1.31,62488.0,24912.0,6308.6,0.2,421312.0,420052.0,24.75
153.0,100.0,3299.985,1.32,62490.0,25128.0,6309.1,0.2,421312.0,420052.0,24.75
154.0,100.0,3300.0,1.31,62048.0,24768.0,6237.9,0.2,421312.0,420052.0,24.75
155.0,100.0,3299.999,1.31,62478.0,24984.0,6315.5,0.2,421312.0,420052.0,24.75
156.0,100.0,3299.999,1.33,63419.0,24912.0,6288.6,0.2,421312.0,420052.0,24.75
157.0,100.0,3300.0,1.31,62493.0,25056.0,6313.2,0.2,421312.0,420052.0,24.75
158.0,100.0,3299.999,1.31,62437.0,24984.0,6299.0,0.2,421312.0,420052.0,24.75
159.0,100.0,3300.0,1.29,61183.0,24696.0,6153.8,0.2,421312.0,420052.0,24.75
160.0,100.0,3300.0,1.29,61472.0,24912.0,6188.6,0.2,421312.0,420052.0,24.75
161.0,100.0,3299.999,1.31,62386.0,25056.0,6299.4,0.2,421312.0,420052.0,24.75
162.0,100.0,3300.0,1.32,62389.0,24912.0,6283.8,0.2,421312.0,420052.0,24.75
163.0,100.0,3299.999,1.31,62450.0,24984.0,6301.4,0.2,421312.0,420052.0,24.75
164.0,93.8,3300.0,1.33,63488.0,25272.0,6296.9,0.2,421312.0,420052.0,24.75
165.0,100.0,3299.999,1.32,62372.0,24840.0,6305.0,0.2,421312.0,420052.0,24.75
166.0,100.0,3299.999,1.31,62555.0,24912.0,6309.8,0.2,421312.0,420052.0,24.75
167.0,100.0,3300.0,1.31,62384.0,24984.0,6297.2,0.2,421312.0,420052.0,24.75
168.0,100.0,3300.0,1.32,62363.0,24912.0,6281.9,0.2,421312.0,420052.0,24.75
169.0,100.0,3299.999,1.31,62496.0,24984.0,6287.7,0.2,421312.0,420052.0,24.75
170.0,100.0,3300.0,1.31,62394.0,24912.0,6293.4,0.2,421312.0,420052.0,24.75
171.0,100.0,3299.999,1.32,63234.0,25200.0,6262.4,0.2,421312.0,420052.0,24.75
172.0,93.8,3300.0,1.31,62520.0,24912.0,6312.3,0.2,421312.0,420052.0,24.75
173.0,100.0,3300.0,1.31,62332.0,24696.0,6294.8,0.2,421312.0,420052.0,24.75
174.0,100.0,3300.0,1.32,62380.0,24984.0,6298.9,0.2,421312.0,420052.0,24.75
175.0,100.0,3299.999,1.29,61413.0,25128.0,6202.3,0.2,421312.0,420052.0,24.75
176.0,100.0,3300.0,1.29,61265.0,25272.0,6172.4,0.2,421312.0,420052.0,24.75
177.0,100.0,3299.999,1.31,62510.0,25056.0,6312.6,0.2,421312.0,420052.0,24.75
178.0,100.0,3300.0,1.33,63579.0,24984.0,6289.5,0.2,421312.0,420052.0,24.75
179.0,100.0,3299.999,1.32,62413.0,25056.0,6296.2,0.2,421312.0,420052.0,24.75
180.0,100.0,3299.999,1.31,62520.0,24984.0,6317.7,0.2,421312.0,420052.0,24.75
181.0,100.0,3300.0,1.31,62423.0,25128.0,6295.3,0.2,421312.0,420052.0,24.75
182.0,100.0,3299.999,1.32,62330.0,25056.0,6294.3,0.2,421312.0,420052.0,24.75
183.0,100.0,3300.0,1.31,62500.0,24840.0,6304.9,0.2,421312.0,420052.0,24.75
184.0,100.0,3299.999,1.31,62538.0,24912.0,6313.7,0.2,421312.0,420052.0,24.75
185.0,93.8,3300.0,1.32,62405.0,24984.0,6291.6,0.2,421312.0,420052.0,24.75
186.0,100.0,3299.999,1.33,63519.0,24984.0,6298.1,0.2,421312.0,420052.0,24.75
187.0,100.0,3299.999,1.31,62461.0,24984.0,6296.3,0.2,421312.0,420052.0,24.75
188.0,100.0,3300.0,1.32,62331.0,24840.0,6295.4,0.2,421312.0,420052.0,24.75
189.0,100.0,3299.999,1.31,62525.0,24912.0,6311.3,0.2,421312.0,420052.0,24.75
190.0,100.0,3300.0,1.31,62539.0,24912.0,6326.4,0.2,421312.0,420052.0,24.75
191.0,100.0,3299.999,1.32,62384.0,25056.0,6297.7,0.2,421312.0,420052.0,24.75
192.0,93.8,3299.999,1.32,62376.0,24984.0,6285.0,0.2,421312.0,420052.0,24.75
193.0,100.0,3299.999,1.33,63652.0,24984.0,6294.4,0.2,421312.0,420052.0,24.75
194.0,100.0,3300.0,1.32,62337.0,24912.0,6298.4,0.2,421312.0,420052.0,24.75
195.0,100.0,3299.999,1.31,62455.0,24768.0,6304.1,0.2,421312.0,420052.0,24.75
196.0,100.0,3299.999,1.31,62421.0,24840.0,6301.3,0.2,421312.0,420052.0,24.75
197.0,100.0,3300.0,1.31,62324.0,25056.0,6275.9,0.2,421312.0,420052.0,24.75
198.0,100.0,3299.999,1.29,61235.0,25128.0,6173.9,0.2,421312.0,420052.0,24.75
199.0,100.0,3299.999,1.31,62422.0,25056.0,6299.9,0.2,421312.0,420052.0,24.75
200.0,100.0,3300.0,1.31,62217.0,25128.0,6271.2,0.2,421312.0,420052.0,24.75
201.0,100.0,3299.999,1.32,63590.0,24840.0,6299.6,0.2,421312.0,420052.0,24.75
202.0,100.0,3300.0,1.31,62392.0,25200.0,6292.8,0.2,421312.0,420052.0,24.75
203.0,100.0,3299.999,1.32,62404.0,24768.0,6297.3,0.2,421312.0,420052.0,24.75
204.0,100.0,3299.999,1.31,62533.0,25056.0,6322.4,0.2,421312.0,420052.0,24.75
205.0,100.0,3300.0,1.32,62540.0,24912.0,6310.2,0.2,421312.0,420052.0,24.75
206.0,100.0,3299.999,1.32,62341.0,24912.0,6296.6,0.2,421312.0,420052.0,24.75
207.0,93.8,3300.0,1.31,62553.0,25128.0,6319.8,0.2,421312.0,420052.0,24.75
208.0,93.8,3300.0,1.33,63520.0,24912.0,6285.2,0.2,421312.0,420052.0,24.75
209.0,93.8,3299.999,1.31,62320.0,24768.0,6290.2,0.2,421312.0,420052.0,24.75
210.0,93.8,3299.999,1.32,62581.0,24912.0,6323.6,0.2,421312.0,420052.0,24.75
211.0,100.0,3300.0,1.29,61314.0,24768.0,6197.8,0.2,421312.0,420052.0,24.75
212.0,100.0,3300.0,1.29,61393.0,24768.0,6195.2,0.2,421312.0,420052.0,24.75
213.0,100.0,3299.999,1.31,62488.0,24984.0,6308.8,0.2,421312.0,420052.0,24.75
214.0,100.0,3300.0,1.32,62502.0,24912.0,6301.3,0.2,421312.0,420052.0,24.75
215.0,100.0,3299.999,1.33,63461.0,24984.0,6289.0,0.2,421312.0,420052.0,24.75
216.0,100.0,3299.999,1.31,62365.0,24912.0,6298.9,0.2,421312.0,420052.0,24.75
217.0,100.0,3300.0,1.32,62341.0,25056.0,6284.7,0.2,421312.0,420052.0,24.75
218.0,100.0,3299.999,1.31,62500.0,24984.0,6286.6,0.2,421312.0,420052.0,24.75
219.0,100.0,3300.0,1.29,61300.0,24912.0,6191.2,0.2,421312.0,420052.0,24.75
220.0,100.0,3299.999,1.29,61438.0,24912.0,6192.7,0.2,421312.0,420052.0,24.75
221.0,100.0,3300.0,1.31,62497.0,24912.0,6307.4,0.2,421312.0,420052.0,24.75
222.0,100.0,3300.0,1.31,62421.0,24768.0,6296.6,0.2,421312.0,420052.0,24.75
223.0,100.0,3299.999,1.3,62386.0,25056.0,6189.3,0.2,421312.0,420052.0,24.75
224.0,100.0,3299.99,1.29,61428.0,24768.0,6175.5,0.2,421312.0,420052.0,24.75
225.0,100.0,3300.0,1.32,62390.0,24840.0,6305.3,0.2,421312.0,420052.0,24.75
226.0,100.0,3299.999,1.31,62440.0,24984.0,6303.7,0.2,421312.0,420052.0,24.75
227.0,100.0,3300.0,1.29,61114.0,24768.0,6170.1,0.2,421312.0,420052.0,24.75
228.0,93.8,3300.0,1.29,61519.0,24624.0,6192.2,0.2,421312.0,420052.0,24.75
229.0,93.8,3300.0,1.31,62446.0,25128.0,6302.4,0.2,421312.0,420052.0,24.75
230.0,93.8,3299.999,1.33,63473.0,24984.0,6296.2,0.2,421312.0,420052.0,24.75
231.0,100.0,3300.0,1.29,61325.0,24984.0,6176.1,0.2,421312.0,420052.0,24.75
232.0,100.0,3299.999,1.29,61327.0,25128.0,6174.5,0.2,421312.0,420052.0,24.75
233.0,100.0,3299.999,1.29,61395.0,24840.0,6201.6,0.2,421312.0,420052.0,24.75
234.0,100.0,3300.0,1.3,61332.0,24912.0,6159.0,0.2,421312.0,420052.0,24.75
235.0,100.0,3299.999,1.31,62498.0,24840.0,6307.2,0.2,421312.0,420052.0,24.75
236.0,93.8,3300.018,1.31,62477.0,24912.0,6289.8,0.2,421312.0,420052.0,24.75
237.0,100.0,3300.0,1.32,62463.0,25056.0,6303.9,0.2,421312.0,420052.0,24.75
238.0,100.0,3300.0,1.33,63521.0,24768.0,6287.1,0.2,421312.0,420052.0,24.75
239.0,100.0,3299.991,1.29,61302.0,25128.0,6185.3,0.2,421312.0,420052.0,24.75
240.0,93.8,3300.0,1.29,61438.0,25056.0,6213.5,0.2,421312.0,420052.0,24.75
241.0,93.8,3299.999,1.31,62514.0,24840.0,6299.4,0.2,421312.0,420052.0,24.75
242.0,100.0,3300.0,1.32,62262.0,24984.0,6283.1,0.2,421312.0,420052.0,24.75
243.0,100.0,3299.999,1.31,62483.0,24840.0,6294.0,0.2,421312.0,420052.0,24.75
244.0,100.0,3300.0,1.31,62567.0,24984.0,6316.9,0.2,421312.0,420052.0,24.75
245.0,100.0,3299.999,1.33,63447.0,24912.0,6285.0,0.2,421312.0,420052.0,24.75
246.0,100.0,3300.0,1.31,62197.0,25056.0,6266.2,0.2,421312.0,420052.0,24.75
247.0,100.0,3300.0,1.31,62407.0,24984.0,6306.7,0.2,421312.0,420052.0,24.75
248.0,100.0,3299.999,1.32,62273.0,24912.0,6286.7,0.2,421312.0,420052.0,24.75
249.0,100.0,3300.0,1.31,62572.0,24984.0,6308.4,0.2,421312.0,420052.0,24.75
250.0,100.0,3300.0,1.29,61384.0,24912.0,6185.5,0.2,421312.0,420052.0,24.75
251.0,100.0,3300.0,1.31,62203.0,24984.0,6259.6,0.2,421312.0,420052.0,24.75
252.0,100.0,3299.999,1.32,63371.0,25128.0,6288.5,0.2,421312.0,420052.0,24.75
253.0,100.0,3300.0,1.32,62446.0,25056.0,6298.7,0.2,421312.0,420052.0,24.75
254.0,93.8,3299.999,1.32,62424.0,24912.0,6318.0,0.2,421312.0,420052.0,24.75
255.0,100.0,3299.999,1.31,62503.0,24840.0,6308.7,0.2,421312.0,420052.0,24.75
256.0,100.0,3300.0,1.31,62389.0,24912.0,6281.9,0.2,421312.0,420052.0,24.75
257.0,100.0,3299.999,1.32,62390.0,24984.0,6283.9,0.2,421312.0,420052.0,24.75
258.0,93.8,3300.0,1.31,62469.0,24912.0,6296.0,0.2,421312.0,420052.0,24.75
259.0,100.0,3300.0,1.31,62450.0,25128.0,6300.9,0.2,421312.0,420052.0,24.75
260.0,100.0,3300.0,1.33,63376.0,25272.0,6283.9,0.2,421312.0,420052.0,24.75
261.0,100.0,3299.999,1.31,62444.0,25056.0,6296.8,0.2,421312.0,420052.0,24.75
262.0,100.0,3299.999,1.32,62466.0,24984.0,6290.4,0.2,421312.0,420052.0,24.75
263.0,100.0,3300.0,1.32,62327.0,24696.0,6295.4,0.2,421312.0,420052.0,24.75
264.0,100.0,3300.0,1.31,62518.0,24984.0,6307.1,0.2,421312.0,420052.0,24.75
265.0,100.0,3300.0,1.29,61432.0,25200.0,6185.4,0.2,421312.0,420052.0,24.75
266.0,100.0,3299.999,1.28,61030.0,24768.0,6152.8,0.2,421312.0,420052.0,24.75
267.0,100.0,3299.999,1.33,63419.0,24984.0,6296.3,0.2,421312.0,420052.0,24.75
268.0,100.0,3300.0,1.31,62378.0,24840.0,6276.3,0.2,421312.0,420052.0,24.75
269.0,100.0,3299.999,1.31,62506.0,24768.0,6305.8,0.2,421312.0,420052.0,24.75
270.0,100.0,3299.999,1.32,62508.0,24984.0,6308.7,0.2,421312.0,420052.0,24.75
271.0,93.8,3300.0,1.32,62376.0,24984.0,6275.3,0.2,421312.0,420052.0,24.75
272.0,100.0,3300.0,1.31,62456.0,24984.0,6312.0,0.2,421312.0,420052.0,24.75
273.0,100.0,3299.999,1.29,61305.0,24768.0,6182.9,0.2,421312.0,420052.0,24.75
274.0,100.0,3299.999,1.29,61382.0,24912.0,6187.9,0.2,421312.0,420052.0,24.75
275.0,100.0,3300.0,1.33,63580.0,24912.0,6310.3,0.2,421312.0,420052.0,24.75
276.0,100.0,3299.999,1.31,62335.0,24984.0,6283.2,0.2,421312.0,420052.0,24.75
277.0,100.0,3299.999,1.31,62516.0,25056.0,6321.6,0.2,421312.0,420052.0,24.75
278.0,100.0,3300.0,1.31,62530.0,25056.0,6303.2,0.2,421312.0,420052.0,24.75
279.0,100.0,3299.999,1.32,62301.0,24984.0,6292.8,0.2,421312.0,420052.0,24.75
280.0,100.0,3300.0,1.31,62552.0,24984.0,6309.1,0.2,421312.0,420052.0,24.75
281.0,100.0,3300.0,1.31,62566.0,24840.0,6308.1,0.2,421312.0,420052.0,24.75
282.0,100.0,3300.0,1.33,63474.0,24768.0,6291.6,0.2,421312.0,420052.0,24.75
283.0,93.8,3299.999,1.31,62492.0,24984.0,6312.2,0.2,421312.0,420052.0,24.75
284.0,100.0,3300.0,1.31,62466.0,25056.0,6294.7,0.2,421312.0,420052.0,24.75
285.0,100.0,3300.0,1.32,62251.0,24768.0,6285.2,0.2,421312.0,420052.0,24.75
286.0,93.8,3300.0,1.31,62477.0,24696.0,6293.0,0.2,421312.0,420052.0,24.75
287.0,100.0,3299.999,1.29,61382.0,25128.0,6191.2,0.2,421312.0,420052.0,24.75
288.0,100.0,3300.0,1.29,61330.0,25056.0,6169.9,0.2,421312.0,420052.0,24.75
289.0,100.0,3300.0,1.33,63510.0,24912.0,6290.2,0.2,421312.0,420052.0,24.75
290.0,93.8,3300.0,1.32,62304.0,25056.0,6300.9,0.2,421312.0,420052.0,24.75
291.0,100.0,3299.999,1.31,62494.0,25200.0,6300.4,0.2,421312.0,420052.0,24.75
292.0,100.0,3299.999,1.31,62414.0,24984.0,6297.7,0.2,421312.0,420052.0,24.75
293.0,100.0,3300.0,1.31,62397.0,25272.0,6288.4,0.2,421312.0,420052.0,24.75
294.0,100.0,3300.0,1.32,62392.0,25128.0,6308.4,0.2,421312.0,420052.0,24.75
295.0,93.8,3299.992,1.31,62510.0,24840.0,6320.4,0.2,421312.0,420052.0,24.75
296.0,93.8,3300.0,1.31,62405.0,24624.0,6292.5,0.2,421312.0,420052.0,24.75
297.0,93.8,3299.999,1.33,63409.0,24840.0,6290.4,0.2,421312.0,420052.0,24.75
298.0,100.0,3299.985,1.31,62414.0,25128.0,6282.8,0.2,421312.0,420052.0,24.75
299.0,100.0,3300.0,1.29,61179.0,24768.0,6163.0,0.2,421312.0,420052.0,24.75
