time,CPU_Utilization,Frequency,IPC,Misses,LLC,MBL,Memory_Footprint,Virt_Memory,Res_Memory,Allocated_Cache
0.0,100.0,3300.0,1.73,522.0,0.0,9.2,0.2,421312.0,420040.0,9.0
1.0,100.0,3300.0,1.29,74278.0,9000.0,7692.0,0.2,421312.0,420040.0,9.0
2.0,100.0,3300.0,1.28,75064.0,8928.0,7867.1,0.2,421312.0,420040.0,9.0
3.0,100.0,3300.0,1.27,75104.0,8928.0,7888.6,0.2,421312.0,420040.0,9.0
4.0,93.8,3299.999,1.28,74959.0,9000.0,7863.5,0.2,421312.0,420040.0,9.0
5.0,100.0,3300.0,1.27,74970.0,8928.0,7867.0,0.2,421312.0,420040.0,9.0
6.0,100.0,3300.0,1.28,74979.0,8784.0,7861.4,0.2,421312.0,420040.0,9.0
7.0,100.0,3299.999,1.27,74910.0,9000.0,7870.7,0.2,421312.0,420040.0,9.0
8.0,100.0,3300.0,1.28,75418.0,9000.0,7766.9,0.2,421312.0,420040.0,9.0
9.0,100.0,3300.0,1.26,74010.0,9000.0,7757.3,0.2,421312.0,420040.0,9.0
10.0,100.0,3299.999,1.27,74339.0,8928.0,7818.5,0.2,421312.0,420040.0,9.0
11.0,100.0,3299.999,1.27,75118.0,9000.0,7889.3,0.2,421312.0,420040.0,9.0
12.0,100.0,3300.0,1.28,74968.0,8640.0,7867.6,0.2,421312.0,420040.0,9.0
13.0,100.0,3299.999,1.27,75042.0,8856.0,7862.4,0.2,421312.0,420040.0,9.0
14.0,100.0,3300.0,1.28,75054.0,9000.0,7880.8,0.2,421312.0,420040.0,9.0
15.0,100.0,3299.999,1.27,74966.0,8928.0,7851.2,0.2,421312.0,420040.0,9.0
16.0,100.0,3300.0,1.29,75932.0,9000.0,7840.5,0.2,421312.0,420040.0,9.0
17.0,100.0,3299.999,1.28,74862.0,9144.0,7851.7,0.2,421312.0,420040.0,9.0
18.0,100.0,3300.0,1.27,74828.0,9000.0,7835.2,0.2,421312.0,420040.0,9.0
19.0,100.0,3300.0,1.27,74759.0,9072.0,7865.4,0.2,421312.0,420040.0,9.0
20.0,100.0,3300.0,1.27,75012.0,8928.0,7843.9,0.2,421312.0,420040.0,9.0
21.0,100.0,3299.999,1.27,74620.0,8856.0,7826.5,0.2,421312.0,420040.0,9.0
22.0,100.0,3300.0,1.27,74783.0,9072.0,7844.3,0.2,421312.0,420040.0,9.0
23.0,100.0,3299.999,1.29,75927.0,9216.0,7812.2,0.2,421312.0,420040.0,9.0
24.0,100.0,3299.999,1.27,75033.0,9000.0,7878.4,0.2,421312.0,420040.0,9.0
25.0,100.0,3300.0,1.28,74991.0,8856.0,7850.3,0.2,421312.0,420040.0,9.0
26.0,100.0,3300.0,1.27,75096.0,8712.0,7893.6,0.2,421312.0,420040.0,9.0
27.0,100.0,3299.999,1.28,74966.0,9000.0,7855.7,0.2,421312.0,420040.0,9.0
28.0,100.0,3300.0,1.27,75022.0,9000.0,7868.6,0.2,421312.0,420040.0,9.0
29.0,100.0,3299.999,1.28,75012.0,9072.0,7861.6,0.2,421312.0,420040.0,9.0
30.0,100.0,3300.0,1.27,75010.0,8856.0,7861.6,0.2,421312.0,420040.0,9.0
31.0,93.8,3300.0,1.27,75099.0,8856.0,7714.3,0.2,421312.0,420040.0,9.0
32.0,100.0,3299.999,1.27,74574.0,9216.0,7817.4,0.2,421312.0,420040.0,9.0
33.0,100.0,3300.0,1.28,75014.0,8712.0,7874.4,0.2,421312.0,420040.0,9.0
34.0,100.0,3299.999,1.27,75074.0,9000.0,7873.9,0.2,421312.0,420040.0,9.0
35.0,100.0,3299.999,1.28,74923.0,9000.0,7857.4,0.2,421312.0,420040.0,9.0
36.0,100.0,3300.0,1.27,75168.0,9000.0,7894.0,0.2,421312.0,420040.0,9.0
37.0,100.0,3300.0,1.28,74942.0,8496.0,7863.1,0.2,421312.0,420040.0,9.0
38.0,100.0,3299.999,1.27,74859.0,8928.0,7856.8,0.2,421312.0,420040.0,9.0
39.0,100.0,3299.999,1.28,75481.0,9000.0,7761.4,0.2,421312.0,420040.0,9.0
