time,CPU_Utilization,Frequency,IPC,Misses,LLC,MBL,Memory_Footprint,Virt_Memory,Res_Memory,Allocated_Cache
0.0,100.0,3299.999,1.76,528.0,0.0,9.4,0.2,421312.0,420136.0,18.0
1.0,100.0,3300.0,1.33,65243.0,18072.0,6593.8,0.2,421312.0,420136.0,18.0
2.0,93.8,3300.0,1.32,64786.0,18144.0,6625.4,0.2,421312.0,420136.0,18.0
3.0,100.0,3299.999,1.32,64759.0,18144.0,6636.2,0.2,421312.0,420136.0,18.0
4.0,100.0,3299.999,1.32,64716.0,18288.0,6637.1,0.2,421312.0,420136.0,18.0
5.0,100.0,3300.0,1.32,64705.0,18144.0,6639.0,0.2,421312.0,420136.0,18.0
6.0,100.0,3299.999,1.32,64729.0,18144.0,6636.8,0.2,421312.0,420136.0,18.0
7.0,100.0,3299.999,1.32,64617.0,18504.0,6634.4,0.2,421312.0,420136.0,18.0
8.0,100.0,3299.999,1.33,65663.0,18360.0,6604.1,0.2,421312.0,420136.0,18.0
9.0,100.0,3300.0,1.32,64654.0,18288.0,6617.2,0.2,421312.0,420136.0,18.0
10.0,100.0,3300.0,1.32,64584.0,18144.0,6630.2,0.2,421312.0,420136.0,18.0
11.0,100.0,3299.999,1.32,64732.0,18288.0,6622.9,0.2,421312.0,420136.0,18.0
12.0,100.0,3300.0,1.31,64292.0,18144.0,6610.2,0.2,421312.0,420136.0,18.0
13.0,100.0,3299.999,1.32,64531.0,18288.0,6624.8,0.2,421312.0,420136.0,18.0
14.0,100.0,3300.0,1.32,64683.0,18216.0,6629.7,0.2,421312.0,420136.0,18.0
15.0,100.0,3299.999,1.33,65889.0,17928.0,6614.6,0.2,421312.0,420136.0,18.0
16.0,100.0,3300.0,1.32,64574.0,18216.0,6633.2,0.2,421312.0,420136.0,18.0
17.0,100.0,3299.999,1.32,64671.0,18144.0,6628.3,0.2,421312.0,420136.0,18.0
18.0,100.0,3300.0,1.32,64742.0,18360.0,6640.1,0.2,421312.0,420136.0,18.0
19.0,100.0,3299.999,1.32,64627.0,18360.0,6630.6,0.2,421312.0,420136.0,18.0
20.0,100.0,3300.0,1.32,64612.0,18144.0,6636.7,0.2,421312.0,420136.0,18.0
21.0,100.0,3300.0,1.32,64760.0,18216.0,6643.8,0.2,421312.0,420136.0,18.0
22.0,100.0,3299.999,1.31,64324.0,18360.0,6603.4,0.2,421312.0,420136.0,18.0
23.0,93.8,3299.999,1.33,65755.0,18288.0,6619.4,0.2,421312.0,420136.0,18.0
24.0,100.0,3300.0,1.32,64727.0,18216.0,6631.2,0.2,421312.0,420136.0,18.0
25.0,100.0,3299.999,1.32,64694.0,18072.0,6627.6,0.2,421312.0,420136.0,18.0
26.0,100.0,3300.0,1.32,64566.0,18072.0,6629.7,0.2,421312.0,420136.0,18.0
27.0,100.0,3299.999,1.32,64740.0,18000.0,6644.2,0.2,421312.0,420136.0,18.0
28.0,100.0,3299.999,1.32,64690.0,18072.0,6632.2,0.2,421312.0,420136.0,18.0
29.0,100.0,3300.0,1.32,64742.0,18072.0,6639.3,0.2,421312.0,420136.0,18.0
30.0,100.0,3299.999,1.33,65741.0,18072.0,6628.9,0.2,421312.0,420136.0,18.0
31.0,100.0,3299.999,1.31,64237.0,17928.0,6595.1,0.2,421312.0,420136.0,18.0
32.0,100.0,3300.0,1.3,63821.0,17856.0,6534.6,0.2,421312.0,420136.0,18.0
33.0,100.0,3299.999,1.32,64789.0,18144.0,6649.2,0.2,421312.0,420136.0,18.0
34.0,100.0,3299.999,1.32,64671.0,17856.0,6643.0,0.2,421312.0,420136.0,18.0
35.0,93.8,3299.999,1.32,64718.0,18000.0,6630.6,0.2,421312.0,420136.0,18.0
36.0,100.0,3300.0,1.32,64705.0,18000.0,6617.0,0.2,421312.0,420136.0,18.0
37.0,100.0,3299.999,1.33,65754.0,18144.0,6619.8,0.2,421312.0,420136.0,18.0
38.0,100.0,3300.0,1.32,64702.0,18216.0,6632.9,0.2,421312.0,420136.0,18.0
39.0,100.0,3300.0,1.32,64645.0,18000.0,6649.2,0.2,421312.0,420136.0,18.0
