time,CPU_Utilization,Frequency,IPC,Misses,LLC,MBL,Memory_Footprint,Virt_Memory,Res_Memory,Allocated_Cache
0.0,100.0,3300.0,1.76,533.0,0.0,9.2,0.2,421312.0,420120.0,15.75
1.0,93.8,3299.999,1.32,65965.0,15984.0,6819.3,0.2,421312.0,420120.0,15.75
2.0,93.3,3300.0,1.31,66157.0,15624.0,6873.0,0.2,421312.0,420120.0,15.75
3.0,100.0,3299.999,1.32,65947.0,15696.0,6875.9,0.2,421312.0,420120.0,15.75
4.0,100.0,3300.0,1.31,65899.0,15480.0,6855.5,0.2,421312.0,420120.0,15.75
5.0,100.0,3300.0,1.31,66035.0,15912.0,6846.6,0.2,421312.0,420120.0,15.75
6.0,100.0,3299.999,1.31,65924.0,15696.0,6861.6,0.2,421312.0,420120.0,15.75
7.0,100.0,3300.0,1.31,65828.0,15912.0,6857.0,0.2,421312.0,420120.0,15.75
8.0,100.0,3299.999,1.32,67178.0,15768.0,6855.5,0.2,421312.0,420120.0,15.75
9.0,100.0,3300.0,1.31,65946.0,16128.0,6876.1,0.2,421312.0,420120.0,15.75
10.0,100.0,3300.0,1.31,65890.0,15768.0,6864.0,0.2,421312.0,420120.0,15.75
11.0,100.0,3299.999,1.31,66035.0,16056.0,6883.6,0.2,421312.0,420120.0,15.75
12.0,100.0,3299.999,1.31,65506.0,15696.0,6829.2,0.2,421312.0,420120.0,15.75
13.0,100.0,3299.999,1.31,65825.0,15624.0,6843.2,0.2,421312.0,420120.0,15.75
14.0,100.0,3300.0,1.31,66161.0,15696.0,6900.5,0.2,421312.0,420120.0,15.75
15.0,100.0,3299.999,1.33,66895.0,15624.0,6842.5,0.2,421312.0,420120.0,15.75
16.0,100.0,3300.0,1.31,66051.0,15768.0,6872.4,0.2,421312.0,420120.0,15.75
17.0,100.0,3300.0,1.31,65942.0,15624.0,6855.5,0.2,421312.0,420120.0,15.75
18.0,100.0,3299.999,1.31,65986.0,15984.0,6893.0,0.2,421312.0,420120.0,15.75
19.0,93.8,3300.0,1.31,65876.0,15696.0,6861.9,0.2,421312.0,420120.0,15.75
20.0,100.0,3300.0,1.31,66021.0,15696.0,6853.0,0.2,421312.0,420120.0,15.75
21.0,100.0,3299.999,1.29,64476.0,15768.0,6732.4,0.2,421312.0,420120.0,15.75
22.0,100.0,3300.0,1.3,65647.0,15696.0,6850.3,0.2,421312.0,420120.0,15.75
23.0,100.0,3299.999,1.33,67035.0,15768.0,6836.3,0.2,421312.0,420120.0,15.75
24.0,100.0,3300.0,1.31,65980.0,15912.0,6866.6,0.2,421312.0,420120.0,15.75
25.0,100.0,3299.999,1.31,65982.0,15984.0,6891.3,0.2,421312.0,420120.0,15.75
26.0,100.0,3300.0,1.31,65929.0,15840.0,6863.5,0.2,421312.0,420120.0,15.75
27.0,100.0,3299.999,1.31,65975.0,15912.0,6873.3,0.2,421312.0,420120.0,15.75
28.0,100.0,3299.999,1.31,66004.0,15840.0,6873.7,0.2,421312.0,420120.0,15.75
29.0,100.0,3299.999,1.31,66057.0,15624.0,6865.0,0.2,421312.0,420120.0,15.75
30.0,100.0,3300.0,1.33,67052.0,15696.0,6857.6,0.2,421312.0,420120.0,15.75
31.0,100.0,3299.999,1.31,65981.0,16128.0,6885.4,0.2,421312.0,420120.0,15.75
32.0,100.0,3300.0,1.31,65521.0,15768.0,6795.6,0.2,421312.0,420120.0,15.75
33.0,100.0,3300.0,1.31,65946.0,15696.0,6868.8,0.2,421312.0,420120.0,15.75
34.0,100.0,3299.999,1.31,65964.0,15912.0,6873.5,0.2,421312.0,420120.0,15.75
35.0,100.0,3300.0,1.32,65982.0,15624.0,6875.2,0.2,421312.0,420120.0,15.75
36.0,100.0,3300.001,1.31,65923.0,15840.0,6861.2,0.2,421312.0,420120.0,15.75
37.0,100.0,3300.0,1.33,67123.0,15840.0,6877.9,0.2,421312.0,420120.0,15.75
38.0,100.0,3300.0,1.32,65927.0,15696.0,6869.9,0.2,421312.0,420120.0,15.75
39.0,100.0,3299.999,1.31,66069.0,15624.0,6882.3,0.2,421312.0,420120.0,15.75
