time,CPU_Utilization,Frequency,IPC,Misses,LLC,MBL,Memory_Footprint,Virt_Memory,Res_Memory,Allocated_Cache
0.0,100.0,3299.999,1.46,440.0,0.0,7.9,0.2,421312.0,420056.0,13.5
1.0,93.8,3300.001,1.31,67862.0,13536.0,6913.0,0.2,421312.0,420056.0,13.5
2.0,100.0,3299.999,1.29,66830.0,13824.0,6912.7,0.2,421312.0,420056.0,13.5
3.0,100.0,3299.999,1.3,67559.0,13392.0,6938.4,0.2,421312.0,420056.0,13.5
4.0,,,,,,,,,,
5.0,,,,,,,,,,
6.0,100.0,3300.0,1.3,67768.0,13320.0,6992.4,0.2,421312.0,420056.0,13.5
7.0,100.0,3299.999,1.3,67732.0,13608.0,6991.5,0.2,421312.0,420056.0,13.5
8.0,100.0,3299.999,1.32,68792.0,13680.0,6989.3,0.2,421312.0,420056.0,13.5
9.0,100.0,3300.0,1.3,67700.0,13752.0,6988.1,0.2,421312.0,420056.0,13.5
10.0,93.8,3299.999,1.3,67709.0,13464.0,6991.8,0.2,421312.0,420056.0,13.5
11.0,100.0,3300.0,1.3,67841.0,13392.0,7004.2,0.2,421312.0,420056.0,13.5
12.0,93.8,3300.0,1.31,67812.0,13392.0,7000.2,0.2,421312.0,420056.0,13.5
13.0,100.0,3300.0,1.3,67713.0,13464.0,6977.2,0.2,421312.0,420056.0,13.5
14.0,,,,,,,,,,
15.0,100.0,3300.0,1.32,68847.0,13464.0,6997.9,0.2,421312.0,420056.0,13.5
16.0,100.0,3299.999,1.3,67680.0,13608.0,6996.9,0.2,421312.0,420056.0,13.5
17.0,93.8,3300.0,1.3,67793.0,13680.0,7003.8,0.2,421312.0,420056.0,13.5
18.0,100.0,3300.0,1.31,67823.0,13536.0,6998.8,0.2,421312.0,420056.0,13.5
19.0,100.0,3299.999,1.3,67789.0,13536.0,6973.0,0.2,421312.0,420056.0,13.5
20.0,100.0,3300.0,1.31,67655.0,13752.0,6996.1,0.2,421312.0,420056.0,13.5
21.0,100.0,3299.999,1.3,67870.0,13392.0,7012.0,0.2,421312.0,420056.0,13.5
22.0,100.0,3299.999,1.3,67410.0,13320.0,6956.5,0.2,421312.0,420056.0,13.5
23.0,100.0,3300.0,1.31,68620.0,13536.0,6939.4,0.2,421312.0,420056.0,13.5
24.0,93.8,3299.999,1.29,67203.0,13392.0,6947.6,0.2,421312.0,420056.0,13.5
25.0,93.8,3300.0,1.3,67738.0,13392.0,6991.7,0.2,421312.0,420056.0,13.5
26.0,100.0,3299.999,1.3,67799.0,13464.0,7020.1,0.2,421312.0,420056.0,13.5
27.0,100.0,3300.0,1.3,67296.0,13680.0,6960.1,0.2,421312.0,420056.0,13.5
28.0,100.0,3299.999,1.3,67914.0,13536.0,7006.7,0.2,421312.0,420056.0,13.5
29.0,100.0,3299.999,1.3,67795.0,13176.0,7010.8,0.2,421312.0,420056.0,13.5
30.0,100.0,3300.0,1.32,68805.0,13536.0,6984.5,0.2,421312.0,420056.0,13.5
31.0,100.0,3300.0,1.3,67687.0,13608.0,6985.3,0.2,421312.0,420056.0,13.5
32.0,100.0,3299.999,1.31,67769.0,13392.0,6989.1,0.2,421312.0,420056.0,13.5
33.0,100.0,3300.0,1.3,67629.0,13320.0,6982.2,0.2,421312.0,420056.0,13.5
34.0,93.8,3299.999,1.3,67715.0,13464.0,6964.2,0.2,421312.0,420056.0,13.5
35.0,100.0,3300.0,1.3,67621.0,13680.0,6984.9,0.2,421312.0,420056.0,13.5
36.0,100.0,3300.0,1.3,67827.0,13536.0,7017.2,0.2,421312.0,420056.0,13.5
37.0,100.0,3300.0,1.31,67836.0,13824.0,6990.4,0.2,421312.0,420056.0,13.5
38.0,100.0,3299.999,1.32,68960.0,13392.0,6990.0,0.2,421312.0,420056.0,13.5
39.0,100.0,3299.999,1.3,67710.0,13464.0,7010.8,0.2,421312.0,420056.0,13.5
