time,CPU_Utilization,Frequency,IPC,Misses,LLC,MBL,Memory_Footprint,Virt_Memory,Res_Memory,Allocated_Cache
0.0,93.3,3300.0,2.74,1.0,0.0,0.0,0.0,42152.0,40756.0,13.5
1.0,100.0,3299.999,1.72,185.0,12168.0,89.2,0.0,61008.0,59624.0,13.5
2.0,100.0,3300.0,1.69,360.0,10872.0,53.9,0.0,83332.0,81852.0,13.5
3.0,93.8,3299.999,2.06,493.0,10512.0,84.6,0.0,99040.0,97692.0,13.5
4.0,100.0,3299.999,0.91,248.0,7128.0,20.1,0.0,100756.0,99272.0,13.5
5.0,100.0,3299.999,0.87,2500.0,12960.0,173.0,0.0,103620.0,102340.0,13.5
6.0,100.0,3299.999,0.81,14919.0,12600.0,952.1,0.0,103752.0,102340.0,13.5
7.0,100.0,3300.0,0.78,16405.0,13032.0,1037.4,0.0,103716.0,102592.0,13.5
8.0,100.0,3299.999,0.76,14802.0,12816.0,930.6,0.0,103848.0,102592.0,13.5
9.0,100.0,3299.999,0.74,16809.0,13320.0,1017.8,0.0,103968.0,102636.0,13.5
10.0,100.0,3300.0,0.76,16043.0,12672.0,976.0,0.0,103968.0,102636.0,13.5
11.0,100.0,3300.0,0.76,16350.0,13248.0,965.2,0.0,104100.0,102896.0,13.5
12.0,100.0,3299.999,0.76,16092.0,12816.0,967.6,0.0,104100.0,102896.0,13.5
13.0,100.0,3300.0,0.75,16583.0,12816.0,1011.0,0.0,104100.0,102896.0,13.5
14.0,100.0,3299.999,0.75,16754.0,12960.0,989.4,0.0,104100.0,102896.0,13.5
15.0,100.0,3300.0,0.73,17188.0,12672.0,1035.6,0.0,104100.0,102896.0,13.5
16.0,100.0,3299.999,0.79,14591.0,12744.0,893.3,0.0,104100.0,102896.0,13.5
17.0,100.0,3299.999,0.78,15190.0,12816.0,921.9,0.0,104100.0,102896.0,13.5
18.0,100.0,3300.0,0.76,16232.0,12384.0,1028.2,0.0,104100.0,102896.0,13.5
19.0,100.0,3300.0,0.77,15868.0,12960.0,993.1,0.0,104100.0,102896.0,13.5
20.0,100.0,3299.999,0.73,16739.0,12888.0,1032.2,0.0,104224.0,103012.0,13.5
21.0,100.0,3300.0,0.75,16003.0,13248.0,1019.1,0.0,104580.0,103152.0,13.5
22.0,100.0,3300.0,0.73,17107.0,12960.0,1098.4,0.0,104580.0,103412.0,13.5
23.0,100.0,3300.0,0.75,16215.0,12744.0,1039.7,0.0,104580.0,103412.0,13.5
24.0,93.8,3300.0,0.77,15467.0,12672.0,955.1,0.0,104580.0,103412.0,13.5
25.0,100.0,3299.999,0.73,17020.0,12960.0,1089.6,0.0,104580.0,103412.0,13.5
26.0,100.0,3299.999,0.73,16606.0,12672.0,1059.3,0.0,104580.0,103412.0,13.5
27.0,100.0,3299.999,0.73,16674.0,12672.0,1050.6,0.0,104580.0,103412.0,13.5
28.0,100.0,3300.0,0.77,15468.0,12816.0,930.9,0.0,104516.0,103416.0,13.5
29.0,100.0,3300.0,0.74,16206.0,12960.0,977.3,0.0,104516.0,103416.0,13.5
30.0,100.0,3300.0,0.74,16510.0,12600.0,1010.7,0.0,104516.0,103416.0,13.5
31.0,100.0,3299.999,0.75,16142.0,12744.0,972.4,0.0,104516.0,103416.0,13.5
32.0,100.0,3300.0,0.75,16224.0,12816.0,957.7,0.0,104516.0,103416.0,13.5
33.0,100.0,3300.0,0.74,16615.0,12672.0,978.0,0.0,104516.0,103416.0,13.5
34.0,100.0,3299.999,0.73,16734.0,12816.0,1012.5,0.0,104516.0,103416.0,13.5
35.0,100.0,3300.0,0.73,16875.0,13392.0,1022.6,0.0,104516.0,103416.0,13.5
36.0,100.0,3300.0,0.79,14867.0,12960.0,921.2,0.0,104516.0,103416.0,13.5
37.0,100.0,3299.999,0.75,16016.0,12672.0,989.9,0.0,104516.0,103416.0,13.5
38.0,100.0,3300.0,0.74,16796.0,12744.0,997.6,0.0,104516.0,103416.0,13.5
39.0,100.0,3299.999,0.73,16854.0,12960.0,1000.4,0.0,104516.0,103416.0,13.5
