time,CPU_Utilization,Frequency,IPC,Misses,LLC,MBL,Memory_Footprint,Virt_Memory,Res_Memory,Allocated_Cache
0.0,93.3,3300.0,2.7,1.0,0.0,0.1,0.0,41800.0,40212.0,6.75
1.0,100.0,3299.999,1.67,1419.0,8784.0,114.2,0.0,61008.0,59600.0,6.75
2.0,100.0,3299.999,1.45,2576.0,7632.0,46.4,0.0,80956.0,79512.0,6.75
3.0,100.0,3300.0,1.98,2056.0,7272.0,78.9,0.0,98776.0,97464.0,6.75
4.0,100.0,3299.999,1.02,2577.0,6336.0,29.7,0.0,100228.0,98780.0,6.75
5.0,100.0,3300.0,0.82,2577.0,5472.0,16.6,0.0,102464.0,101168.0,6.75
6.0,100.0,3300.0,0.68,17970.0,6480.0,1464.3,0.0,103620.0,102388.0,6.75
7.0,100.0,3299.999,0.7,19950.0,6912.0,1746.9,0.0,103716.0,102640.0,6.75
8.0,93.3,3299.999,0.66,21018.0,6696.0,1836.4,0.0,103716.0,102640.0,6.75
9.0,93.8,3300.0,0.65,21237.0,6552.0,1967.9,0.0,103844.0,102684.0,6.75
10.0,93.8,3300.0,0.64,21875.0,6696.0,1917.2,0.0,103968.0,102684.0,6.75
11.0,100.0,3299.999,0.62,22049.0,6768.0,1956.1,0.0,103968.0,102684.0,6.75
12.0,100.0,3300.0,0.64,21396.0,6696.0,1863.5,0.0,103968.0,102684.0,6.75
13.0,100.0,3299.999,0.62,22348.0,6696.0,2025.5,0.0,104100.0,102944.0,6.75
14.0,100.0,3299.999,0.64,21182.0,6696.0,1860.3,0.0,104100.0,102944.0,6.75
15.0,100.0,3299.999,0.58,20677.0,6912.0,1810.3,0.0,104100.0,102944.0,6.75
16.0,100.0,3300.0,0.62,22358.0,6768.0,1943.5,0.0,104100.0,102944.0,6.75
17.0,100.0,3300.0,0.62,22135.0,6840.0,1867.1,0.0,104100.0,102944.0,6.75
18.0,100.0,3299.999,0.63,21452.0,6768.0,1780.3,0.0,104100.0,102944.0,6.75
19.0,100.0,3299.999,0.65,20773.0,6624.0,1809.8,0.0,104100.0,102944.0,6.75
20.0,100.0,3299.999,0.65,20451.0,6696.0,1799.9,0.0,104100.0,102944.0,6.75
21.0,100.0,3300.0,0.62,21677.0,6624.0,1949.6,0.0,104100.0,102944.0,6.75
22.0,100.0,3299.999,0.64,20895.0,6120.0,1938.2,0.0,104100.0,102944.0,6.75
23.0,100.0,3300.0,0.61,22021.0,6552.0,2052.7,0.0,104100.0,102944.0,6.75
24.0,100.0,3299.999,0.62,22080.0,6192.0,2061.1,0.0,104316.0,103200.0,6.75
25.0,100.0,3299.999,0.61,22113.0,6696.0,2004.5,0.0,104580.0,103200.0,6.75
26.0,100.0,3300.0,0.61,21779.0,6264.0,1905.1,0.0,104580.0,103460.0,6.75
27.0,100.0,3299.999,0.62,21575.0,6552.0,1907.5,0.0,104580.0,103460.0,6.75
28.0,100.0,3300.0,0.63,21107.0,6048.0,1804.1,0.0,104580.0,103460.0,6.75
29.0,100.0,3299.999,0.62,21551.0,6552.0,1814.1,0.0,104580.0,103460.0,6.75
30.0,100.0,3299.999,0.6,22166.0,6552.0,1896.8,0.0,104580.0,103460.0,6.75
31.0,100.0,3300.0,0.61,21912.0,6552.0,1846.8,0.0,104580.0,103460.0,6.75
32.0,100.0,3299.999,0.62,21608.0,6552.0,1853.4,0.0,104580.0,103460.0,6.75
33.0,93.8,3300.0,0.64,20930.0,5976.0,1845.0,0.0,104516.0,103464.0,6.75
34.0,100.0,3299.999,0.63,21442.0,6480.0,1905.6,0.0,104516.0,103464.0,6.75
35.0,100.0,3300.0,0.61,21890.0,6480.0,1965.7,0.0,104516.0,103464.0,6.75
36.0,100.0,3299.999,0.61,21894.0,6336.0,1997.6,0.0,104516.0,103464.0,6.75
37.0,100.0,3300.0,0.62,21836.0,6696.0,1964.7,0.0,104516.0,103464.0,6.75
38.0,93.8,3299.999,0.62,21469.0,6624.0,1915.4,0.0,104516.0,103464.0,6.75
39.0,100.0,3300.0,0.62,21621.0,6768.0,1973.7,0.0,104516.0,103464.0,6.75
