time,CPU_Utilization,Frequency,IPC,Misses,LLC,MBL,Memory_Footprint,Virt_Memory,Res_Memory,Allocated_Cache
0.0,100.0,3299.999,2.71,1.0,0.0,0.3,0.0,43304.0,42028.0,15.75
1.0,100.0,3300.0,1.71,173.0,12456.0,81.1,0.0,61012.0,59652.0,15.75
2.0,100.0,3300.0,1.7,342.0,12096.0,55.1,0.0,84656.0,83260.0,15.75
3.0,100.0,3299.999,2.06,472.0,12312.0,75.0,0.0,99176.0,97780.0,15.75
4.0,100.0,3300.0,0.9,225.0,8352.0,20.2,0.0,100892.0,99624.0,15.75
5.0,100.0,3299.999,0.87,2494.0,15408.0,160.7,0.0,103624.0,102440.0,15.75
6.0,100.0,3299.999,0.85,13237.0,15120.0,735.3,0.0,103692.0,102636.0,15.75
7.0,100.0,3299.999,0.82,14815.0,15120.0,835.9,0.0,103720.0,102692.0,15.75
8.0,100.0,3299.999,0.83,13854.0,15048.0,759.7,0.0,103840.0,102736.0,15.75
9.0,100.0,3300.0,0.8,15339.0,15264.0,893.9,0.0,103972.0,102736.0,15.75
10.0,100.0,3300.0,0.8,14630.0,15480.0,830.5,0.0,103972.0,102736.0,15.75
11.0,100.0,3300.0,0.8,14401.0,15552.0,820.2,0.0,104104.0,102996.0,15.75
12.0,100.0,3300.0,0.8,14667.0,15480.0,836.4,0.0,104104.0,102996.0,15.75
13.0,100.0,3299.999,0.8,14737.0,15696.0,779.1,0.0,104104.0,102996.0,15.75
14.0,100.0,3299.999,0.78,15543.0,15192.0,876.7,0.0,104104.0,102996.0,15.75
15.0,100.0,3299.999,0.81,14339.0,15264.0,803.1,0.0,104104.0,102996.0,15.75
16.0,100.0,3300.0,0.83,12860.0,15264.0,710.2,0.0,104104.0,102996.0,15.75
17.0,100.0,3299.999,0.81,14146.0,15048.0,794.5,0.0,104104.0,102996.0,15.75
18.0,100.0,3299.999,0.81,13838.0,15552.0,814.4,0.0,104104.0,102996.0,15.75
19.0,100.0,3300.0,0.78,15189.0,15336.0,892.0,0.0,104228.0,103112.0,15.75
20.0,100.0,3299.999,0.8,14330.0,15552.0,866.0,0.0,104584.0,103252.0,15.75
21.0,100.0,3300.0,0.77,15278.0,15264.0,989.6,0.0,104584.0,103512.0,15.75
22.0,93.8,3299.999,0.79,14336.0,15120.0,870.9,0.0,104584.0,103512.0,15.75
23.0,100.0,3299.999,0.8,14190.0,15768.0,771.0,0.0,104584.0,103512.0,15.75
24.0,100.0,3299.999,0.77,15312.0,15408.0,903.2,0.0,104584.0,103512.0,15.75
25.0,100.0,3300.0,0.77,14882.0,15264.0,877.1,0.0,104584.0,103512.0,15.75
26.0,100.0,3300.0,0.79,14530.0,15552.0,848.8,0.0,104520.0,103516.0,15.75
27.0,100.0,3300.0,0.81,13956.0,15336.0,833.7,0.0,104520.0,103516.0,15.75
28.0,100.0,3299.999,0.78,14931.0,15192.0,880.9,0.0,104520.0,103516.0,15.75
29.0,100.0,3300.0,0.78,14986.0,15336.0,844.0,0.0,104520.0,103516.0,15.75
30.0,100.0,3300.0,0.78,14882.0,15480.0,853.5,0.0,104520.0,103516.0,15.75
31.0,100.0,3299.999,0.81,13812.0,15336.0,839.1,0.0,104520.0,103516.0,15.75
32.0,100.0,3300.0,0.78,14969.0,15696.0,891.1,0.0,104520.0,103516.0,15.75
33.0,100.0,3300.014,0.75,16036.0,15480.0,937.3,0.0,104520.0,103516.0,15.75
34.0,100.0,3300.0,0.82,13606.0,15120.0,788.8,0.0,104520.0,103516.0,15.75
35.0,100.0,3299.999,0.8,13987.0,15048.0,784.8,0.0,104520.0,103516.0,15.75
36.0,100.0,3299.999,0.79,14463.0,15336.0,811.8,0.0,104520.0,103516.0,15.75
37.0,100.0,3300.0,0.76,15322.0,15408.0,841.1,0.0,104520.0,103516.0,15.75
38.0,100.0,3299.999,0.79,14671.0,15192.0,849.4,0.0,104520.0,103516.0,15.75
39.0,100.0,3299.999,0.79,14682.0,15624.0,809.6,0.0,104520.0,103516.0,15.75
