time,CPU_Utilization,Frequency,IPC,Misses,LLC,MBL,Memory_Footprint,Virt_Memory,Res_Memory,Allocated_Cache
0.0,100.0,3299.999,2.65,1.0,0.0,0.1,0.0,44476.0,43040.0,11.25
1.0,100.0,3300.0,1.68,226.0,12168.0,82.8,0.0,62068.0,60752.0,11.25
2.0,100.0,3300.0,1.71,386.0,10944.0,57.7,0.0,85316.0,83980.0,11.25
3.0,100.0,3299.999,2.04,497.0,10368.0,80.9,0.0,99176.0,97720.0,11.25
4.0,100.0,3299.999,0.9,260.0,7920.0,20.1,0.0,100892.0,99564.0,11.25
5.0,100.0,3300.0,0.86,2734.0,11448.0,221.2,0.0,103624.0,102368.0,11.25
6.0,100.0,3300.0,0.77,16685.0,11160.0,1393.0,0.0,103756.0,102368.0,11.25
7.0,100.0,3299.999,0.73,18462.0,10728.0,1493.9,0.0,103720.0,102620.0,11.25
8.0,100.0,3300.0,0.76,16904.0,11016.0,1268.7,0.0,103720.0,102620.0,11.25
9.0,100.0,3299.999,0.73,18052.0,10872.0,1341.6,0.0,103972.0,102664.0,11.25
10.0,100.0,3299.999,0.7,18470.0,10944.0,1361.1,0.0,103972.0,102664.0,11.25
11.0,100.0,3299.999,0.72,17664.0,11016.0,1323.6,0.0,103972.0,102664.0,11.25
12.0,93.8,3299.999,0.7,18561.0,11088.0,1457.7,0.0,104104.0,102924.0,11.25
13.0,100.0,3300.0,0.73,17609.0,11016.0,1367.3,0.0,104104.0,102924.0,11.25
14.0,100.0,3299.999,0.71,18344.0,11160.0,1394.7,0.0,104104.0,102924.0,11.25
15.0,100.0,3300.0,0.69,19036.0,10944.0,1497.2,0.0,104104.0,102924.0,11.25
16.0,100.0,3300.0,0.72,17779.0,10944.0,1363.6,0.0,104104.0,102924.0,11.25
17.0,100.0,3299.999,0.74,16738.0,11160.0,1207.4,0.0,104104.0,102924.0,11.25
18.0,100.0,3299.999,0.74,16742.0,11016.0,1245.1,0.0,104104.0,102924.0,11.25
19.0,93.8,3300.0,0.71,18249.0,10944.0,1365.0,0.0,104104.0,102924.0,11.25
20.0,100.0,3300.0,0.71,18041.0,11016.0,1327.9,0.0,104104.0,102924.0,11.25
21.0,100.0,3299.999,0.69,18646.0,10944.0,1458.6,0.0,104228.0,103040.0,11.25
22.0,100.0,3300.0,0.71,17825.0,10872.0,1441.1,0.0,104584.0,103180.0,11.25
23.0,93.8,3299.999,0.69,18746.0,10728.0,1610.8,0.0,104584.0,103440.0,11.25
24.0,100.0,3299.999,0.7,17969.0,10800.0,1530.4,0.0,104584.0,103440.0,11.25
25.0,100.0,3300.0,0.73,17113.0,10728.0,1367.9,0.0,104584.0,103440.0,11.25
26.0,100.0,3299.999,0.7,18392.0,10800.0,1518.6,0.0,104584.0,103440.0,11.25
27.0,93.8,3299.999,0.67,19069.0,11016.0,1556.7,0.0,104584.0,103440.0,11.25
28.0,100.0,3300.0,0.69,18346.0,10728.0,1475.2,0.0,104584.0,103440.0,11.25
29.0,100.0,3300.0,0.73,17632.0,10872.0,1372.2,0.0,104520.0,103444.0,11.25
30.0,100.0,3299.999,0.72,17260.0,10872.0,1429.1,0.0,104520.0,103444.0,11.25
31.0,100.0,3300.0,0.69,18420.0,10656.0,1587.9,0.0,104520.0,103444.0,11.25
32.0,100.0,3300.0,0.7,18211.0,11088.0,1520.4,0.0,104520.0,103444.0,11.25
33.0,100.0,3300.0,0.69,18598.0,11160.0,1518.5,0.0,104520.0,103444.0,11.25
34.0,100.0,3300.0,0.72,17462.0,10944.0,1393.7,0.0,104520.0,103444.0,11.25
35.0,100.0,3300.0,0.71,18406.0,10944.0,1467.0,0.0,104520.0,103444.0,11.25
36.0,100.0,3300.0,0.67,19342.0,11016.0,1681.7,0.0,104520.0,103444.0,11.25
37.0,100.0,3299.999,0.7,18103.0,10944.0,1525.6,0.0,104520.0,103444.0,11.25
38.0,100.0,3299.999,0.74,16749.0,11232.0,1318.6,0.0,104520.0,103444.0,11.25
39.0,100.0,3300.0,0.71,17664.0,11016.0,1372.4,0.0,104520.0,103444.0,11.25
