time,CPU_Utilization,Frequency,IPC,Misses,LLC,MBL,Memory_Footprint,Virt_Memory,Res_Memory,Allocated_Cache
0.0,100.0,3299.999,2.74,1.0,0.0,0.1,0.0,42440.0,41108.0,18.0
1.0,100.0,3300.0,1.71,167.0,12168.0,85.0,0.0,61012.0,59624.0,18.0
2.0,93.3,3299.999,1.7,348.0,9864.0,56.2,0.0,82676.0,81324.0,18.0
3.0,100.0,3299.999,2.05,467.0,10368.0,84.3,0.0,99044.0,97692.0,18.0
4.0,100.0,3300.0,0.91,221.0,8064.0,18.8,0.0,100760.0,99272.0,18.0
5.0,100.0,3299.999,0.88,2443.0,16272.0,183.0,0.0,103624.0,102340.0,18.0
6.0,100.0,3300.0,0.89,11888.0,17208.0,894.7,0.0,103692.0,102536.0,18.0
7.0,93.8,3299.999,0.86,12682.0,15984.0,938.6,0.0,103720.0,102592.0,18.0
8.0,100.0,3299.999,0.86,12435.0,17064.0,923.9,0.0,103840.0,102636.0,18.0
9.0,100.0,3299.999,0.84,13339.0,16992.0,1017.1,0.0,103972.0,102636.0,18.0
10.0,100.0,3300.0,0.85,12437.0,16560.0,916.0,0.0,103972.0,102636.0,18.0
11.0,100.0,3299.999,0.83,13106.0,16992.0,972.7,0.0,104104.0,102896.0,18.0
12.0,100.0,3300.0,0.84,12719.0,16344.0,937.5,0.0,104104.0,102896.0,18.0
13.0,100.0,3300.0,0.83,13275.0,16488.0,975.4,0.0,104104.0,102896.0,18.0
14.0,100.0,3299.999,0.82,13543.0,15768.0,998.3,0.0,104104.0,102896.0,18.0
15.0,100.0,3299.999,0.87,11195.0,16560.0,844.0,0.0,104104.0,102896.0,18.0
16.0,100.0,3300.0,0.86,11972.0,16272.0,881.2,0.0,104104.0,102896.0,18.0
17.0,100.0,3300.0,0.84,12921.0,16200.0,936.4,0.0,104104.0,102896.0,18.0
18.0,100.0,3299.999,0.84,12737.0,16992.0,921.4,0.0,104104.0,102896.0,18.0
19.0,100.0,3300.0,0.83,12975.0,16848.0,952.8,0.0,104320.0,103152.0,18.0
20.0,100.0,3300.0,0.82,13439.0,16632.0,1023.5,0.0,104584.0,103412.0,18.0
21.0,93.3,3300.0,0.83,12969.0,17136.0,977.6,0.0,104584.0,103412.0,18.0
22.0,93.8,3299.999,0.83,12582.0,16416.0,925.6,0.0,104584.0,103412.0,18.0
23.0,100.0,3300.0,0.82,13137.0,17280.0,963.1,0.0,104584.0,103412.0,18.0
24.0,100.0,3300.015,0.81,13120.0,17136.0,982.8,0.0,104584.0,103412.0,18.0
25.0,100.0,3299.999,0.83,12858.0,16416.0,1000.2,0.0,104520.0,103416.0,18.0
26.0,100.0,3300.0,0.85,12122.0,15840.0,905.6,0.0,104520.0,103416.0,18.0
27.0,93.8,3299.999,0.82,12907.0,16704.0,977.4,0.0,104520.0,103416.0,18.0
28.0,93.8,3300.0,0.83,13068.0,16272.0,986.0,0.0,104520.0,103416.0,18.0
29.0,100.0,3299.999,0.83,12722.0,16776.0,979.0,0.0,104520.0,103416.0,18.0
30.0,100.0,3300.0,0.83,12825.0,16848.0,1015.7,0.0,104520.0,103416.0,18.0
31.0,100.0,3300.0,0.81,13545.0,16560.0,1037.1,0.0,104520.0,103416.0,18.0
32.0,100.0,3299.999,0.81,13679.0,17136.0,1036.3,0.0,104520.0,103416.0,18.0
33.0,100.0,3299.999,0.86,11925.0,16560.0,896.8,0.0,104520.0,103416.0,18.0
34.0,93.8,3300.0,0.84,12141.0,16632.0,888.1,0.0,104520.0,103416.0,18.0
35.0,100.0,3300.0,0.82,13406.0,17208.0,977.3,0.0,104520.0,103416.0,18.0
36.0,100.0,3299.999,0.81,13533.0,16776.0,982.4,0.0,104520.0,103416.0,18.0
37.0,100.0,3299.999,0.83,12819.0,16056.0,917.2,0.0,104520.0,103416.0,18.0
38.0,100.0,3300.0,0.83,12901.0,17136.0,931.5,0.0,104520.0,103416.0,18.0
39.0,100.0,3299.999,0.81,13558.0,16776.0,953.8,0.0,104520.0,103416.0,18.0
