time,CPU_Utilization,Frequency,IPC,Misses,LLC,MBL,Memory_Footprint,Virt_Memory,Res_Memory,Allocated_Cache
0.0,100.0,3300.0,2.65,2.0,0.0,0.1,0.0,42944.0,41768.0,9.0
1.0,93.8,3300.0,1.68,361.0,11016.0,93.3,0.0,61536.0,60428.0,9.0
2.0,100.0,3299.999,1.68,652.0,8928.0,54.3,0.0,84652.0,83656.0,9.0
3.0,93.8,3299.999,2.06,712.0,8496.0,83.2,0.0,99172.0,97932.0,9.0
4.0,100.0,3300.0,0.89,583.0,6120.0,23.3,0.0,100888.0,99776.0,9.0
5.0,100.0,3299.999,0.86,2172.0,9144.0,132.0,0.0,103620.0,102572.0,9.0
6.0,100.0,3299.999,0.72,19134.0,8424.0,1396.1,0.0,103620.0,102572.0,9.0
7.0,100.0,3299.999,0.7,19540.0,8856.0,1408.5,0.0,103716.0,102824.0,9.0
8.0,100.0,3299.999,0.71,18709.0,8784.0,1285.9,0.0,103716.0,102824.0,9.0
9.0,100.0,3299.999,0.69,19872.0,8784.0,1412.4,0.0,103968.0,102868.0,9.0
10.0,100.0,3299.999,0.66,20450.0,8496.0,1486.3,0.0,103968.0,102868.0,9.0
11.0,100.0,3300.0,0.67,19945.0,8856.0,1434.1,0.0,103968.0,102868.0,9.0
12.0,100.0,3299.999,0.67,19880.0,8640.0,1425.6,0.0,104100.0,103128.0,9.0
13.0,100.0,3300.0,0.67,19749.0,8568.0,1472.7,0.0,104100.0,103128.0,9.0
14.0,100.0,3299.999,0.67,19761.0,9000.0,1458.1,0.0,104100.0,103128.0,9.0
15.0,100.0,3300.0,0.66,20438.0,9000.0,1443.0,0.0,104100.0,103128.0,9.0
16.0,100.0,3299.999,0.65,20889.0,9072.0,1550.2,0.0,104100.0,103128.0,9.0
17.0,100.0,3300.0,0.68,18962.0,8856.0,1326.0,0.0,104100.0,103128.0,9.0
18.0,100.0,3300.015,0.7,18454.0,8712.0,1287.0,0.0,104100.0,103128.0,9.0
19.0,100.0,3299.999,0.7,18769.0,8928.0,1335.3,0.0,104100.0,103128.0,9.0
20.0,100.0,3299.999,0.67,19960.0,8784.0,1480.5,0.0,104100.0,103128.0,9.0
21.0,93.8,3300.0,0.67,19792.0,8712.0,1432.0,0.0,104100.0,103128.0,9.0
22.0,93.8,3299.999,0.65,20422.0,8784.0,1551.2,0.0,104224.0,103244.0,9.0
23.0,100.0,3300.0,0.67,19670.0,8856.0,1504.1,0.0,104580.0,103384.0,9.0
24.0,100.0,3299.999,0.64,20831.0,8856.0,1556.1,0.0,104580.0,103644.0,9.0
25.0,100.0,3300.0,0.67,19333.0,8784.0,1450.3,0.0,104580.0,103644.0,9.0
26.0,100.0,3300.0,0.66,19826.0,8496.0,1464.1,0.0,104580.0,103644.0,9.0
27.0,100.0,3299.999,0.67,19749.0,8640.0,1387.1,0.0,104580.0,103644.0,9.0
28.0,100.0,3299.999,0.63,20591.0,9000.0,1483.2,0.0,104580.0,103644.0,9.0
29.0,100.0,3300.0,0.65,20084.0,8712.0,1452.7,0.0,104580.0,103644.0,9.0
30.0,100.0,3299.999,0.66,19847.0,8496.0,1392.0,0.0,104516.0,103648.0,9.0
31.0,93.8,3300.0,0.68,19170.0,8856.0,1319.6,0.0,104516.0,103648.0,9.0
32.0,100.0,3299.999,0.66,20113.0,8712.0,1479.4,0.0,104516.0,103648.0,9.0
33.0,100.0,3299.999,0.65,19936.0,8640.0,1458.5,0.0,104516.0,103648.0,9.0
34.0,100.0,3299.999,0.67,19485.0,8568.0,1444.1,0.0,104516.0,103648.0,9.0
35.0,100.0,3299.999,0.66,20126.0,8136.0,1500.4,0.0,104516.0,103648.0,9.0
36.0,100.0,3299.999,0.67,19735.0,8712.0,1456.9,0.0,104516.0,103648.0,9.0
37.0,100.0,3300.0,0.67,19942.0,8640.0,1438.2,0.0,104516.0,103648.0,9.0
38.0,100.0,3300.014,0.63,20919.0,8712.0,1565.6,0.0,104516.0,103648.0,9.0
39.0,100.0,3299.999,0.66,19960.0,8928.0,1448.3,0.0,104516.0,103648.0,9.0
