time,CPU_Utilization,Frequency,IPC,Misses,LLC,MBL,Memory_Footprint,Virt_Memory,Res_Memory,Allocated_Cache
0.0,100.0,3300.0,2.71,1.0,72.0,0.4,0.0,34564.0,33456.0,24.75
1.0,100.0,3299.999,1.72,195.0,23832.0,75.6,0.0,62196.0,61068.0,24.75
2.0,93.8,3299.999,1.66,325.0,24264.0,49.4,0.0,84784.0,83768.0,24.75
3.0,100.0,3300.0,2.06,435.0,24048.0,83.5,0.0,99172.0,98024.0,24.75
4.0,100.0,3299.999,0.91,218.0,23904.0,21.8,0.0,100888.0,99604.0,24.75
5.0,100.0,3300.0,0.88,1283.0,23904.0,95.0,0.0,103620.0,102652.0,24.75
6.0,100.0,3299.999,0.99,7300.0,24336.0,402.6,0.0,103716.0,102904.0,24.75
7.0,100.0,3300.0,0.98,7305.0,23904.0,432.5,0.0,103716.0,102904.0,24.75
8.0,100.0,3299.999,0.96,7829.0,25128.0,489.2,0.0,103968.0,102948.0,24.75
9.0,100.0,3300.0,0.95,7775.0,24624.0,464.3,0.0,103968.0,102948.0,24.75
10.0,100.0,3299.999,0.95,7583.0,23904.0,452.6,0.0,104100.0,103204.0,24.75
11.0,100.0,3299.999,0.94,8113.0,23904.0,501.2,0.0,104100.0,103204.0,24.75
12.0,100.0,3299.999,0.95,7786.0,24120.0,505.1,0.0,104100.0,103204.0,24.75
13.0,100.0,3300.0,0.94,8108.0,24768.0,500.0,0.0,104100.0,103204.0,24.75
14.0,100.0,3300.0,0.97,6508.0,24048.0,394.7,0.0,104100.0,103204.0,24.75
15.0,93.8,3299.999,0.96,7342.0,24408.0,438.3,0.0,104100.0,103204.0,24.75
16.0,100.0,3299.999,0.96,7366.0,24264.0,437.3,0.0,104100.0,103204.0,24.75
17.0,100.0,3299.999,0.94,7929.0,24840.0,514.0,0.0,104224.0,103324.0,24.75
18.0,100.0,3300.0,0.75,5704.0,24984.0,363.0,0.0,104580.0,103464.0,24.75
19.0,100.0,3299.999,0.76,7266.0,24408.0,452.2,0.0,104580.0,103724.0,24.75
20.0,100.0,3300.0,0.95,7295.0,24192.0,446.3,0.0,104580.0,103724.0,24.75
21.0,100.0,3299.999,0.94,7955.0,24552.0,491.3,0.0,104580.0,103724.0,24.75
22.0,100.0,3300.0,0.93,7619.0,24768.0,462.2,0.0,104580.0,103724.0,24.75
23.0,100.0,3299.999,0.94,7677.0,24912.0,454.8,0.0,104516.0,103728.0,24.75
24.0,100.0,3300.011,0.95,7456.0,24552.0,459.7,0.0,104516.0,103728.0,24.75
25.0,100.0,3299.999,0.94,7768.0,24768.0,475.5,0.0,104516.0,103728.0,24.75
26.0,100.0,3300.0,0.94,7765.0,24048.0,495.8,0.0,104516.0,103728.0,24.75
27.0,100.0,3300.0,0.95,7628.0,24480.0,488.5,0.0,104516.0,103728.0,24.75
28.0,100.0,3299.999,0.94,7629.0,24624.0,499.1,0.0,104516.0,103728.0,24.75
29.0,100.0,3300.0,0.93,8127.0,24552.0,546.4,0.0,104516.0,103728.0,24.75
30.0,100.0,3300.0,0.96,7023.0,24696.0,473.8,0.0,104516.0,103728.0,24.75
31.0,100.0,3299.999,0.95,7194.0,24264.0,461.2,0.0,104516.0,103728.0,24.75
32.0,100.0,3300.0,0.93,8037.0,24408.0,497.8,0.0,104516.0,103728.0,24.75
33.0,100.0,3299.999,0.94,7994.0,24552.0,498.3,0.0,104516.0,103728.0,24.75
34.0,100.0,3299.999,0.94,7839.0,24480.0,510.8,0.0,104516.0,103728.0,24.75
35.0,100.0,3300.0,0.93,8024.0,24768.0,534.0,0.0,104516.0,103728.0,24.75
36.0,93.8,3299.999,0.94,7864.0,24552.0,526.7,0.0,104516.0,103728.0,24.75
37.0,100.0,3299.999,0.94,7553.0,24336.0,483.3,0.0,104516.0,103728.0,24.75
38.0,100.0,3300.0,0.95,7248.0,23904.0,470.1,0.0,104516.0,103728.0,24.75
39.0,100.0,3300.013,0.93,7734.0,24480.0,485.6,0.0,104648.0,103728.0,24.75
40.0,100.0,3299.999,0.94,7327.0,24552.0,464.3,0.0,104648.0,103728.0,24.75
41.0,100.0,3299.999,0.94,7736.0,24696.0,503.7,0.0,104648.0,103728.0,24.75
42.0,100.0,3299.999,0.93,8074.0,24912.0,530.0,0.0,104648.0,103728.0,24.75
43.0,100.0,3300.0,0.94,7545.0,24120.0,491.4,0.0,104648.0,103728.0,24.75
44.0,100.0,3299.999,0.93,7888.0,24552.0,494.6,0.0,104648.0,103728.0,24.75
45.0,93.8,3299.999,0.94,7701.0,24552.0,471.6,0.0,104648.0,103728.0,24.75
46.0,93.8,3299.999,0.94,7399.0,24552.0,446.8,0.0,104648.0,103728.0,24.75
47.0,93.8,3300.0,0.94,7393.0,24048.0,437.8,0.0,104648.0,103728.0,24.75
48.0,93.8,3299.999,0.96,6774.0,24408.0,431.6,0.0,104648.0,103728.0,24.75
49.0,93.8,3300.0,0.94,7531.0,24408.0,494.7,0.0,104648.0,103728.0,24.75
50.0,100.0,3299.999,0.95,6856.0,23976.0,439.0,0.0,104648.0,103728.0,24.75
51.0,100.0,3299.999,0.93,7891.0,24120.0,507.1,0.0,104648.0,103728.0,24.75
52.0,100.0,3300.0,0.93,7815.0,24480.0,514.3,0.0,104648.0,103728.0,24.75
53.0,100.0,3299.999,0.94,7282.0,24264.0,460.4,0.0,104648.0,103728.0,24.75
54.0,93.8,3299.999,0.94,7478.0,24120.0,478.4,0.0,104648.0,103728.0,24.75
55.0,93.3,3300.0,0.93,7745.0,24696.0,492.1,0.0,104648.0,103728.0,24.75
56.0,100.0,3299.999,0.94,7583.0,24912.0,483.8,0.0,104648.0,103728.0,24.75
57.0,100.0,3299.999,0.94,7449.0,24048.0,460.8,0.0,104648.0,103728.0,24.75
58.0,100.0,3299.999,0.94,7740.0,24336.0,475.0,0.0,104648.0,103728.0,24.75
59.0,100.0,3300.0,0.94,7685.0,24408.0,467.8,0.0,104648.0,103728.0,24.75
60.0,100.0,3300.0,0.95,7355.0,24336.0,477.9,0.0,104648.0,103728.0,24.75
61.0,100.0,3299.999,0.93,8106.0,24768.0,527.1,0.0,104780.0,103728.0,24.75
62.0,100.0,3300.0,0.93,7975.0,24192.0,512.3,0.0,104780.0,103728.0,24.75
63.0,100.0,3299.999,0.94,7566.0,24552.0,501.7,0.0,104780.0,103728.0,24.75
64.0,100.0,3300.0,0.94,7303.0,24840.0,474.3,0.0,104780.0,103728.0,24.75
65.0,100.0,3299.999,0.93,7830.0,24336.0,509.1,0.0,104780.0,103728.0,24.75
66.0,100.0,3300.0,0.93,7905.0,24336.0,516.0,0.0,104780.0,103728.0,24.75
67.0,100.0,3299.999,0.93,7780.0,24264.0,509.7,0.0,104780.0,103728.0,24.75
68.0,93.8,3300.0,0.93,8190.0,24408.0,512.5,0.0,104780.0,103728.0,24.75
69.0,100.0,3300.0,0.93,8071.0,24912.0,486.5,0.0,104780.0,103728.0,24.75
70.0,100.0,3300.0,0.93,7841.0,24840.0,473.6,0.0,104780.0,103728.0,24.75
71.0,100.0,3299.999,0.92,8344.0,24264.0,527.8,0.0,104780.0,103728.0,24.75
72.0,100.0,3300.0,0.92,8402.0,24264.0,523.0,0.0,104780.0,103728.0,24.75
73.0,100.0,3299.999,0.92,8345.0,24192.0,551.3,0.0,104780.0,103728.0,24.75
74.0,100.0,3299.999,0.93,8070.0,24552.0,547.9,0.0,104780.0,103728.0,24.75
75.0,100.0,3300.0,0.93,7718.0,24624.0,542.0,0.0,104780.0,103728.0,24.75
76.0,100.0,3299.999,0.95,7377.0,24768.0,491.9,0.0,104780.0,103728.0,24.75
77.0,100.0,3300.0,0.93,7888.0,24192.0,497.2,0.0,104780.0,103728.0,24.75
78.0,100.0,3299.999,0.93,7959.0,24624.0,517.1,0.0,104780.0,103728.0,24.75
79.0,100.0,3300.0,0.92,8173.0,24480.0,522.7,0.0,104780.0,103728.0,24.75
80.0,100.0,3299.999,0.94,7349.0,24696.0,448.5,0.0,104780.0,103728.0,24.75
81.0,100.0,3299.999,0.93,7841.0,24192.0,502.0,0.0,104780.0,103728.0,24.75
82.0,93.8,3299.999,0.93,7964.0,24552.0,516.8,0.0,104780.0,103728.0,24.75
83.0,100.0,3300.0,0.94,7755.0,24408.0,482.6,0.0,104780.0,103728.0,24.75
84.0,100.0,3300.0,0.93,8102.0,24120.0,500.8,0.0,104780.0,103728.0,24.75
85.0,93.3,3300.003,0.93,7548.0,24192.0,483.0,0.0,104780.0,103728.0,24.75
86.0,100.0,3299.999,0.92,7941.0,24696.0,513.2,0.0,104780.0,103728.0,24.75
87.0,100.0,3300.0,0.92,8022.0,24624.0,501.5,0.0,104780.0,103728.0,24.75
88.0,100.0,3299.999,0.95,6869.0,24624.0,434.1,0.0,104780.0,103728.0,24.75
89.0,100.0,3300.0,0.93,7906.0,24336.0,537.8,0.0,104780.0,103728.0,24.75
90.0,100.0,3299.999,0.94,7828.0,24768.0,525.7,0.0,104780.0,103728.0,24.75
91.0,100.0,3300.0,0.94,7504.0,24336.0,489.9,0.0,104780.0,103984.0,24.75
92.0,100.0,3300.0,0.94,7594.0,24336.0,481.2,0.0,104780.0,103984.0,24.75
93.0,100.0,3300.0,0.93,7999.0,24552.0,514.8,0.0,104780.0,103984.0,24.75
94.0,100.0,3299.999,0.93,8214.0,24336.0,530.6,0.0,104780.0,103984.0,24.75
95.0,93.8,3299.999,0.94,7520.0,24624.0,463.0,0.0,104780.0,103984.0,24.75
96.0,100.0,3299.999,0.94,7442.0,24624.0,489.0,0.0,104908.0,104000.0,24.75
97.0,93.8,3300.0,0.93,7962.0,24768.0,534.9,0.0,104904.0,104116.0,24.75
98.0,93.8,3300.0,0.94,7586.0,24408.0,520.9,0.0,104904.0,104116.0,24.75
99.0,100.0,3299.999,0.93,8085.0,24696.0,534.7,0.0,104904.0,104116.0,24.75
100.0,93.8,3300.0,0.93,7963.0,24264.0,547.1,0.0,104904.0,104116.0,24.75
101.0,100.0,3299.999,0.93,7915.0,24336.0,528.3,0.0,104904.0,104116.0,24.75
102.0,100.0,3299.999,0.95,7114.0,24120.0,470.5,0.0,104896.0,104108.0,24.75
103.0,100.0,3300.0,0.94,7329.0,24480.0,482.3,0.0,104896.0,104108.0,24.75
104.0,100.0,3299.999,0.94,7144.0,24624.0,486.1,0.0,104896.0,104108.0,24.75
105.0,100.0,3300.0,0.94,7426.0,24264.0,515.3,0.0,104896.0,104108.0,24.75
106.0,100.0,3300.0,0.95,6999.0,24768.0,456.9,0.0,104896.0,104108.0,24.75
107.0,100.0,3300.0,0.94,7832.0,24336.0,513.4,0.0,105028.0,104108.0,24.75
108.0,100.0,3299.999,0.93,7617.0,24192.0,504.0,0.0,105028.0,104108.0,24.75
109.0,100.0,3299.999,0.94,7633.0,24480.0,476.2,0.0,105028.0,104108.0,24.75
110.0,100.0,3300.0,0.94,7415.0,24480.0,469.5,0.0,105028.0,104108.0,24.75
111.0,100.0,3299.999,0.92,7933.0,24624.0,515.0,0.0,105240.0,104388.0,24.75
112.0,100.0,3299.999,0.91,9022.0,24480.0,603.6,0.0,105240.0,104388.0,24.75
113.0,100.0,3299.999,0.93,7884.0,24624.0,491.2,0.0,105240.0,104388.0,24.75
114.0,100.0,3300.0,0.93,7664.0,24840.0,486.7,0.0,105240.0,104388.0,24.75
115.0,100.0,3300.0,0.93,7674.0,24768.0,483.3,0.0,105240.0,104388.0,24.75
116.0,100.0,3299.999,0.93,7815.0,24408.0,531.8,0.0,105240.0,104388.0,24.75
117.0,93.8,3300.0,0.94,7122.0,24696.0,460.0,0.0,105240.0,104388.0,24.75
118.0,93.8,3300.0,0.93,7796.0,24840.0,506.8,0.0,105240.0,104388.0,24.75
119.0,100.0,3300.0,0.92,7924.0,24408.0,499.1,0.0,105240.0,104388.0,24.75
120.0,93.8,3299.999,0.93,7907.0,24552.0,476.5,0.0,105240.0,104388.0,24.75
121.0,93.8,3299.999,0.95,7338.0,24624.0,449.8,0.0,105240.0,104388.0,24.75
122.0,100.0,3300.0,0.93,7770.0,24408.0,478.2,0.0,105240.0,104388.0,24.75
123.0,100.0,3299.999,0.93,7760.0,24336.0,508.2,0.0,105240.0,104388.0,24.75
124.0,100.0,3300.0,0.93,7513.0,24120.0,487.8,0.0,105240.0,104388.0,24.75
125.0,100.0,3299.999,0.93,7481.0,24480.0,468.8,0.0,105240.0,104388.0,24.75
126.0,100.0,3300.0,0.95,7124.0,24840.0,440.2,0.0,105240.0,104388.0,24.75
127.0,100.0,3299.999,0.93,8022.0,24336.0,501.5,0.0,105240.0,104388.0,24.75
128.0,100.0,3299.999,0.93,8012.0,24408.0,493.5,0.0,105240.0,104388.0,24.75
129.0,100.0,3300.0,0.93,7677.0,24768.0,463.8,0.0,105240.0,104388.0,24.75
130.0,100.0,3300.0,0.93,7740.0,24120.0,478.1,0.0,105240.0,104388.0,24.75
131.0,100.0,3299.999,0.92,8293.0,23328.0,515.6,0.0,105240.0,104388.0,24.75
132.0,100.0,3300.0,0.94,7480.0,24120.0,452.5,0.0,105240.0,104388.0,24.75
133.0,100.0,3299.999,0.93,7701.0,24336.0,458.4,0.0,105240.0,104388.0,24.75
134.0,100.0,3299.999,0.94,7770.0,23832.0,456.9,0.0,105240.0,104388.0,24.75
135.0,100.0,3300.0,0.92,8059.0,24192.0,486.3,0.0,105240.0,104388.0,24.75
136.0,100.0,3300.0,0.92,8160.0,24192.0,489.1,0.0,105240.0,104388.0,24.75
137.0,93.8,3299.999,0.92,8046.0,24696.0,452.7,0.0,105452.0,104588.0,24.75
138.0,100.0,3299.999,0.93,7505.0,24624.0,428.7,0.0,105452.0,104588.0,24.75
139.0,100.0,3300.0,0.93,7693.0,24768.0,445.6,0.0,105452.0,104588.0,24.75
140.0,93.8,3299.999,0.94,7576.0,24336.0,471.2,0.0,105328.0,104540.0,24.75
141.0,93.8,3300.0,0.94,7826.0,25056.0,490.6,0.0,105328.0,104540.0,24.75
142.0,100.0,3299.999,0.92,8303.0,24552.0,499.1,0.0,105328.0,104540.0,24.75
143.0,93.8,3299.999,0.94,7429.0,24408.0,450.3,0.0,105460.0,104540.0,24.75
144.0,100.0,3300.0,0.94,7531.0,24696.0,476.4,0.0,105460.0,104540.0,24.75
145.0,100.0,3300.0,0.94,7460.0,24984.0,457.0,0.0,105460.0,104540.0,24.75
146.0,100.0,3299.999,0.94,7487.0,24264.0,460.8,0.0,105460.0,104540.0,24.75
147.0,100.0,3300.0,0.92,8267.0,24480.0,501.0,0.0,105460.0,104540.0,24.75
148.0,100.0,3300.0,0.94,7648.0,24480.0,480.6,0.0,105460.0,104540.0,24.75
149.0,100.0,3299.999,0.94,7499.0,24480.0,478.5,0.0,105460.0,104540.0,24.75
150.0,100.0,3300.0,0.93,7990.0,24480.0,494.6,0.0,105460.0,104540.0,24.75
151.0,100.0,3300.0,0.93,7614.0,24336.0,467.8,0.0,105588.0,104692.0,24.75
152.0,100.0,3299.999,0.93,7737.0,24408.0,483.0,0.0,105588.0,104692.0,24.75
153.0,93.8,3299.999,0.94,7348.0,24624.0,442.8,0.0,105588.0,104692.0,24.75
154.0,100.0,3300.0,0.94,7348.0,23688.0,430.3,0.0,105588.0,104692.0,24.75
155.0,93.8,3299.987,0.93,7644.0,24696.0,474.0,0.0,105588.0,104692.0,24.75
156.0,100.0,3300.0,0.94,7748.0,24624.0,450.6,0.0,105588.0,104692.0,24.75
157.0,100.0,3299.999,0.94,7551.0,24264.0,462.3,0.0,105720.0,104692.0,24.75
158.0,100.0,3300.0,0.93,8068.0,24624.0,518.2,0.0,105720.0,104692.0,24.75
159.0,100.0,3299.999,0.94,7335.0,24408.0,476.2,0.0,105720.0,104692.0,24.75
160.0,100.0,3300.0,0.94,6953.0,24624.0,456.7,0.0,105720.0,104692.0,24.75
161.0,100.0,3299.999,0.93,7513.0,24408.0,455.2,0.0,105720.0,104692.0,24.75
162.0,100.0,3300.0,0.92,7898.0,24552.0,471.7,0.0,105720.0,104692.0,24.75
163.0,100.0,3300.0,0.94,7462.0,24624.0,450.8,0.0,105792.0,105004.0,24.75
164.0,93.8,3300.0,0.94,7540.0,24264.0,445.7,0.0,105792.0,105004.0,24.75
165.0,100.0,3300.0,0.92,8134.0,23904.0,486.8,0.0,105792.0,105004.0,24.75
166.0,100.0,3300.0,0.94,7652.0,24552.0,458.7,0.0,105764.0,104976.0,24.75
167.0,100.0,3300.0,0.93,8125.0,24552.0,520.9,0.0,105764.0,104976.0,24.75
168.0,100.0,3300.0,0.94,7498.0,24768.0,476.9,0.0,105764.0,104976.0,24.75
169.0,100.0,3300.0,0.82,7037.0,24696.0,405.3,0.0,105764.0,104976.0,24.75
170.0,100.0,3299.999,0.75,6305.0,24336.0,373.5,0.0,105764.0,104976.0,24.75
171.0,100.0,3299.999,0.93,8019.0,24768.0,466.0,0.0,105764.0,104976.0,24.75
172.0,93.8,3300.0,0.93,7916.0,24120.0,484.7,0.0,105764.0,104976.0,24.75
173.0,100.0,3299.999,0.93,7832.0,24192.0,486.8,0.0,105764.0,104976.0,24.75
174.0,100.0,3300.0,0.93,7784.0,24696.0,521.0,0.0,106028.0,104976.0,24.75
175.0,100.0,3299.999,0.93,8070.0,24408.0,537.1,0.0,106028.0,104976.0,24.75
176.0,100.0,3300.0,0.94,7394.0,23760.0,461.2,0.0,106028.0,104976.0,24.75
177.0,100.0,3299.999,0.93,7842.0,24408.0,498.4,0.0,106028.0,104976.0,24.75
178.0,100.0,3299.999,0.92,7937.0,23832.0,470.8,0.0,106028.0,104976.0,24.75
179.0,100.0,3300.0,0.92,8071.0,24336.0,484.4,0.0,106028.0,104976.0,24.75
180.0,100.0,3300.0,0.77,6715.0,23832.0,407.0,0.0,106028.0,104976.0,24.75
181.0,100.0,3299.999,0.93,7731.0,24192.0,471.9,0.0,106028.0,104976.0,24.75
182.0,100.0,3300.0,0.95,7148.0,24192.0,443.6,0.0,106028.0,104976.0,24.75
183.0,100.0,3300.0,0.93,7715.0,24192.0,495.5,0.0,106028.0,104976.0,24.75
184.0,93.8,3299.999,0.92,7887.0,23616.0,481.1,0.0,106028.0,104976.0,24.75
185.0,93.8,3300.0,0.93,7821.0,24984.0,480.0,0.0,106028.0,104976.0,24.75
186.0,93.8,3299.999,0.94,7488.0,24408.0,438.1,0.0,106028.0,104976.0,24.75
187.0,100.0,3300.0,0.92,8161.0,24768.0,529.4,0.0,106028.0,104976.0,24.75
188.0,93.8,3299.999,0.94,7410.0,24552.0,483.9,0.0,106028.0,104976.0,24.75
189.0,100.0,3299.999,0.73,5979.0,24192.0,387.4,0.0,106028.0,104976.0,24.75
190.0,100.0,3300.0,0.75,6506.0,24480.0,398.8,0.0,106028.0,104976.0,24.75
191.0,100.0,3299.999,0.94,7776.0,23400.0,479.2,0.0,106028.0,104976.0,24.75
192.0,100.0,3300.0,0.94,7600.0,24480.0,499.1,0.0,106028.0,104976.0,24.75
193.0,100.0,3300.0,0.73,6465.0,24696.0,409.6,0.0,106028.0,104976.0,24.75
194.0,100.0,3299.999,0.77,5789.0,24264.0,378.1,0.0,106028.0,104976.0,24.75
195.0,93.8,3299.999,0.93,8015.0,24696.0,508.4,0.0,106028.0,104976.0,24.75
196.0,93.8,3300.0,0.93,7993.0,24552.0,491.2,0.0,106028.0,104976.0,24.75
197.0,100.0,3299.999,0.94,7474.0,24552.0,471.5,0.0,106028.0,104976.0,24.75
198.0,100.0,3299.999,0.94,7550.0,24264.0,472.8,0.0,106028.0,104976.0,24.75
199.0,100.0,3300.0,0.94,7420.0,23976.0,475.9,0.0,106028.0,104976.0,24.75
200.0,100.0,3300.0,0.94,7568.0,24264.0,508.9,0.0,106028.0,104976.0,24.75
201.0,100.0,3299.999,0.93,7943.0,24480.0,517.8,0.0,106292.0,105236.0,24.75
202.0,100.0,3300.0,0.92,8027.0,24480.0,498.7,0.0,106288.0,105392.0,24.75
203.0,93.8,3299.999,0.94,7382.0,24264.0,449.9,0.0,106288.0,105392.0,24.75
204.0,93.8,3300.0,0.93,7779.0,24192.0,494.9,0.0,106288.0,105392.0,24.75
205.0,100.0,3299.999,0.95,6900.0,23976.0,414.8,0.0,106288.0,105392.0,24.75
206.0,100.0,3300.0,0.92,8089.0,24048.0,514.8,0.0,106288.0,105392.0,24.75
207.0,100.0,3299.999,0.94,7386.0,24336.0,448.2,0.0,106288.0,105392.0,24.75
208.0,100.0,3299.999,0.94,7379.0,24552.0,462.1,0.0,106288.0,105392.0,24.75
209.0,100.0,3300.0,0.94,7487.0,24696.0,461.7,0.0,106288.0,105392.0,24.75
210.0,100.0,3299.999,0.93,7781.0,24624.0,488.0,0.0,106288.0,105392.0,24.75
211.0,100.0,3299.999,0.92,8087.0,24408.0,501.8,0.0,106288.0,105392.0,24.75
212.0,93.8,3300.0,0.93,7537.0,24192.0,474.1,0.0,106288.0,105392.0,24.75
213.0,93.8,3300.0,0.93,7953.0,24408.0,513.3,0.0,106288.0,105392.0,24.75
214.0,93.8,3300.0,0.93,7821.0,24336.0,485.1,0.0,106288.0,105392.0,24.75
215.0,100.0,3299.999,0.95,7356.0,24264.0,469.1,0.0,106420.0,105392.0,24.75
216.0,100.0,3299.999,0.93,7957.0,24552.0,482.1,0.0,106420.0,105392.0,24.75
217.0,100.0,3300.0,0.95,6938.0,23832.0,444.0,0.0,106420.0,105392.0,24.75
218.0,100.0,3299.999,0.94,7226.0,24336.0,446.8,0.0,106420.0,105392.0,24.75
219.0,100.0,3299.999,0.93,7954.0,24408.0,499.2,0.0,106420.0,105392.0,24.75
220.0,100.0,3300.0,0.93,7863.0,24768.0,496.4,0.0,106420.0,105392.0,24.75
221.0,93.8,3299.999,0.94,7832.0,25056.0,479.6,0.0,106420.0,105392.0,24.75
222.0,100.0,3300.0,0.94,7950.0,24192.0,478.1,0.0,106420.0,105392.0,24.75
223.0,100.0,3299.999,0.93,7859.0,24624.0,447.5,0.0,106420.0,105392.0,24.75
224.0,100.0,3299.999,0.94,7688.0,24624.0,452.4,0.0,106420.0,105392.0,24.75
225.0,100.0,3300.0,0.94,7870.0,24336.0,470.5,0.0,106420.0,105392.0,24.75
226.0,100.0,3299.999,0.92,8145.0,24192.0,516.2,0.0,106420.0,105392.0,24.75
227.0,100.0,3299.999,0.93,8195.0,24768.0,513.4,0.0,106420.0,105392.0,24.75
228.0,100.0,3300.0,0.92,8521.0,24480.0,535.4,0.0,106420.0,105392.0,24.75
229.0,100.0,3300.0,0.93,7979.0,24696.0,513.6,0.0,106420.0,105392.0,24.75
230.0,93.8,3299.999,0.93,7894.0,24408.0,465.3,0.0,106420.0,105392.0,24.75
231.0,100.0,3299.999,0.93,7716.0,24624.0,464.1,0.0,106420.0,105392.0,24.75
232.0,93.8,3300.0,0.94,7866.0,24480.0,436.2,0.0,106448.0,105660.0,24.75
233.0,100.0,3299.999,0.94,7878.0,24264.0,463.9,0.0,106448.0,105660.0,24.75
234.0,93.3,3300.0,0.94,7660.0,24840.0,435.9,0.0,106448.0,105660.0,24.75
235.0,,,,,,,,,,
