time,CPU_Utilization,Frequency,IPC,Misses,LLC,MBL,Memory_Footprint,Virt_Memory,Res_Memory,Allocated_Cache
0.0,100.0,3299.999,2.71,1.0,0.0,0.1,0.0,41360.0,39984.0,4.5
1.0,100.0,3299.999,1.57,5608.0,7416.0,890.2,0.0,61008.0,59636.0,4.5
2.0,93.3,3299.999,0.8,12299.0,5832.0,1598.3,0.0,71452.0,69984.0,4.5
3.0,100.0,3299.999,1.72,7804.0,4896.0,922.4,0.0,90064.0,88728.0,4.5
4.0,100.0,3299.999,1.47,8689.0,5112.0,1052.2,0.0,99172.0,97712.0,4.5
5.0,100.0,3300.0,0.64,10967.0,3960.0,1332.3,0.0,100360.0,99032.0,4.5
6.0,100.0,3299.999,0.64,10751.0,3960.0,1277.2,0.0,101416.0,100088.0,4.5
7.0,93.8,3300.0,0.6,18130.0,4752.0,1701.9,0.0,103620.0,102364.0,4.5
8.0,100.0,3299.999,0.65,21887.0,4392.0,1615.8,0.0,103620.0,102364.0,4.5
9.0,100.0,3300.0,0.6,23809.0,4608.0,1767.0,0.0,103716.0,102616.0,4.5
10.0,100.0,3299.999,0.61,23035.0,4608.0,1639.2,0.0,103716.0,102616.0,4.5
11.0,100.0,3300.0,0.6,23473.0,3960.0,1714.6,0.0,103836.0,102660.0,4.5
12.0,100.0,3299.999,0.59,23980.0,4176.0,1743.5,0.0,103968.0,102660.0,4.5
13.0,100.0,3299.999,0.58,23755.0,4608.0,1769.8,0.0,103968.0,102660.0,4.5
14.0,100.0,3300.0,0.59,23475.0,4392.0,1758.5,0.0,103968.0,102660.0,4.5
15.0,100.0,3300.0,0.58,23948.0,3960.0,1785.7,0.0,104100.0,102920.0,4.5
16.0,100.0,3299.999,0.6,22886.0,4248.0,1794.8,0.0,104100.0,102920.0,4.5
17.0,100.0,3300.0,0.58,23917.0,4248.0,1812.4,0.0,104100.0,102920.0,4.5
18.0,100.0,3299.999,0.58,24203.0,4536.0,1740.9,0.0,104100.0,102920.0,4.5
19.0,93.3,3299.999,0.58,23829.0,4536.0,1717.8,0.0,104100.0,102920.0,4.5
20.0,100.0,3300.0,0.58,23563.0,4248.0,1663.2,0.0,104100.0,102920.0,4.5
21.0,100.0,3299.999,0.59,22729.0,4536.0,1685.5,0.0,104100.0,102920.0,4.5
22.0,100.0,3299.999,0.6,22454.0,4392.0,1727.0,0.0,104100.0,102920.0,4.5
23.0,100.0,3300.0,0.58,23573.0,4320.0,1840.1,0.0,104100.0,102920.0,4.5
24.0,100.0,3300.0,0.59,23234.0,4392.0,1796.8,0.0,104100.0,102920.0,4.5
25.0,100.0,3299.999,0.58,23499.0,4392.0,1718.5,0.0,104100.0,102920.0,4.5
26.0,100.0,3300.0,0.57,24243.0,4104.0,1730.5,0.0,104224.0,103036.0,4.5
27.0,100.0,3300.0,0.58,23627.0,4320.0,1639.5,0.0,104316.0,103176.0,4.5
28.0,100.0,3299.999,0.58,23918.0,4392.0,1772.1,0.0,104580.0,103436.0,4.5
29.0,100.0,3300.0,0.58,23579.0,4608.0,1784.4,0.0,104580.0,103436.0,4.5
30.0,100.0,3300.0,0.58,23558.0,4320.0,1774.8,0.0,104580.0,103436.0,4.5
31.0,100.0,3299.999,0.59,22850.0,4104.0,1751.1,0.0,104580.0,103436.0,4.5
32.0,100.0,3300.0,0.58,23585.0,4248.0,1822.5,0.0,104580.0,103436.0,4.5
33.0,100.0,3300.0,0.56,24198.0,4176.0,1886.2,0.0,104580.0,103436.0,4.5
34.0,100.0,3300.0,0.57,23874.0,4032.0,1894.6,0.0,104580.0,103436.0,4.5
35.0,100.0,3299.999,0.57,23626.0,4464.0,1809.1,0.0,104580.0,103436.0,4.5
36.0,100.0,3299.999,0.6,22551.0,4176.0,1760.7,0.0,104516.0,103440.0,4.5
37.0,100.0,3299.999,0.58,23121.0,4392.0,1809.9,0.0,104516.0,103440.0,4.5
38.0,100.0,3300.0,0.57,24080.0,4392.0,1846.8,0.0,104516.0,103440.0,4.5
39.0,100.0,3299.999,0.57,23608.0,4464.0,1822.5,0.0,104516.0,103440.0,4.5
