time,CPU_Utilization,Frequency,IPC,Misses,LLC,MBL,Memory_Footprint,Virt_Memory,Res_Memory,Allocated_Cache
0.0,93.3,3300.0,2.68,1.0,0.0,0.4,0.0,41800.0,40732.0,22.5
1.0,100.0,3299.999,1.7,191.0,20088.0,76.4,0.0,61012.0,59860.0,22.5
2.0,100.0,3300.0,1.7,341.0,14616.0,56.2,0.0,83600.0,82352.0,22.5
3.0,100.0,3300.0,2.06,464.0,15984.0,82.9,0.0,99176.0,97928.0,22.5
4.0,100.0,3299.999,0.9,218.0,9072.0,23.2,0.0,100760.0,99508.0,22.5
5.0,100.0,3300.0,0.88,2045.0,21960.0,135.2,0.0,103624.0,102524.0,22.5
6.0,100.0,3299.999,0.95,8916.0,22392.0,584.6,0.0,103720.0,102776.0,22.5
7.0,100.0,3300.0,0.93,9506.0,21960.0,568.4,0.0,103720.0,102776.0,22.5
8.0,100.0,3299.999,0.93,9577.0,21960.0,576.1,0.0,103972.0,102820.0,22.5
9.0,93.8,3299.999,0.9,10133.0,22104.0,641.6,0.0,103972.0,102820.0,22.5
10.0,100.0,3299.999,0.92,9299.0,22392.0,558.7,0.0,104104.0,103080.0,22.5
11.0,100.0,3300.0,0.9,9991.0,22032.0,601.8,0.0,104104.0,103080.0,22.5
12.0,100.0,3299.999,0.9,9983.0,22320.0,596.9,0.0,104104.0,103080.0,22.5
13.0,100.0,3299.999,0.89,10257.0,21960.0,606.4,0.0,104104.0,103080.0,22.5
14.0,100.0,3300.0,0.93,8654.0,21960.0,523.3,0.0,104104.0,103080.0,22.5
15.0,100.0,3300.0,0.93,8818.0,21816.0,535.1,0.0,104104.0,103080.0,22.5
16.0,93.8,3299.999,0.91,9750.0,21240.0,616.9,0.0,104104.0,103080.0,22.5
17.0,100.0,3299.999,0.91,9585.0,22320.0,598.9,0.0,104104.0,103080.0,22.5
18.0,93.3,3299.999,0.9,9745.0,22392.0,615.1,0.0,104320.0,103336.0,22.5
19.0,93.8,3299.999,0.89,10332.0,22176.0,683.8,0.0,104584.0,103596.0,22.5
20.0,100.0,3299.999,0.91,9359.0,22032.0,560.3,0.0,104584.0,103596.0,22.5
21.0,100.0,3300.0,0.9,9811.0,22104.0,603.7,0.0,104584.0,103596.0,22.5
22.0,100.0,3299.999,0.88,10038.0,21744.0,595.8,0.0,104584.0,103596.0,22.5
23.0,100.0,3300.0,0.9,9467.0,22104.0,584.1,0.0,104584.0,103596.0,22.5
24.0,100.0,3299.999,0.91,9634.0,22464.0,584.5,0.0,104520.0,103600.0,22.5
25.0,100.0,3300.0,0.9,9556.0,21816.0,605.4,0.0,104520.0,103600.0,22.5
26.0,100.0,3299.999,0.9,9794.0,21744.0,596.5,0.0,104520.0,103600.0,22.5
27.0,100.0,3299.999,0.89,10098.0,21888.0,631.8,0.0,104520.0,103600.0,22.5
28.0,100.0,3300.0,0.92,9192.0,22320.0,531.6,0.0,104520.0,103600.0,22.5
29.0,100.0,3299.999,0.89,10213.0,22176.0,589.6,0.0,104520.0,103600.0,22.5
30.0,100.0,3300.0,0.89,10084.0,21960.0,573.3,0.0,104520.0,103600.0,22.5
31.0,100.0,3299.999,0.92,9153.0,22536.0,553.4,0.0,104520.0,103600.0,22.5
32.0,100.0,3300.0,0.91,9283.0,21888.0,582.8,0.0,104520.0,103600.0,22.5
33.0,100.0,3299.999,0.88,10209.0,22176.0,631.0,0.0,104520.0,103600.0,22.5
34.0,100.0,3299.999,0.89,10017.0,22176.0,628.7,0.0,104520.0,103600.0,22.5
35.0,100.0,3300.0,0.9,9942.0,22248.0,636.7,0.0,104520.0,103600.0,22.5
36.0,100.0,3299.999,0.89,10057.0,22320.0,651.7,0.0,104520.0,103600.0,22.5
37.0,100.0,3300.0,0.9,9875.0,22176.0,590.7,0.0,104520.0,103600.0,22.5
38.0,100.0,3299.999,0.91,9397.0,22392.0,558.1,0.0,104520.0,103600.0,22.5
39.0,93.3,3300.0,0.9,9634.0,22104.0,590.4,0.0,104520.0,103600.0,22.5
