time,CPU_Utilization,Frequency,IPC,Misses,LLC,MBL,Memory_Footprint,Virt_Memory,Res_Memory,Allocated_Cache
0.0,100.0,3299.999,2.71,1.0,0.0,0.0,0.0,42004.0,40672.0,20.25
1.0,100.0,3300.0,1.71,167.0,18000.0,78.4,0.0,61012.0,59800.0,20.25
2.0,100.0,3300.0,1.7,344.0,14328.0,61.2,0.0,83732.0,82556.0,20.25
3.0,100.0,3299.999,2.06,470.0,15048.0,78.3,0.0,99044.0,97924.0,20.25
4.0,100.0,3299.999,0.9,223.0,9864.0,25.5,0.0,100760.0,99504.0,20.25
5.0,100.0,3300.0,0.88,2131.0,19440.0,154.4,0.0,103624.0,102524.0,20.25
6.0,100.0,3300.0,0.92,10281.0,19512.0,676.7,0.0,103816.0,102776.0,20.25
7.0,100.0,3300.0,0.9,11187.0,19656.0,732.5,0.0,103720.0,102776.0,20.25
8.0,100.0,3299.999,0.9,10840.0,19728.0,747.2,0.0,103972.0,102820.0,20.25
9.0,100.0,3299.999,0.87,11636.0,20016.0,773.3,0.0,103972.0,102820.0,20.25
10.0,93.3,3299.999,0.88,10951.0,20016.0,714.7,0.0,104104.0,103080.0,20.25
11.0,93.8,3300.0,0.88,11238.0,19584.0,744.5,0.0,104104.0,103080.0,20.25
12.0,100.0,3300.0,0.87,11260.0,20160.0,765.6,0.0,104104.0,103080.0,20.25
13.0,100.0,3300.0,0.86,11820.0,19728.0,809.6,0.0,104104.0,103080.0,20.25
14.0,100.0,3300.0,0.88,11123.0,19368.0,762.5,0.0,104104.0,103080.0,20.25
15.0,100.0,3299.999,0.9,9943.0,19800.0,683.0,0.0,104104.0,103080.0,20.25
16.0,100.0,3300.0,0.89,10926.0,20016.0,706.9,0.0,104104.0,103080.0,20.25
17.0,100.0,3300.0,0.88,10848.0,19872.0,707.6,0.0,104104.0,103080.0,20.25
18.0,100.0,3299.999,0.86,11609.0,19944.0,804.9,0.0,104228.0,103196.0,20.25
19.0,100.0,3300.0,0.87,11255.0,20304.0,771.8,0.0,104584.0,103336.0,20.25
20.0,100.0,3299.999,0.86,11459.0,19872.0,773.5,0.0,104584.0,103596.0,20.25
21.0,100.0,3299.999,0.87,11075.0,20016.0,752.5,0.0,104584.0,103596.0,20.25
22.0,100.0,3300.0,0.86,11611.0,19728.0,791.7,0.0,104584.0,103596.0,20.25
23.0,100.0,3299.999,0.85,11312.0,19512.0,767.2,0.0,104584.0,103596.0,20.25
24.0,100.0,3300.0,0.87,11123.0,19584.0,772.9,0.0,104584.0,103596.0,20.25
25.0,100.0,3300.0,0.88,10735.0,20088.0,780.3,0.0,104520.0,103600.0,20.25
26.0,93.8,3299.999,0.86,11226.0,19008.0,776.0,0.0,104520.0,103600.0,20.25
27.0,100.0,3300.0,0.86,11421.0,19800.0,800.3,0.0,104520.0,103600.0,20.25
28.0,93.8,3300.0,0.87,11271.0,19800.0,821.5,0.0,104520.0,103600.0,20.25
29.0,93.8,3299.999,0.87,11392.0,19800.0,831.6,0.0,104520.0,103600.0,20.25
30.0,100.0,3300.0,0.85,11926.0,19584.0,866.6,0.0,104520.0,103600.0,20.25
31.0,100.0,3299.999,0.86,11669.0,20088.0,848.2,0.0,104520.0,103600.0,20.25
32.0,93.3,3299.999,0.89,10483.0,20016.0,773.9,0.0,104520.0,103600.0,20.25
33.0,93.8,3299.999,0.88,10811.0,19944.0,797.1,0.0,104520.0,103600.0,20.25
34.0,93.8,3299.999,0.85,11813.0,19944.0,865.9,0.0,104520.0,103600.0,20.25
35.0,100.0,3300.0,0.87,11390.0,19512.0,805.7,0.0,104520.0,103600.0,20.25
36.0,100.0,3299.999,0.86,11386.0,20160.0,784.6,0.0,104520.0,103600.0,20.25
37.0,100.0,3300.0,0.85,11609.0,19872.0,827.8,0.0,104520.0,103600.0,20.25
38.0,100.0,3300.0,0.86,11505.0,20376.0,831.9,0.0,104520.0,103600.0,20.25
39.0,100.0,3299.999,0.87,10678.0,19368.0,781.4,0.0,104520.0,103600.0,20.25
