time,CPU_Utilization,Frequency,IPC,Misses,LLC,MBL,Memory_Footprint,Virt_Memory,Res_Memory,Allocated_Cache
0.0,100.0,3300.0,2.65,1.0,0.0,0.1,0.0,40460.0,39220.0,2.25
1.0,100.0,3300.0,1.37,17027.0,6120.0,1286.5,0.0,61008.0,59844.0,2.25
2.0,100.0,3299.999,0.42,37229.0,3024.0,2969.5,0.0,61008.0,59844.0,2.25
3.0,100.0,3300.0,0.78,32755.0,3528.0,2498.5,0.0,72508.0,71512.0,2.25
4.0,100.0,3299.999,1.34,25127.0,3168.0,1736.7,0.0,87028.0,85768.0,2.25
5.0,100.0,3300.0,1.29,25814.0,3456.0,1766.9,0.0,98644.0,97404.0,2.25
6.0,100.0,3300.0,0.54,32878.0,3672.0,2249.7,0.0,99436.0,98192.0,2.25
7.0,100.0,3299.999,0.44,31916.0,2736.0,2329.8,0.0,100228.0,98984.0,2.25
8.0,100.0,3300.0,0.44,32124.0,2232.0,2340.4,0.0,101020.0,99776.0,2.25
9.0,100.0,3299.999,0.4,34499.0,2304.0,2482.8,0.0,102464.0,101456.0,2.25
10.0,100.0,3299.999,0.51,29494.0,2592.0,2209.3,0.0,103620.0,102572.0,2.25
11.0,100.0,3299.999,0.59,24163.0,2592.0,1934.1,0.0,103688.0,102768.0,2.25
12.0,100.0,3299.999,0.56,26077.0,2232.0,2080.8,0.0,103716.0,102824.0,2.25
13.0,100.0,3299.999,0.56,25584.0,2520.0,2126.8,0.0,103716.0,102824.0,2.25
14.0,93.8,3300.0,0.55,26001.0,2448.0,2026.2,0.0,103844.0,102868.0,2.25
15.0,100.0,3299.999,0.55,25866.0,2376.0,1976.2,0.0,103968.0,102868.0,2.25
16.0,100.0,3300.0,0.53,26020.0,2232.0,1988.4,0.0,103968.0,102868.0,2.25
17.0,100.0,3299.999,0.54,25770.0,2520.0,1994.4,0.0,103968.0,102868.0,2.25
18.0,100.0,3300.0,0.54,26147.0,2232.0,2096.7,0.0,104100.0,103128.0,2.25
19.0,100.0,3299.999,0.54,25635.0,2304.0,1976.6,0.0,104100.0,103128.0,2.25
20.0,100.0,3299.999,0.54,25888.0,2160.0,2001.4,0.0,104100.0,103128.0,2.25
21.0,100.0,3300.0,0.53,25953.0,1728.0,1953.6,0.0,104100.0,103128.0,2.25
22.0,100.0,3299.999,0.53,25916.0,1872.0,1932.5,0.0,104100.0,103128.0,2.25
23.0,100.0,3300.0,0.53,26307.0,2088.0,1915.2,0.0,104100.0,103128.0,2.25
24.0,100.0,3299.999,0.53,25593.0,2088.0,1965.3,0.0,104100.0,103128.0,2.25
25.0,100.0,3300.0,0.54,25501.0,2232.0,2030.6,0.0,104100.0,103128.0,2.25
26.0,100.0,3300.0,0.54,25237.0,2016.0,2006.7,0.0,104100.0,103128.0,2.25
27.0,100.0,3300.0,0.54,25614.0,2088.0,2035.9,0.0,104100.0,103128.0,2.25
28.0,100.0,3300.0,0.54,25691.0,2088.0,2098.5,0.0,104100.0,103128.0,2.25
29.0,100.0,3299.999,0.54,25579.0,2160.0,1978.7,0.0,104100.0,103128.0,2.25
30.0,100.0,3299.999,0.53,26071.0,2232.0,2021.4,0.0,104100.0,103128.0,2.25
31.0,100.0,3300.0,0.53,26095.0,1944.0,1956.3,0.0,104224.0,103244.0,2.25
32.0,100.0,3299.999,0.53,26026.0,2160.0,1915.8,0.0,104580.0,103384.0,2.25
33.0,100.0,3300.0,0.53,26030.0,2160.0,1850.7,0.0,104580.0,103644.0,2.25
34.0,100.0,3299.999,0.53,25875.0,1872.0,1924.3,0.0,104580.0,103644.0,2.25
35.0,100.0,3299.999,0.53,25980.0,2232.0,1868.5,0.0,104580.0,103644.0,2.25
36.0,100.0,3300.0,0.54,25045.0,2088.0,1866.0,0.0,104580.0,103644.0,2.25
37.0,100.0,3300.0,0.53,25837.0,2088.0,1856.2,0.0,104580.0,103644.0,2.25
38.0,100.0,3299.999,0.52,26134.0,2160.0,1864.1,0.0,104580.0,103644.0,2.25
39.0,100.0,3300.0,0.52,25990.0,2232.0,1979.2,0.0,104580.0,103644.0,2.25
