time,CPU_Utilization,Frequency,IPC,Misses,LLC,MBL,Memory_Footprint,Virt_Memory,Res_Memory,Allocated_Cache
0.0,100.0,3300.0,1.29,0.0,0.0,0.0,0.0,167340.0,13188.0,11.25
1.0,100.0,3299.999,1.57,384.0,11160.0,74.5,0.0,48804.0,42960.0,11.25
2.0,100.0,3300.0,1.93,1664.0,11088.0,204.6,0.0,90804.0,86808.0,11.25
3.0,100.0,3299.999,2.65,1388.0,11088.0,175.4,0.0,119848.0,115848.0,11.25
4.0,100.0,3300.0,2.94,6066.0,11592.0,549.5,0.0,32964.0,29056.0,11.25
5.0,93.8,3299.999,2.0,249.0,11160.0,36.8,0.0,32964.0,29056.0,11.25
6.0,100.0,3300.0,2.35,54.0,11736.0,3.0,0.0,32964.0,29056.0,11.25
7.0,100.0,3299.999,2.4,51.0,11088.0,2.7,0.0,32964.0,29056.0,11.25
8.0,100.0,3300.0,2.3,59.0,10512.0,4.6,0.0,32964.0,29056.0,11.25
9.0,100.0,3299.999,2.22,51.0,10872.0,2.7,0.0,58600.0,54828.0,11.25
10.0,100.0,3299.999,2.0,1628.0,11088.0,222.8,0.0,95688.0,91716.0,11.25
11.0,100.0,3299.999,3.14,1955.0,6552.0,208.1,0.0,121816.0,117852.0,11.25
12.0,100.0,3300.0,2.05,2154.0,11520.0,187.4,0.0,26216.0,22128.0,11.25
13.0,100.0,3300.0,1.38,3668.0,10728.0,349.7,0.0,32964.0,29056.0,11.25
14.0,100.0,3300.0,2.15,57.0,11232.0,2.1,0.0,32964.0,29056.0,11.25
15.0,100.0,3299.999,2.41,53.0,11448.0,3.5,0.0,32964.0,29056.0,11.25
16.0,100.0,3299.999,2.39,60.0,11376.0,4.3,0.0,32964.0,29056.0,11.25
17.0,100.0,3299.999,2.41,55.0,10656.0,3.3,0.0,32964.0,29056.0,11.25
18.0,100.0,3300.002,2.13,1074.0,11160.0,129.0,0.0,89604.0,85644.0,11.25
19.0,100.0,3299.999,2.93,1783.0,11592.0,221.6,0.0,119256.0,115212.0,11.25
20.0,100.0,3300.0,3.02,6042.0,11808.0,511.6,0.0,32964.0,29056.0,11.25
21.0,100.0,3300.0,2.0,352.0,11088.0,51.3,0.0,32964.0,29056.0,11.25
22.0,100.0,3300.0,2.41,53.0,10944.0,3.0,0.0,32964.0,29056.0,11.25
23.0,93.8,3299.999,2.3,51.0,10728.0,2.6,0.0,32964.0,29056.0,11.25
24.0,93.8,3299.999,2.41,49.0,11088.0,2.7,0.0,32964.0,29056.0,11.25
25.0,93.3,3300.0,2.41,54.0,11376.0,2.2,0.0,59544.0,55548.0,11.25
26.0,93.3,3300.0,2.19,1799.0,10800.0,269.4,0.0,100476.0,96732.0,11.25
27.0,100.0,3299.999,3.16,1861.0,10656.0,204.3,0.0,121324.0,117624.0,11.25
28.0,100.0,3300.0,2.21,5565.0,11232.0,494.9,0.0,167432.0,16856.0,11.25
29.0,100.0,3299.999,1.53,524.0,11088.0,100.6,0.0,32916.0,29088.0,11.25
30.0,100.0,3300.0,2.41,84.0,10872.0,5.3,0.0,32916.0,29088.0,11.25
31.0,100.0,3299.999,2.3,52.0,10800.0,2.5,0.0,32916.0,29088.0,11.25
32.0,100.0,3300.0,2.41,54.0,11160.0,2.9,0.0,32916.0,29088.0,11.25
33.0,100.0,3299.999,2.13,49.0,10872.0,1.7,0.0,32916.0,29088.0,11.25
34.0,100.0,3299.999,2.24,51.0,11520.0,2.3,0.0,59540.0,55780.0,11.25
35.0,100.0,3300.0,2.35,1979.0,11160.0,273.1,0.0,106360.0,102772.0,11.25
36.0,100.0,3299.999,3.11,2411.0,11304.0,199.5,0.0,26740.0,22884.0,11.25
37.0,100.0,3300.0,2.17,4783.0,11016.0,430.5,0.0,33488.0,29812.0,11.25
38.0,100.0,3300.0,2.41,54.0,11952.0,2.6,0.0,33488.0,29812.0,11.25
39.0,100.0,3300.0,2.14,50.0,11664.0,3.5,0.0,33488.0,29812.0,11.25
