time,CPU_Utilization,Frequency,IPC,Misses,LLC,MBL,Memory_Footprint,Virt_Memory,Res_Memory,Allocated_Cache
0.0,100.0,3299.999,1.29,0.0,0.0,0.0,0.0,167340.0,14236.0,4.5
1.0,100.0,3300.0,1.56,815.0,4536.0,146.7,0.0,32604.0,27496.0,4.5
2.0,100.0,3300.0,1.92,2825.0,4680.0,297.5,0.0,90804.0,86356.0,4.5
3.0,93.8,3299.999,3.1,3846.0,4752.0,372.2,0.0,119848.0,115396.0,4.5
4.0,100.0,3300.0,2.64,7760.0,4680.0,654.0,0.0,32964.0,28604.0,4.5
5.0,100.0,3300.0,2.19,309.0,4824.0,45.6,0.0,32964.0,28604.0,4.5
6.0,100.0,3299.999,2.39,70.0,4896.0,4.1,0.0,32964.0,28604.0,4.5
7.0,100.0,3300.0,2.41,79.0,5400.0,4.6,0.0,32964.0,28604.0,4.5
8.0,100.0,3299.999,2.41,81.0,5112.0,3.6,0.0,32964.0,28604.0,4.5
9.0,100.0,3299.999,2.41,69.0,5688.0,4.1,0.0,59544.0,55096.0,4.5
10.0,100.0,3299.999,2.24,3693.0,4680.0,438.0,0.0,102232.0,97864.0,4.5
11.0,100.0,3299.999,3.11,4508.0,5256.0,351.5,0.0,121324.0,117172.0,4.5
12.0,100.0,3300.0,1.88,6238.0,4176.0,526.2,0.0,32964.0,28604.0,4.5
13.0,100.0,3300.0,2.0,135.0,5112.0,10.8,0.0,32964.0,28604.0,4.5
14.0,100.0,3299.999,2.3,72.0,5112.0,3.8,0.0,32964.0,28604.0,4.5
15.0,100.0,3299.999,2.31,74.0,5616.0,5.3,0.0,32964.0,28604.0,4.5
16.0,100.0,3299.999,2.4,80.0,5832.0,4.1,0.0,32964.0,28604.0,4.5
17.0,100.0,3299.999,2.02,67.0,5904.0,2.9,0.0,58336.0,54116.0,4.5
18.0,93.8,3299.999,2.09,3146.0,4896.0,355.9,0.0,95104.0,90736.0,4.5
19.0,93.8,3299.999,3.13,4161.0,4824.0,384.6,0.0,121816.0,117400.0,4.5
20.0,100.0,3300.0,2.33,7101.0,4176.0,613.6,0.0,32964.0,28604.0,4.5
21.0,100.0,3300.0,2.41,151.0,4536.0,12.2,0.0,32964.0,28604.0,4.5
22.0,100.0,3300.0,2.36,69.0,5256.0,4.0,0.0,32964.0,28604.0,4.5
23.0,100.0,3299.999,2.36,69.0,5112.0,4.1,0.0,32964.0,28604.0,4.5
24.0,100.0,3299.999,2.29,72.0,5472.0,3.5,0.0,32964.0,28604.0,4.5
25.0,93.3,3300.0,2.41,801.0,5040.0,100.5,0.0,59544.0,55096.0,4.5
26.0,93.8,3300.0,2.45,3639.0,5544.0,383.1,0.0,106360.0,102088.0,4.5
27.0,100.0,3299.999,2.39,3534.0,5544.0,304.7,0.0,122584.0,118192.0,4.5
28.0,93.3,3300.0,2.11,6543.0,4320.0,581.1,0.0,167432.0,17644.0,4.5
29.0,100.0,3299.999,1.54,953.0,4536.0,168.5,0.0,32916.0,28636.0,4.5
30.0,100.0,3299.999,2.4,109.0,4824.0,8.2,0.0,32916.0,28636.0,4.5
31.0,100.0,3300.0,2.41,71.0,5256.0,4.2,0.0,32916.0,28636.0,4.5
32.0,93.8,3300.0,2.31,76.0,5544.0,3.4,0.0,32916.0,28636.0,4.5
33.0,100.0,3299.999,2.41,72.0,5832.0,4.6,0.0,32916.0,28636.0,4.5
34.0,100.0,3300.0,2.27,1052.0,4536.0,115.0,0.0,73552.0,69320.0,4.5
35.0,100.0,3300.0,2.67,3984.0,4896.0,411.8,0.0,109348.0,105224.0,4.5
36.0,100.0,3299.999,3.14,4840.0,4752.0,371.8,0.0,26740.0,22432.0,4.5
37.0,100.0,3299.999,1.91,4620.0,4752.0,448.9,0.0,33488.0,29360.0,4.5
38.0,93.8,3300.0,2.35,67.0,4608.0,3.6,0.0,33488.0,29360.0,4.5
39.0,100.0,3299.999,2.41,79.0,3168.0,6.0,0.0,33488.0,29360.0,4.5
