time,CPU_Utilization,Frequency,IPC,Misses,LLC,MBL,Memory_Footprint,Virt_Memory,Res_Memory,Allocated_Cache
0.0,93.8,3299.999,1.28,0.0,0.0,0.0,0.0,167340.0,15144.0,15.75
1.0,100.0,3300.0,1.57,202.0,14688.0,55.8,0.0,32604.0,27188.0,15.75
2.0,100.0,3299.999,1.94,1191.0,14976.0,184.3,0.0,92160.0,87368.0,15.75
3.0,100.0,3300.0,2.21,634.0,15768.0,133.2,0.0,108296.0,103472.0,15.75
4.0,100.0,3300.0,2.8,1527.0,15552.0,143.2,0.0,26216.0,21368.0,15.75
5.0,100.0,3299.999,2.01,3884.0,15624.0,389.3,0.0,32964.0,28340.0,15.75
6.0,100.0,3300.0,2.41,48.0,15984.0,3.0,0.0,32964.0,28340.0,15.75
7.0,100.0,3300.0,2.41,44.0,15768.0,1.9,0.0,32964.0,28340.0,15.75
8.0,100.0,3299.999,2.41,50.0,15768.0,2.1,0.0,32964.0,28340.0,15.75
9.0,100.0,3300.0,2.42,46.0,15552.0,1.1,0.0,32964.0,28340.0,15.75
10.0,100.0,3300.0,2.1,1234.0,15840.0,201.3,0.0,90788.0,86236.0,15.75
11.0,100.0,3299.999,2.76,948.0,15408.0,145.3,0.0,119256.0,114484.0,15.75
12.0,100.0,3300.0,2.82,4819.0,16272.0,480.7,0.0,32964.0,28340.0,15.75
13.0,100.0,3299.999,2.13,198.0,15408.0,29.7,0.0,32964.0,28340.0,15.75
14.0,100.0,3300.0,2.15,45.0,15336.0,2.2,0.0,32964.0,28340.0,15.75
15.0,100.0,3299.999,2.41,47.0,15768.0,2.2,0.0,32964.0,28340.0,15.75
16.0,100.0,3299.999,2.31,46.0,16056.0,1.8,0.0,32964.0,28340.0,15.75
17.0,100.0,3300.0,2.31,49.0,15912.0,1.3,0.0,59720.0,54916.0,15.75
18.0,100.0,3299.999,2.19,1290.0,16128.0,222.0,0.0,95688.0,90988.0,15.75
19.0,93.8,3300.0,3.15,1068.0,15336.0,145.1,0.0,122264.0,117652.0,15.75
20.0,100.0,3300.0,2.35,4700.0,16056.0,463.8,0.0,32964.0,28340.0,15.75
21.0,100.0,3300.0,2.3,86.0,15552.0,7.1,0.0,32964.0,28340.0,15.75
22.0,100.0,3300.0,2.35,49.0,15480.0,1.8,0.0,32964.0,28340.0,15.75
23.0,100.0,3299.999,2.4,45.0,15768.0,2.0,0.0,32964.0,28340.0,15.75
24.0,100.0,3299.999,2.0,51.0,16056.0,1.5,0.0,32964.0,28340.0,15.75
25.0,100.0,3299.999,1.95,44.0,15624.0,1.3,0.0,59720.0,54896.0,15.75
26.0,100.0,3299.999,2.12,1331.0,15984.0,229.8,0.0,95688.0,90988.0,15.75
27.0,100.0,3299.999,3.16,1092.0,15768.0,159.4,0.0,122056.0,117388.0,15.75
28.0,100.0,3299.999,2.24,4731.0,15408.0,461.6,0.0,167432.0,14488.0,15.75
29.0,100.0,3299.999,1.53,270.0,15336.0,71.2,0.0,32916.0,28360.0,15.75
30.0,100.0,3299.999,2.4,66.0,15984.0,6.0,0.0,32916.0,28360.0,15.75
31.0,100.0,3300.0,2.42,37.0,14760.0,1.3,0.0,32916.0,30256.0,15.75
32.0,100.0,3299.999,2.39,37.0,15264.0,1.7,0.0,32916.0,30256.0,15.75
33.0,100.0,3300.0,2.41,43.0,15336.0,1.3,0.0,32916.0,30256.0,15.75
34.0,100.0,3299.999,2.35,515.0,15624.0,97.2,0.0,71288.0,68828.0,15.75
35.0,100.0,3300.0,2.59,1097.0,15480.0,191.7,0.0,108780.0,105788.0,15.75
36.0,100.0,3299.999,3.16,1610.0,15264.0,170.1,0.0,26740.0,24056.0,15.75
37.0,100.0,3300.0,2.01,3880.0,16560.0,371.8,0.0,33488.0,30980.0,15.75
38.0,100.0,3300.0,2.14,46.0,17064.0,2.3,0.0,33488.0,30980.0,15.75
39.0,100.0,3299.999,2.39,45.0,16776.0,1.9,0.0,33488.0,30980.0,15.75
