time,CPU_Utilization,Frequency,IPC,Misses,LLC,MBL,Memory_Footprint,Virt_Memory,Res_Memory,Allocated_Cache
0.0,100.0,3300.0,1.26,1.0,0.0,0.1,0.0,167340.0,13252.0,2.25
1.0,100.0,3299.999,1.58,1140.0,5544.0,150.0,0.0,32604.0,28072.0,2.25
2.0,93.8,3299.999,1.93,3459.0,5472.0,350.8,0.0,92160.0,88252.0,2.25
3.0,100.0,3300.0,3.07,5302.0,5184.0,520.8,0.0,120256.0,116236.0,2.25
4.0,100.0,3300.0,2.62,8731.0,4896.0,765.5,0.0,32964.0,29224.0,2.25
5.0,100.0,3299.999,2.19,353.0,5472.0,47.2,0.0,32964.0,29224.0,2.25
6.0,100.0,3299.999,2.37,71.0,5544.0,3.4,0.0,32964.0,29224.0,2.25
7.0,100.0,3299.999,2.34,82.0,5760.0,4.1,0.0,32964.0,29224.0,2.25
8.0,100.0,3300.0,2.41,82.0,5616.0,4.1,0.0,32964.0,29224.0,2.25
9.0,100.0,3299.999,2.41,73.0,5760.0,2.8,0.0,59544.0,55716.0,2.25
10.0,93.3,3300.001,2.3,4800.0,4752.0,488.2,0.0,103876.0,100068.0,2.25
11.0,93.8,3299.999,3.13,6148.0,5112.0,523.1,0.0,120608.0,116796.0,2.25
12.0,100.0,3299.999,2.2,6894.0,4824.0,632.3,0.0,32964.0,29224.0,2.25
13.0,100.0,3300.0,2.41,81.0,5616.0,4.7,0.0,32964.0,29224.0,2.25
14.0,100.0,3299.999,2.13,72.0,6048.0,4.4,0.0,32964.0,29224.0,2.25
15.0,100.0,3300.0,2.41,80.0,5832.0,3.3,0.0,32964.0,29224.0,2.25
16.0,100.0,3300.0,2.41,87.0,6480.0,4.3,0.0,32964.0,29224.0,2.25
17.0,100.0,3300.0,2.16,1121.0,6192.0,125.0,0.0,67664.0,63900.0,2.25
18.0,100.0,3299.999,2.48,4974.0,5976.0,488.7,0.0,107560.0,103764.0,2.25
19.0,100.0,3300.0,3.12,6096.0,6480.0,424.0,0.0,26216.0,22296.0,2.25
20.0,100.0,3299.999,2.04,5481.0,5616.0,492.8,0.0,32964.0,29224.0,2.25
21.0,100.0,3300.0,2.41,71.0,5832.0,3.2,0.0,32964.0,29224.0,2.25
22.0,93.8,3300.0,2.41,82.0,5976.0,5.8,0.0,32964.0,29224.0,2.25
23.0,100.0,3299.999,2.41,83.0,5112.0,3.2,0.0,32964.0,29224.0,2.25
24.0,100.0,3299.999,2.1,70.0,5688.0,3.3,0.0,32964.0,29224.0,2.25
25.0,100.0,3299.999,2.0,2074.0,5328.0,218.7,0.0,87824.0,84228.0,2.25
26.0,100.0,3299.999,2.92,5498.0,5688.0,466.2,0.0,117688.0,113796.0,2.25
27.0,100.0,3299.999,2.83,5868.0,6048.0,446.7,0.0,26372.0,22564.0,2.25
28.0,100.0,3300.0,1.48,4657.0,4608.0,458.1,0.0,32916.0,29256.0,2.25
29.0,100.0,3299.999,1.88,1028.0,4248.0,150.8,0.0,32916.0,29256.0,2.25
30.0,100.0,3300.0,2.12,68.0,4896.0,3.7,0.0,32916.0,29256.0,2.25
31.0,100.0,3299.999,2.34,79.0,4968.0,3.6,0.0,32916.0,29256.0,2.25
32.0,100.0,3300.0,2.1,88.0,5040.0,5.8,0.0,32916.0,29256.0,2.25
33.0,100.0,3299.999,2.1,73.0,5400.0,3.5,0.0,32916.0,29256.0,2.25
34.0,100.0,3299.999,2.19,1319.0,3384.0,135.4,0.0,84752.0,81292.0,2.25
35.0,100.0,3299.999,2.62,5474.0,3888.0,462.0,0.0,107560.0,103996.0,2.25
36.0,100.0,3300.0,2.82,5574.0,4032.0,422.3,0.0,26740.0,23052.0,2.25
37.0,100.0,3300.0,2.03,5457.0,4176.0,499.9,0.0,33488.0,29980.0,2.25
38.0,100.0,3300.0,2.41,71.0,4752.0,4.6,0.0,33488.0,29980.0,2.25
39.0,100.0,3299.999,2.07,73.0,4896.0,4.3,0.0,33488.0,29980.0,2.25
