time,CPU_Utilization,Frequency,IPC,Misses,LLC,MBL,Memory_Footprint,Virt_Memory,Res_Memory,Allocated_Cache
0.0,100.0,3300.0,1.25,2.0,0.0,0.1,0.0,167340.0,15428.0,6.75
1.0,100.0,3300.0,1.59,652.0,7992.0,102.5,0.0,32604.0,29800.0,6.75
2.0,100.0,3299.999,1.94,2403.0,7344.0,256.3,0.0,92160.0,89976.0,6.75
3.0,100.0,3300.0,3.07,2983.0,7272.0,250.1,0.0,120256.0,117960.0,6.75
4.0,100.0,3300.0,2.62,6967.0,7560.0,596.8,0.0,32964.0,30904.0,6.75
5.0,100.0,3299.999,1.89,251.0,7776.0,33.5,0.0,32964.0,30904.0,6.75
6.0,100.0,3300.0,2.3,61.0,7776.0,4.4,0.0,32964.0,30904.0,6.75
7.0,100.0,3299.999,2.41,65.0,8136.0,3.9,0.0,32964.0,30904.0,6.75
8.0,100.0,3299.999,2.41,70.0,8424.0,3.4,0.0,32964.0,30904.0,6.75
9.0,100.0,3299.999,2.4,65.0,8712.0,3.7,0.0,59400.0,57396.0,6.75
10.0,100.0,3299.999,2.21,2646.0,7488.0,321.0,0.0,96780.0,94884.0,6.75
11.0,100.0,3300.0,3.11,3249.0,7848.0,272.7,0.0,122264.0,120228.0,6.75
12.0,100.0,3300.0,2.29,6424.0,7776.0,560.0,0.0,32964.0,30904.0,6.75
13.0,93.8,3299.999,2.41,116.0,8208.0,8.9,0.0,32964.0,30904.0,6.75
14.0,100.0,3299.999,2.41,63.0,8208.0,4.6,0.0,32964.0,30904.0,6.75
15.0,100.0,3300.0,2.09,57.0,8280.0,2.6,0.0,32964.0,30904.0,6.75
16.0,100.0,3300.0,2.3,72.0,9072.0,3.9,0.0,32964.0,30904.0,6.75
17.0,100.0,3299.999,2.07,58.0,9432.0,3.8,0.0,59544.0,57396.0,6.75
18.0,100.0,3300.0,2.15,2753.0,8208.0,324.4,0.0,99544.0,97524.0,6.75
19.0,100.0,3300.0,3.11,3536.0,7992.0,295.9,0.0,122720.0,120756.0,6.75
20.0,100.0,3300.0,2.25,6102.0,7920.0,511.7,0.0,32964.0,30904.0,6.75
21.0,100.0,3300.0,2.39,98.0,7848.0,6.2,0.0,32964.0,30904.0,6.75
22.0,100.0,3300.0,2.16,62.0,8208.0,3.5,0.0,32964.0,30904.0,6.75
23.0,100.0,3299.999,2.41,60.0,8136.0,3.2,0.0,32964.0,30904.0,6.75
24.0,100.0,3300.0,2.02,60.0,8352.0,3.3,0.0,32964.0,30904.0,6.75
25.0,100.0,3299.999,2.3,59.0,8424.0,4.6,0.0,59544.0,57396.0,6.75
26.0,100.0,3299.999,2.33,3003.0,7848.0,346.3,0.0,104540.0,102540.0,6.75
27.0,100.0,3299.999,3.11,3709.0,8568.0,303.9,0.0,121748.0,119744.0,6.75
28.0,100.0,3299.999,2.01,5603.0,7848.0,484.2,0.0,167432.0,19100.0,6.75
29.0,100.0,3300.0,1.55,813.0,7992.0,125.6,0.0,32916.0,30936.0,6.75
30.0,100.0,3300.0,2.41,62.0,8352.0,3.5,0.0,32916.0,30936.0,6.75
31.0,100.0,3299.999,2.03,57.0,8784.0,2.7,0.0,32916.0,30936.0,6.75
32.0,100.0,3300.0,2.28,68.0,8784.0,3.0,0.0,32916.0,30936.0,6.75
33.0,100.0,3299.999,2.41,65.0,9072.0,1.8,0.0,32916.0,30936.0,6.75
34.0,100.0,3299.999,2.35,931.0,7848.0,110.2,0.0,67392.0,65548.0,6.75
35.0,100.0,3300.001,2.5,2804.0,7488.0,283.5,0.0,107560.0,105676.0,6.75
36.0,100.0,3299.999,3.14,3990.0,7632.0,296.6,0.0,26740.0,24732.0,6.75
37.0,100.0,3300.0,2.04,4744.0,7920.0,424.6,0.0,33488.0,31660.0,6.75
38.0,100.0,3299.999,2.14,58.0,7848.0,2.5,0.0,33488.0,31660.0,6.75
39.0,100.0,3300.001,2.41,60.0,8136.0,4.1,0.0,33488.0,31660.0,6.75
