time,CPU_Utilization,Frequency,IPC,Misses,LLC,MBL,Memory_Footprint,Virt_Memory,Res_Memory,Allocated_Cache
0.0,100.0,3300.0,1.27,0.0,0.0,0.0,0.0,167340.0,14308.0,22.5
1.0,100.0,3300.0,1.58,165.0,17928.0,47.3,0.0,32604.0,27560.0,22.5
2.0,100.0,3300.0,1.95,787.0,22320.0,134.2,0.0,92724.0,88268.0,22.5
3.0,100.0,3299.999,3.14,597.0,21672.0,133.4,0.0,120256.0,115724.0,22.5
4.0,100.0,3299.999,2.56,3848.0,22752.0,403.2,0.0,32964.0,28712.0,22.5
5.0,100.0,3300.0,2.14,190.0,21024.0,28.5,0.0,32964.0,28712.0,22.5
6.0,100.0,3300.0,2.31,59.0,20088.0,2.9,0.0,32964.0,28712.0,22.5
7.0,100.0,3299.999,2.15,50.0,19224.0,2.1,0.0,32964.0,28712.0,22.5
8.0,100.0,3300.0,2.34,63.0,18936.0,2.7,0.0,32964.0,28712.0,22.5
9.0,93.3,3299.999,2.28,60.0,19008.0,1.5,0.0,50396.0,46300.0,22.5
10.0,100.0,3300.0,2.0,774.0,22464.0,134.8,0.0,94492.0,90316.0,22.5
11.0,100.0,3300.0,3.15,604.0,22320.0,124.8,0.0,121544.0,117244.0,22.5
12.0,100.0,3299.999,2.39,3867.0,22608.0,406.1,0.0,32964.0,28712.0,22.5
13.0,100.0,3300.0,2.35,110.0,21456.0,8.6,0.0,32964.0,28712.0,22.5
14.0,100.0,3299.999,2.41,46.0,21456.0,2.2,0.0,32964.0,28712.0,22.5
15.0,100.0,3299.999,2.37,42.0,21384.0,1.6,0.0,32964.0,28712.0,22.5
16.0,100.0,3299.999,2.4,50.0,21456.0,2.4,0.0,32964.0,28712.0,22.5
17.0,100.0,3300.0,2.03,41.0,21528.0,1.4,0.0,59544.0,55204.0,22.5
18.0,93.3,3299.999,2.16,833.0,22176.0,184.6,0.0,102232.0,97972.0,22.5
19.0,100.0,3299.999,3.16,721.0,21960.0,128.5,0.0,121324.0,117280.0,22.5
20.0,100.0,3299.999,2.25,3750.0,21960.0,399.4,0.0,32964.0,28712.0,22.5
21.0,100.0,3299.999,2.41,61.0,21888.0,2.7,0.0,32964.0,28712.0,22.5
22.0,100.0,3299.999,2.14,50.0,21672.0,1.7,0.0,32964.0,28712.0,22.5
23.0,100.0,3300.0,2.41,45.0,21456.0,2.0,0.0,32964.0,28712.0,22.5
24.0,100.0,3300.0,2.41,47.0,21600.0,1.8,0.0,32964.0,28712.0,22.5
25.0,100.0,3299.999,2.05,51.0,21528.0,7.1,0.0,59544.0,55204.0,22.5
26.0,100.0,3300.0,1.99,835.0,22392.0,170.2,0.0,103876.0,99556.0,22.5
27.0,100.0,3300.0,3.14,761.0,22320.0,119.6,0.0,120808.0,116408.0,22.5
28.0,100.0,3300.0,2.07,3690.0,22752.0,363.0,0.0,167432.0,17780.0,22.5
29.0,100.0,3300.0,1.55,233.0,22176.0,65.7,0.0,32916.0,28744.0,22.5
30.0,100.0,3300.0,2.14,37.0,21888.0,0.6,0.0,32916.0,28744.0,22.5
31.0,100.0,3300.0,2.41,37.0,21816.0,1.7,0.0,32916.0,28744.0,22.5
32.0,100.0,3299.999,2.41,41.0,21888.0,1.2,0.0,32916.0,28744.0,22.5
33.0,100.0,3300.0,2.41,35.0,21816.0,1.4,0.0,32916.0,28744.0,22.5
34.0,100.0,3299.999,2.28,391.0,22608.0,75.4,0.0,76608.0,72596.0,22.5
35.0,100.0,3300.0,2.7,647.0,22176.0,134.4,0.0,111368.0,107180.0,22.5
36.0,100.0,3299.999,3.16,813.0,22176.0,117.9,0.0,33488.0,29468.0,22.5
37.0,100.0,3300.0,1.96,3512.0,22536.0,359.6,0.0,33488.0,29468.0,22.5
38.0,100.0,3299.999,2.34,46.0,22464.0,1.6,0.0,33488.0,29468.0,22.5
39.0,100.0,3300.0,2.42,46.0,22320.0,1.7,0.0,33488.0,29468.0,22.5
