time,CPU_Utilization,Frequency,IPC,Misses,LLC,MBL,Memory_Footprint,Virt_Memory,Res_Memory,Allocated_Cache
0.0,100.0,3300.0,1.28,0.0,0.0,0.0,0.0,167340.0,15752.0,9.0
1.0,100.0,3300.001,1.57,429.0,8712.0,86.0,0.0,32604.0,29412.0,9.0
2.0,100.0,3299.999,1.93,1978.0,8712.0,234.8,0.0,90804.0,88272.0,9.0
3.0,93.3,3299.999,3.07,2265.0,9288.0,228.0,0.0,119408.0,116784.0,9.0
4.0,100.0,3300.0,2.65,6342.0,9288.0,554.9,0.0,32964.0,30520.0,9.0
5.0,100.0,3299.999,2.17,236.0,9288.0,35.4,0.0,32964.0,30520.0,9.0
6.0,100.0,3300.0,2.15,59.0,9216.0,3.7,0.0,32964.0,30520.0,9.0
7.0,100.0,3299.999,2.41,63.0,9432.0,3.4,0.0,32964.0,30520.0,9.0
8.0,100.0,3300.0,2.41,64.0,9576.0,3.9,0.0,32964.0,30520.0,9.0
9.0,100.0,3299.999,2.37,59.0,10008.0,2.6,0.0,59400.0,57012.0,9.0
10.0,100.0,3300.0,2.25,2277.0,9288.0,301.4,0.0,96780.0,94500.0,9.0
11.0,100.0,3299.999,3.14,2665.0,9936.0,240.6,0.0,122440.0,119844.0,9.0
12.0,100.0,3300.0,2.28,5770.0,9792.0,512.6,0.0,32964.0,30520.0,9.0
13.0,100.0,3299.999,2.41,89.0,9648.0,6.0,0.0,32964.0,30520.0,9.0
14.0,100.0,3299.999,2.31,58.0,10152.0,3.3,0.0,32964.0,30520.0,9.0
15.0,100.0,3299.999,2.41,53.0,10080.0,2.2,0.0,32964.0,30520.0,9.0
16.0,100.0,3299.999,2.4,61.0,10584.0,4.1,0.0,32964.0,30520.0,9.0
17.0,100.0,3300.0,2.28,796.0,10080.0,106.4,0.0,72148.0,69684.0,9.0
18.0,100.0,3299.999,2.56,2291.0,9720.0,267.2,0.0,107040.0,104532.0,9.0
19.0,100.0,3300.0,3.0,3151.0,9792.0,283.9,0.0,26216.0,23596.0,9.0
20.0,100.0,3299.999,2.04,4495.0,9792.0,403.1,0.0,32964.0,30520.0,9.0
21.0,100.0,3299.999,2.41,56.0,10152.0,4.9,0.0,32964.0,30520.0,9.0
22.0,100.0,3299.999,2.41,59.0,9504.0,3.1,0.0,32964.0,30520.0,9.0
23.0,100.0,3300.0,2.41,54.0,9720.0,3.1,0.0,32964.0,30520.0,9.0
24.0,93.8,3299.999,2.41,60.0,10080.0,3.7,0.0,32964.0,30520.0,9.0
25.0,100.0,3299.999,2.09,1968.0,9720.0,235.1,0.0,92012.0,89484.0,9.0
26.0,100.0,3300.0,3.12,2328.0,9216.0,231.5,0.0,119716.0,117204.0,9.0
27.0,93.8,3300.0,2.54,6236.0,9792.0,558.4,0.0,26372.0,24124.0,9.0
28.0,100.0,3299.999,1.43,597.0,9360.0,91.6,0.0,32916.0,30552.0,9.0
29.0,100.0,3299.999,2.22,196.0,9792.0,31.9,0.0,32916.0,30552.0,9.0
30.0,100.0,3300.0,2.41,60.0,10512.0,3.7,0.0,32916.0,30552.0,9.0
31.0,100.0,3300.0,2.23,58.0,11016.0,3.3,0.0,32916.0,30552.0,9.0
32.0,100.0,3299.999,2.36,57.0,10728.0,2.7,0.0,32916.0,30552.0,9.0
33.0,100.0,3299.999,2.41,58.0,10944.0,1.9,0.0,59540.0,57244.0,9.0
34.0,100.0,3300.0,2.28,2263.0,9432.0,297.0,0.0,97424.0,95260.0,9.0
35.0,100.0,3300.0,3.15,2882.0,9648.0,234.0,0.0,121452.0,119320.0,9.0
36.0,100.0,3299.999,2.23,5463.0,9504.0,459.9,0.0,33488.0,31276.0,9.0
37.0,100.0,3299.999,2.41,68.0,9432.0,5.0,0.0,33488.0,31276.0,9.0
38.0,100.0,3300.0,2.35,59.0,9000.0,4.4,0.0,33488.0,31276.0,9.0
39.0,100.0,3300.0,2.41,63.0,8208.0,3.8,0.0,33488.0,31276.0,9.0
