time,CPU_Utilization,Frequency,IPC,Misses,LLC,MBL,Memory_Footprint,Virt_Memory,Res_Memory,Allocated_Cache
0.0,100.0,3300.0,1.19,3.0,0.0,0.0,0.0,167340.0,13264.0,13.5
1.0,100.0,3300.0,1.57,321.0,13752.0,65.1,0.0,32604.0,28080.0,13.5
2.0,100.0,3299.999,1.93,1359.0,13464.0,170.9,0.0,90804.0,86940.0,13.5
3.0,100.0,3299.999,3.1,1383.0,13320.0,174.0,0.0,119848.0,115980.0,13.5
4.0,100.0,3299.999,2.63,5198.0,14472.0,494.7,0.0,32964.0,29224.0,13.5
5.0,100.0,3300.0,2.22,194.0,14040.0,31.5,0.0,32964.0,29224.0,13.5
6.0,100.0,3299.999,2.13,47.0,13896.0,2.7,0.0,32964.0,29224.0,13.5
7.0,100.0,3300.0,2.4,49.0,14544.0,2.8,0.0,32964.0,29224.0,13.5
8.0,100.0,3300.0,2.4,44.0,14832.0,2.3,0.0,32964.0,29224.0,13.5
9.0,93.8,3299.999,2.41,45.0,14544.0,1.5,0.0,59544.0,55716.0,13.5
10.0,100.0,3299.999,2.27,1501.0,14112.0,214.8,0.0,97424.0,93732.0,13.5
11.0,100.0,3299.999,3.16,1687.0,13824.0,164.8,0.0,122584.0,118812.0,13.5
12.0,100.0,3300.0,2.25,4788.0,14112.0,446.7,0.0,32964.0,29224.0,13.5
13.0,100.0,3299.999,2.41,61.0,14616.0,5.3,0.0,32964.0,29224.0,13.5
14.0,100.0,3300.0,2.14,45.0,14832.0,1.8,0.0,32964.0,29224.0,13.5
15.0,100.0,3299.999,2.41,42.0,15120.0,2.6,0.0,32964.0,29224.0,13.5
16.0,100.0,3300.0,2.41,50.0,15336.0,2.2,0.0,32964.0,29224.0,13.5
17.0,93.3,3300.0,2.02,46.0,15552.0,0.9,0.0,59544.0,55716.0,13.5
18.0,93.3,3299.999,2.14,1584.0,14184.0,246.7,0.0,103876.0,100068.0,13.5
19.0,100.0,3300.0,3.16,1907.0,15048.0,185.8,0.0,122584.0,118812.0,13.5
20.0,100.0,3300.0,1.89,4464.0,13608.0,423.7,0.0,32964.0,29224.0,13.5
21.0,100.0,3300.0,2.41,68.0,14472.0,5.1,0.0,32964.0,29224.0,13.5
22.0,100.0,3300.001,2.41,48.0,14688.0,2.5,0.0,32964.0,29224.0,13.5
23.0,100.0,3299.999,2.4,45.0,14832.0,3.4,0.0,32964.0,29224.0,13.5
24.0,100.0,3299.999,2.31,45.0,14904.0,2.0,0.0,32964.0,29224.0,13.5
25.0,100.0,3299.999,2.27,609.0,14256.0,92.2,0.0,73092.0,69180.0,13.5
26.0,100.0,3299.999,2.68,1423.0,13824.0,160.2,0.0,108780.0,105084.0,13.5
27.0,100.0,3300.0,3.15,2037.0,14256.0,179.6,0.0,26216.0,22300.0,13.5
28.0,100.0,3300.0,1.55,4036.0,13032.0,393.0,0.0,26168.0,21716.0,13.5
29.0,100.0,3299.999,1.82,356.0,13896.0,53.6,0.0,32916.0,29256.0,13.5
30.0,100.0,3299.999,2.39,49.0,14544.0,4.0,0.0,32916.0,29256.0,13.5
31.0,100.0,3299.999,2.41,47.0,14184.0,1.9,0.0,32916.0,29256.0,13.5
32.0,100.0,3299.999,2.39,44.0,14328.0,1.0,0.0,32916.0,29256.0,13.5
33.0,100.0,3300.0,2.41,45.0,14184.0,1.7,0.0,32916.0,29256.0,13.5
34.0,100.0,3299.999,2.12,1372.0,14328.0,197.7,0.0,92576.0,89212.0,13.5
35.0,100.0,3299.999,3.12,1399.0,13608.0,187.7,0.0,120540.0,116932.0,13.5
36.0,100.0,3300.0,2.43,5108.0,14256.0,478.9,0.0,33488.0,29980.0,13.5
37.0,100.0,3299.999,2.4,167.0,13896.0,26.2,0.0,33488.0,29980.0,13.5
38.0,100.0,3299.999,2.15,51.0,14256.0,3.4,0.0,33488.0,29980.0,13.5
39.0,100.0,3300.0,2.41,49.0,14184.0,1.1,0.0,33488.0,29980.0,13.5
