time,CPU_Utilization,Frequency,IPC,Misses,LLC,MBL,Memory_Footprint,Virt_Memory,Res_Memory,Allocated_Cache
0.0,100.0,3299.999,1.28,1.0,0.0,0.0,0.0,167340.0,14576.0,20.25
1.0,100.0,3300.008,1.57,164.0,17568.0,46.2,0.0,32604.0,27436.0,20.25
2.0,100.0,3299.999,1.94,892.0,20232.0,139.3,0.0,92724.0,88144.0,20.25
3.0,100.0,3300.0,3.11,702.0,20160.0,141.4,0.0,120632.0,116128.0,20.25
4.0,100.0,3300.0,2.61,4107.0,20664.0,410.0,0.0,32964.0,28584.0,20.25
5.0,100.0,3299.999,2.24,191.0,20088.0,30.7,0.0,32964.0,28584.0,20.25
6.0,93.8,3300.0,2.41,48.0,20664.0,1.6,0.0,32964.0,28584.0,20.25
7.0,93.8,3299.999,2.41,43.0,20664.0,1.8,0.0,32964.0,28584.0,20.25
8.0,93.8,3300.0,2.41,45.0,20592.0,2.5,0.0,32964.0,28584.0,20.25
9.0,100.0,3300.0,2.41,44.0,20952.0,2.6,0.0,59544.0,55076.0,20.25
10.0,100.0,3300.001,2.38,974.0,20016.0,192.0,0.0,105784.0,101540.0,20.25
11.0,93.3,3299.999,3.16,997.0,20592.0,137.4,0.0,26216.0,21660.0,20.25
12.0,100.0,3299.999,2.15,3777.0,20592.0,375.1,0.0,32964.0,28584.0,20.25
13.0,93.8,3299.999,2.41,45.0,20376.0,1.8,0.0,32964.0,28584.0,20.25
14.0,100.0,3300.0,2.41,46.0,20376.0,2.0,0.0,32964.0,28584.0,20.25
15.0,100.0,3299.999,2.41,41.0,20088.0,1.3,0.0,32964.0,28584.0,20.25
16.0,100.0,3300.0,2.11,45.0,20448.0,3.5,0.0,32964.0,28584.0,20.25
17.0,93.3,3300.001,2.11,431.0,20520.0,80.5,0.0,84752.0,80420.0,20.25
18.0,93.3,3299.999,2.76,812.0,21024.0,139.1,0.0,115756.0,111308.0,20.25
19.0,100.0,3300.0,3.14,1211.0,21456.0,138.4,0.0,32964.0,28584.0,20.25
20.0,100.0,3299.999,1.97,3326.0,20952.0,329.8,0.0,32964.0,28584.0,20.25
21.0,100.0,3300.0,2.09,42.0,20808.0,1.8,0.0,32964.0,28584.0,20.25
22.0,93.8,3299.999,2.28,42.0,20520.0,1.9,0.0,32964.0,28584.0,20.25
23.0,93.8,3300.0,2.4,44.0,20736.0,1.4,0.0,32964.0,28584.0,20.25
24.0,100.0,3300.0,2.41,43.0,21240.0,3.0,0.0,32964.0,28584.0,20.25
25.0,100.0,3299.999,2.06,790.0,21024.0,125.1,0.0,92012.0,87548.0,20.25
26.0,100.0,3299.999,3.14,706.0,20952.0,133.2,0.0,120144.0,115796.0,20.25
27.0,100.0,3300.0,2.66,4090.0,20952.0,415.6,0.0,26372.0,22188.0,20.25
28.0,100.0,3299.999,1.43,317.0,20592.0,65.2,0.0,32916.0,28616.0,20.25
29.0,93.8,3299.999,2.21,111.0,19656.0,20.2,0.0,32916.0,28616.0,20.25
30.0,100.0,3300.0,2.37,40.0,19872.0,1.3,0.0,32916.0,28616.0,20.25
31.0,100.0,3299.999,2.37,42.0,19512.0,1.3,0.0,32916.0,28616.0,20.25
32.0,100.0,3299.999,2.41,50.0,15624.0,6.0,0.0,32916.0,28616.0,20.25
33.0,100.0,3300.0,2.35,55.0,16416.0,2.6,0.0,59540.0,55308.0,20.25
34.0,100.0,3299.999,1.93,964.0,20016.0,174.0,0.0,97424.0,93324.0,20.25
35.0,100.0,3300.0,3.16,784.0,20736.0,119.8,0.0,122716.0,118668.0,20.25
36.0,100.0,3300.0,2.31,4041.0,19944.0,405.6,0.0,33488.0,29340.0,20.25
37.0,100.0,3299.999,2.36,78.0,19872.0,4.8,0.0,33488.0,29340.0,20.25
38.0,100.0,3300.0,2.42,47.0,20016.0,1.7,0.0,33488.0,29340.0,20.25
39.0,100.0,3299.999,2.41,45.0,20088.0,2.0,0.0,33488.0,29340.0,20.25
