time,CPU_Utilization,Frequency,IPC,Misses,LLC,MBL,Memory_Footprint,Virt_Memory,Res_Memory,Allocated_Cache
0.0,100.0,3299.999,1.29,0.0,0.0,0.0,0.0,167340.0,14580.0,24.75
1.0,100.0,3300.009,1.57,146.0,19080.0,40.1,0.0,32604.0,27436.0,24.75
2.0,100.0,3299.999,1.94,661.0,24192.0,143.9,0.0,93232.0,88672.0,24.75
3.0,100.0,3299.999,3.12,522.0,20088.0,118.5,0.0,120980.0,116392.0,24.75
4.0,100.0,3300.0,2.63,3607.0,25200.0,372.4,0.0,32964.0,28584.0,24.75
5.0,100.0,3299.999,2.24,183.0,24192.0,27.7,0.0,32964.0,28584.0,24.75
6.0,100.0,3300.0,2.12,40.0,19872.0,5.1,0.0,32964.0,28584.0,24.75
7.0,100.0,3299.999,2.06,42.0,14040.0,4.8,0.0,32964.0,28584.0,24.75
8.0,100.0,3299.999,2.07,42.0,14256.0,1.2,0.0,32964.0,28584.0,24.75
9.0,100.0,3299.999,2.41,43.0,14616.0,1.3,0.0,49012.0,37684.0,24.75
10.0,100.0,3300.0,2.09,649.0,24696.0,128.2,0.0,93856.0,89396.0,24.75
11.0,100.0,3300.001,3.15,501.0,24696.0,116.6,0.0,121240.0,116852.0,24.75
12.0,100.0,3299.999,2.54,3611.0,25128.0,374.8,0.0,32964.0,28584.0,24.75
13.0,100.0,3300.0,2.33,180.0,20592.0,30.5,0.0,32964.0,28584.0,24.75
14.0,100.0,3300.0,2.41,39.0,20808.0,1.9,0.0,32964.0,28584.0,24.75
15.0,100.0,3299.999,2.41,37.0,20808.0,1.1,0.0,32964.0,28584.0,24.75
16.0,100.0,3299.999,2.41,39.0,16344.0,4.6,0.0,32964.0,28584.0,24.75
17.0,100.0,3299.999,2.38,39.0,17640.0,1.3,0.0,62876.0,58508.0,24.75
18.0,100.0,3300.0,2.41,754.0,24336.0,194.6,0.0,107040.0,102332.0,24.75
19.0,93.3,3300.0,3.16,699.0,24120.0,113.8,0.0,26216.0,21660.0,24.75
20.0,100.0,3299.999,2.13,3424.0,24552.0,353.9,0.0,32964.0,28584.0,24.75
21.0,100.0,3299.999,2.11,36.0,24480.0,1.5,0.0,32964.0,28584.0,24.75
22.0,93.8,3300.0,1.76,35.0,19152.0,5.8,0.0,32964.0,28584.0,24.75
23.0,100.0,3300.0,2.04,34.0,19440.0,0.9,0.0,32964.0,28584.0,24.75
24.0,100.0,3300.0,2.05,36.0,19800.0,1.1,0.0,32964.0,28584.0,24.75
25.0,93.8,3299.999,2.41,39.0,16848.0,4.2,0.0,59544.0,55076.0,24.75
26.0,100.0,3300.009,2.22,740.0,23616.0,186.8,0.0,99940.0,95468.0,24.75
27.0,100.0,3300.0,3.16,496.0,24552.0,102.0,0.0,121324.0,117152.0,24.75
28.0,100.0,3300.0,2.19,3661.0,24264.0,373.5,0.0,167432.0,18048.0,24.75
29.0,100.0,3299.999,1.54,203.0,24408.0,58.3,0.0,32916.0,28616.0,24.75
30.0,93.3,3299.999,2.41,32.0,16704.0,8.4,0.0,32916.0,28616.0,24.75
31.0,100.0,3300.0,2.41,32.0,14040.0,4.9,0.0,32916.0,28616.0,24.75
32.0,100.0,3300.0,2.41,30.0,15048.0,1.5,0.0,32916.0,28616.0,24.75
33.0,100.0,3299.999,2.4,47.0,14544.0,2.7,0.0,32916.0,28616.0,24.75
34.0,100.0,3299.999,2.28,389.0,23760.0,83.9,0.0,81400.0,77220.0,24.75
35.0,93.8,3299.999,2.69,533.0,24192.0,121.4,0.0,108780.0,104676.0,24.75
36.0,93.8,3300.0,2.89,638.0,24696.0,95.1,0.0,26740.0,22416.0,24.75
37.0,100.0,3300.0,2.04,3367.0,21600.0,343.8,0.0,33488.0,29340.0,24.75
38.0,100.0,3299.999,1.95,38.0,21960.0,1.8,0.0,33488.0,29340.0,24.75
39.0,100.0,3300.0,2.35,40.0,21888.0,1.7,0.0,33488.0,29340.0,24.75
40.0,100.0,3299.999,2.12,36.0,16272.0,4.7,0.0,33488.0,29340.0,24.75
41.0,100.0,3300.0,2.06,42.0,17136.0,1.7,0.0,33488.0,29340.0,24.75
42.0,100.0,3299.999,2.39,278.0,23544.0,63.6,0.0,72148.0,67980.0,24.75
43.0,100.0,3299.999,2.51,612.0,24048.0,137.4,0.0,108780.0,104676.0,24.75
44.0,100.0,3299.999,3.17,666.0,24048.0,100.4,0.0,26740.0,22416.0,24.75
45.0,100.0,3300.0,2.05,3385.0,24408.0,347.3,0.0,33488.0,29340.0,24.75
46.0,100.0,3299.999,2.07,39.0,19224.0,4.8,0.0,33488.0,29340.0,24.75
47.0,93.8,3300.0,2.35,39.0,19800.0,1.9,0.0,33488.0,29340.0,24.75
48.0,93.8,3300.0,2.0,36.0,20160.0,1.1,0.0,33488.0,29340.0,24.75
49.0,93.8,3299.999,2.07,41.0,16416.0,4.6,0.0,33488.0,29340.0,24.75
50.0,100.0,3299.999,2.4,280.0,22536.0,61.2,0.0,69512.0,65340.0,24.75
51.0,100.0,3300.0,2.48,613.0,24624.0,136.9,0.0,108184.0,104148.0,24.75
52.0,100.0,3300.0,2.32,529.0,23256.0,89.4,0.0,120908.0,116820.0,24.75
53.0,100.0,3299.999,1.72,3408.0,24984.0,327.0,0.0,33488.0,29340.0,24.75
54.0,100.0,3299.999,1.92,323.0,24264.0,42.8,0.0,33488.0,29340.0,24.75
55.0,100.0,3299.999,2.12,32.0,19296.0,4.6,0.0,33488.0,29340.0,24.75
56.0,100.0,3300.0,2.28,35.0,19440.0,1.9,0.0,33488.0,29340.0,24.75
57.0,100.0,3299.999,2.41,33.0,19080.0,1.5,0.0,33488.0,29340.0,24.75
58.0,100.0,3300.0,2.41,34.0,15840.0,4.1,0.0,49536.0,44580.0,24.75
59.0,100.0,3300.0,2.1,673.0,24624.0,137.9,0.0,92012.0,87780.0,24.75
60.0,100.0,3300.0,2.8,491.0,24768.0,108.6,0.0,120144.0,116020.0,24.75
61.0,100.0,3299.999,2.79,3650.0,25128.0,378.3,0.0,33488.0,29340.0,24.75
62.0,93.8,3300.0,1.85,183.0,24552.0,28.1,0.0,33488.0,29340.0,24.75
63.0,100.0,3299.999,2.35,42.0,24480.0,2.6,0.0,33488.0,29340.0,24.75
64.0,100.0,3300.0,2.42,41.0,18936.0,5.4,0.0,33488.0,29340.0,24.75
65.0,100.0,3299.999,2.41,40.0,19584.0,2.0,0.0,33488.0,29340.0,24.75
66.0,100.0,3300.0,2.41,39.0,19152.0,1.2,0.0,59540.0,55308.0,24.75
67.0,100.0,3299.999,2.23,764.0,20592.0,176.6,0.0,101744.0,97548.0,24.75
68.0,100.0,3300.0,3.17,534.0,24336.0,90.1,0.0,121452.0,117384.0,24.75
69.0,100.0,3300.0,2.31,3539.0,24768.0,354.9,0.0,33488.0,29340.0,24.75
70.0,100.0,3299.999,2.41,66.0,19080.0,8.3,0.0,33488.0,29340.0,24.75
71.0,100.0,3300.0,2.41,47.0,19872.0,1.9,0.0,33488.0,29340.0,24.75
72.0,93.8,3299.999,2.41,37.0,20304.0,1.6,0.0,33488.0,29340.0,24.75
73.0,93.8,3300.0,2.42,43.0,16344.0,4.7,0.0,33488.0,29340.0,24.75
74.0,100.0,3299.999,2.25,378.0,23544.0,81.0,0.0,84752.0,80652.0,24.75
75.0,100.0,3300.0,2.75,575.0,24480.0,129.4,0.0,116980.0,112860.0,24.75
76.0,100.0,3299.999,3.14,869.0,21096.0,131.4,0.0,26740.0,22416.0,24.75
77.0,100.0,3299.999,1.6,3279.0,24192.0,327.2,0.0,33488.0,29340.0,24.75
78.0,93.8,3300.0,2.41,31.0,24264.0,1.8,0.0,33488.0,29340.0,24.75
79.0,93.8,3299.999,2.41,32.0,18936.0,5.3,0.0,33488.0,29340.0,24.75
80.0,100.0,3300.0,2.41,35.0,19512.0,1.8,0.0,33488.0,29340.0,24.75
81.0,100.0,3299.999,2.41,36.0,20160.0,1.1,0.0,33488.0,29340.0,24.75
82.0,100.0,3299.999,2.03,584.0,23832.0,109.1,0.0,91416.0,87252.0,24.75
83.0,100.0,3299.999,3.11,550.0,24624.0,125.2,0.0,119716.0,115500.0,24.75
84.0,100.0,3299.999,2.85,3635.0,25056.0,381.7,0.0,33488.0,29340.0,24.75
85.0,100.0,3300.0,2.12,183.0,24408.0,26.6,0.0,33488.0,29340.0,24.75
86.0,100.0,3299.999,2.41,45.0,19368.0,5.1,0.0,33488.0,29340.0,24.75
87.0,100.0,3300.0,2.11,40.0,20160.0,1.9,0.0,33488.0,29340.0,24.75
88.0,100.0,3300.0,1.83,36.0,19872.0,1.5,0.0,33488.0,29340.0,24.75
89.0,100.0,3299.999,2.41,42.0,16056.0,4.8,0.0,33488.0,29340.0,24.75
90.0,100.0,3299.999,2.08,632.0,24336.0,130.0,0.0,93196.0,89100.0,24.75
91.0,100.0,3300.0,3.14,511.0,24840.0,111.4,0.0,120908.0,116820.0,24.75
92.0,100.0,3299.999,2.59,3678.0,25128.0,373.5,0.0,33488.0,29340.0,24.75
93.0,93.8,3299.999,2.3,175.0,24408.0,25.7,0.0,33488.0,29340.0,24.75
94.0,100.0,3300.0,2.38,39.0,24408.0,2.2,0.0,33488.0,29340.0,24.75
95.0,93.8,3300.0,2.38,37.0,19872.0,4.8,0.0,33488.0,29340.0,24.75
96.0,100.0,3300.0,2.41,39.0,20232.0,2.2,0.0,33488.0,29340.0,24.75
97.0,100.0,3299.999,2.42,38.0,20448.0,1.7,0.0,59540.0,55308.0,24.75
98.0,100.0,3300.0,2.38,801.0,23832.0,186.8,0.0,106360.0,102300.0,24.75
99.0,100.0,3299.999,3.17,679.0,24336.0,111.1,0.0,26740.0,22416.0,24.75
100.0,93.8,3300.0,1.78,3554.0,24552.0,359.0,0.0,33488.0,29340.0,24.75
101.0,100.0,3300.0,2.41,64.0,18360.0,9.9,0.0,33488.0,29340.0,24.75
102.0,100.0,3299.999,2.41,35.0,19440.0,1.2,0.0,33488.0,29340.0,24.75
103.0,100.0,3300.0,2.41,31.0,19584.0,1.3,0.0,33488.0,29340.0,24.75
104.0,100.0,3299.999,2.41,37.0,15768.0,4.4,0.0,33488.0,29340.0,24.75
105.0,100.0,3300.0,2.3,384.0,23616.0,83.0,0.0,78856.0,74580.0,24.75
106.0,100.0,3299.999,2.65,539.0,23832.0,123.7,0.0,114408.0,110220.0,24.75
107.0,100.0,3300.0,3.16,677.0,23976.0,103.6,0.0,33488.0,29340.0,24.75
108.0,100.0,3300.0,1.99,3351.0,24552.0,330.0,0.0,33488.0,29340.0,24.75
109.0,100.0,3299.999,2.41,38.0,24120.0,2.2,0.0,33488.0,29340.0,24.75
110.0,100.0,3300.0,2.41,40.0,18936.0,5.2,0.0,33488.0,29340.0,24.75
111.0,100.0,3299.999,2.41,38.0,19152.0,1.9,0.0,33488.0,29340.0,24.75
112.0,100.0,3300.0,2.42,36.0,19296.0,1.8,0.0,59720.0,55400.0,24.75
113.0,100.0,3300.0,2.15,739.0,24696.0,161.2,0.0,95688.0,91476.0,24.75
114.0,100.0,3299.999,3.08,481.0,24696.0,90.2,0.0,121240.0,117084.0,24.75
115.0,100.0,3300.0,2.33,3560.0,25200.0,361.7,0.0,33488.0,29340.0,24.75
116.0,100.0,3300.0,2.37,177.0,17856.0,28.9,0.0,33488.0,29340.0,24.75
117.0,100.0,3300.0,2.42,45.0,18648.0,1.8,0.0,33488.0,29340.0,24.75
118.0,100.0,3300.0,2.41,39.0,19152.0,2.0,0.0,33488.0,29340.0,24.75
119.0,100.0,3299.999,2.41,46.0,15696.0,5.1,0.0,33488.0,29340.0,24.75
120.0,100.0,3300.0,2.41,146.0,20808.0,35.1,0.0,67100.0,62964.0,24.75
121.0,100.0,3299.999,2.44,729.0,24264.0,154.1,0.0,107560.0,103356.0,24.75
122.0,100.0,3300.0,3.16,681.0,23688.0,96.4,0.0,26740.0,22416.0,24.75
123.0,100.0,3299.999,1.72,3534.0,24696.0,348.9,0.0,33488.0,29340.0,24.75
124.0,100.0,3299.999,2.41,50.0,23976.0,3.0,0.0,33488.0,29340.0,24.75
125.0,100.0,3299.999,2.41,37.0,18576.0,5.6,0.0,33488.0,29340.0,24.75
126.0,100.0,3300.0,2.41,34.0,19296.0,1.3,0.0,33488.0,29340.0,24.75
127.0,100.0,3299.999,2.41,42.0,14328.0,6.2,0.0,33488.0,29340.0,24.75
128.0,100.0,3299.999,2.23,416.0,23472.0,87.5,0.0,85892.0,81708.0,24.75
129.0,93.8,3300.0,2.77,577.0,24984.0,130.6,0.0,116980.0,112860.0,24.75
130.0,93.8,3299.999,3.14,955.0,25056.0,122.5,0.0,33488.0,29340.0,24.75
131.0,93.8,3299.999,1.97,3008.0,19152.0,303.6,0.0,33488.0,29340.0,24.75
132.0,93.8,3300.0,2.41,41.0,19368.0,1.7,0.0,33488.0,29340.0,24.75
133.0,100.0,3300.0,2.41,40.0,19728.0,1.9,0.0,33488.0,29340.0,24.75
134.0,93.8,3300.0,2.41,38.0,15696.0,5.0,0.0,33488.0,29340.0,24.75
135.0,100.0,3300.0,2.41,40.0,16488.0,1.4,0.0,59400.0,55308.0,24.75
136.0,100.0,3299.999,2.19,739.0,24840.0,163.5,0.0,96780.0,92796.0,24.75
137.0,100.0,3300.0,3.16,511.0,23688.0,106.7,0.0,122584.0,118404.0,24.75
138.0,100.0,3300.0,2.36,3633.0,24840.0,377.7,0.0,33488.0,29340.0,24.75
139.0,100.0,3299.999,2.4,76.0,24192.0,5.8,0.0,33488.0,29340.0,24.75
140.0,100.0,3299.999,2.41,40.0,18936.0,5.6,0.0,33488.0,29340.0,24.75
141.0,100.0,3300.0,2.41,35.0,19584.0,1.6,0.0,33488.0,29340.0,24.75
142.0,100.0,3300.001,2.41,41.0,20304.0,2.0,0.0,33488.0,29340.0,24.75
143.0,100.0,3299.999,2.32,402.0,23904.0,88.5,0.0,77264.0,72996.0,24.75
144.0,100.0,3300.0,2.62,522.0,24264.0,113.9,0.0,112932.0,108636.0,24.75
145.0,100.0,3299.999,3.16,654.0,24768.0,111.7,0.0,33488.0,29340.0,24.75
146.0,100.0,3300.0,2.0,3350.0,18432.0,337.4,0.0,33488.0,29340.0,24.75
147.0,100.0,3300.0,2.41,40.0,19512.0,2.0,0.0,33488.0,29340.0,24.75
148.0,100.0,3299.999,2.41,39.0,19656.0,2.5,0.0,33488.0,29340.0,24.75
149.0,100.0,3300.0,2.41,35.0,15840.0,5.1,0.0,33488.0,29340.0,24.75
150.0,100.0,3300.0,2.41,39.0,16272.0,2.0,0.0,57940.0,53816.0,24.75
151.0,100.0,3299.999,2.14,686.0,24624.0,148.4,0.0,95104.0,90948.0,24.75
152.0,100.0,3300.0,3.15,518.0,21024.0,98.9,0.0,121816.0,117612.0,24.75
153.0,93.3,3299.999,1.94,753.0,25128.0,87.5,0.0,26740.0,22416.0,24.75
154.0,100.0,3299.999,0.98,3099.0,24624.0,308.0,0.0,33488.0,29340.0,24.75
155.0,100.0,3300.0,2.41,61.0,22680.0,6.0,0.0,33488.0,29340.0,24.75
156.0,100.0,3299.999,2.33,39.0,19512.0,4.4,0.0,33488.0,29340.0,24.75
157.0,93.8,3300.0,2.41,32.0,20016.0,1.2,0.0,33488.0,29340.0,24.75
158.0,93.8,3300.0,2.1,36.0,19872.0,1.3,0.0,33488.0,29340.0,24.75
159.0,93.8,3299.999,2.36,41.0,16416.0,4.1,0.0,63440.0,59268.0,24.75
160.0,93.8,3300.0,2.41,788.0,23760.0,180.7,0.0,107040.0,102828.0,24.75
161.0,93.8,3299.999,3.16,703.0,24336.0,108.2,0.0,26740.0,22416.0,24.75
162.0,100.0,3299.999,2.12,3442.0,24408.0,350.3,0.0,33488.0,29340.0,24.75
163.0,100.0,3300.0,2.41,40.0,24480.0,2.3,0.0,33488.0,29340.0,24.75
164.0,100.0,3299.999,2.09,36.0,24408.0,2.2,0.0,33488.0,29340.0,24.75
165.0,100.0,3300.0,2.04,35.0,19800.0,4.1,0.0,33488.0,29340.0,24.75
166.0,100.0,3300.0,2.02,38.0,19944.0,1.9,0.0,33488.0,29340.0,24.75
167.0,100.0,3299.999,2.35,38.0,20376.0,1.8,0.0,61536.0,57420.0,24.75
168.0,100.0,3300.0,2.4,812.0,24048.0,186.4,0.0,106360.0,102300.0,24.75
169.0,100.0,3300.0,3.18,689.0,24552.0,124.1,0.0,26740.0,22416.0,24.75
170.0,100.0,3299.999,2.13,3404.0,24768.0,345.4,0.0,33488.0,29340.0,24.75
171.0,100.0,3300.0,2.41,42.0,20448.0,5.3,0.0,33488.0,29340.0,24.75
172.0,100.0,3299.999,2.41,37.0,20736.0,2.0,0.0,33488.0,29340.0,24.75
173.0,100.0,3300.0,2.41,37.0,21096.0,1.5,0.0,33488.0,29340.0,24.75
174.0,100.0,3299.999,2.03,37.0,16848.0,4.4,0.0,33488.0,29340.0,24.75
175.0,100.0,3299.999,2.14,390.0,23688.0,85.8,0.0,86564.0,82500.0,24.75
176.0,100.0,3300.0,2.83,601.0,24696.0,133.0,0.0,117688.0,113388.0,24.75
177.0,100.0,3299.999,3.13,1191.0,24768.0,153.4,0.0,33488.0,29340.0,24.75
178.0,100.0,3299.999,1.88,2718.0,24048.0,258.3,0.0,33488.0,29340.0,24.75
179.0,93.8,3300.0,2.41,39.0,23760.0,1.8,0.0,33488.0,29340.0,24.75
180.0,93.8,3299.999,2.09,36.0,18144.0,5.4,0.0,33488.0,29340.0,24.75
181.0,100.0,3300.0,2.07,35.0,18864.0,1.1,0.0,33488.0,29340.0,24.75
182.0,100.0,3299.999,2.34,37.0,19800.0,1.7,0.0,33488.0,29340.0,24.75
183.0,93.8,3299.999,2.08,574.0,23976.0,113.0,0.0,90128.0,85932.0,24.75
184.0,100.0,3300.0,3.03,520.0,24840.0,122.0,0.0,119256.0,114972.0,24.75
185.0,100.0,3300.0,2.95,3635.0,25128.0,371.0,0.0,33488.0,29340.0,24.75
186.0,100.0,3299.999,1.67,344.0,20232.0,48.9,0.0,33488.0,29340.0,24.75
187.0,100.0,3299.999,2.31,38.0,14112.0,6.9,0.0,33488.0,29340.0,24.75
188.0,100.0,3299.999,2.11,40.0,14616.0,1.5,0.0,33488.0,29340.0,24.75
189.0,100.0,3300.0,2.22,40.0,12744.0,3.0,0.0,33488.0,29340.0,24.75
190.0,100.0,3300.0,2.41,44.0,13320.0,2.5,0.0,33488.0,29340.0,24.75
191.0,100.0,3299.999,2.12,537.0,23328.0,99.8,0.0,89080.0,84876.0,24.75
192.0,100.0,3299.999,2.96,576.0,23832.0,126.5,0.0,118764.0,114444.0,24.75
193.0,100.0,3299.999,3.01,3683.0,25128.0,390.9,0.0,33488.0,29340.0,24.75
194.0,100.0,3299.999,1.97,218.0,24480.0,34.1,0.0,33488.0,29340.0,24.75
195.0,100.0,3299.999,2.38,39.0,18360.0,5.6,0.0,33488.0,29340.0,24.75
196.0,100.0,3300.0,2.41,39.0,18576.0,2.7,0.0,33488.0,29340.0,24.75
197.0,100.0,3299.999,2.41,35.0,19224.0,2.1,0.0,33488.0,29340.0,24.75
198.0,100.0,3299.999,2.41,40.0,14472.0,4.6,0.0,59540.0,55308.0,24.75
199.0,93.3,3300.0,2.24,754.0,24768.0,170.6,0.0,102232.0,98076.0,24.75
200.0,93.3,3299.999,3.02,493.0,24120.0,103.1,0.0,121816.0,117612.0,24.75
201.0,100.0,3299.999,2.06,3645.0,24696.0,372.5,0.0,33488.0,29340.0,24.75
202.0,100.0,3300.0,2.36,100.0,24048.0,7.7,0.0,33488.0,29340.0,24.75
203.0,100.0,3299.999,2.38,45.0,23760.0,2.5,0.0,33488.0,29340.0,24.75
204.0,100.0,3299.999,2.41,37.0,18504.0,5.3,0.0,33488.0,29340.0,24.75
205.0,100.0,3300.0,2.41,41.0,19800.0,2.0,0.0,33488.0,29340.0,24.75
206.0,93.3,3300.017,2.42,244.0,22896.0,49.9,0.0,67664.0,63492.0,24.75
207.0,100.0,3300.0,2.44,674.0,22032.0,156.4,0.0,107560.0,103356.0,24.75
208.0,100.0,3299.999,3.17,656.0,24264.0,95.1,0.0,26740.0,22416.0,24.75
209.0,100.0,3300.0,2.09,3403.0,24480.0,339.6,0.0,33488.0,29340.0,24.75
210.0,100.0,3300.0,2.41,40.0,19224.0,5.2,0.0,33488.0,29340.0,24.75
211.0,100.0,3299.999,2.41,38.0,19296.0,2.0,0.0,33488.0,29340.0,24.75
212.0,100.0,3300.0,2.37,35.0,19656.0,1.7,0.0,33488.0,29340.0,24.75
213.0,93.8,3299.999,2.22,47.0,15912.0,5.1,0.0,33488.0,29340.0,24.75
214.0,100.0,3299.999,2.06,579.0,24120.0,112.6,0.0,90128.0,85932.0,24.75
215.0,100.0,3300.0,3.02,533.0,24696.0,126.1,0.0,119256.0,114972.0,24.75
216.0,100.0,3299.999,2.93,3711.0,25200.0,375.2,0.0,33488.0,29340.0,24.75
217.0,100.0,3299.999,1.66,336.0,23976.0,45.4,0.0,33488.0,29340.0,24.75
218.0,93.8,3300.0,2.41,34.0,23904.0,2.1,0.0,33488.0,29340.0,24.75
219.0,100.0,3300.0,2.41,37.0,18288.0,5.3,0.0,33488.0,29340.0,24.75
220.0,100.0,3299.999,2.41,36.0,18792.0,1.4,0.0,33488.0,29340.0,24.75
221.0,100.0,3299.999,2.41,35.0,19008.0,1.5,0.0,52724.0,48536.0,24.75
222.0,100.0,3300.0,2.12,683.0,20160.0,150.8,0.0,94492.0,90420.0,24.75
223.0,100.0,3299.999,3.15,504.0,24120.0,103.7,0.0,121544.0,117348.0,24.75
224.0,100.0,3299.999,2.44,3617.0,25056.0,383.6,0.0,33488.0,29340.0,24.75
225.0,100.0,3300.0,2.4,154.0,18936.0,26.3,0.0,33488.0,29340.0,24.75
226.0,100.0,3300.0,2.41,42.0,19512.0,2.5,0.0,33488.0,29340.0,24.75
227.0,100.0,3300.0,2.41,35.0,19728.0,1.8,0.0,33488.0,29340.0,24.75
228.0,100.0,3299.999,2.41,39.0,16560.0,4.1,0.0,33488.0,29340.0,24.75
229.0,93.3,3300.0,2.37,153.0,21024.0,35.9,0.0,67100.0,62964.0,24.75
230.0,100.0,3299.999,2.44,722.0,24192.0,159.5,0.0,107560.0,103356.0,24.75
231.0,100.0,3299.999,3.17,672.0,24408.0,103.5,0.0,26740.0,22416.0,24.75
232.0,100.0,3300.0,2.09,3438.0,24408.0,341.5,0.0,33488.0,29340.0,24.75
233.0,100.0,3300.0,2.41,41.0,24408.0,1.8,0.0,33488.0,29340.0,24.75
234.0,100.0,3299.999,2.41,37.0,24264.0,2.1,0.0,33488.0,29340.0,24.75
235.0,100.0,3300.0,2.41,39.0,19656.0,4.4,0.0,33488.0,29340.0,24.75
236.0,100.0,3299.999,2.16,36.0,20232.0,1.7,0.0,33488.0,29340.0,24.75
237.0,100.0,3300.0,2.08,572.0,24192.0,120.4,0.0,90128.0,85932.0,24.75
238.0,93.8,3299.999,3.04,531.0,24408.0,122.3,0.0,119256.0,114972.0,24.75
239.0,93.8,3300.0,2.94,3634.0,25200.0,378.5,0.0,33488.0,29340.0,24.75
240.0,100.0,3299.999,2.03,190.0,24264.0,27.6,0.0,33488.0,29340.0,24.75
241.0,100.0,3300.0,2.22,42.0,19584.0,5.4,0.0,33488.0,29340.0,24.75
242.0,100.0,3299.999,2.42,39.0,20304.0,2.5,0.0,33488.0,29340.0,24.75
243.0,100.0,3300.0,2.41,38.0,20232.0,2.2,0.0,33488.0,29340.0,24.75
244.0,93.3,3299.999,2.42,41.0,16200.0,4.4,0.0,59540.0,55308.0,24.75
245.0,100.0,3300.001,2.24,749.0,24264.0,175.9,0.0,102232.0,98076.0,24.75
246.0,100.0,3299.999,3.16,529.0,24120.0,95.2,0.0,121452.0,117384.0,24.75
247.0,100.0,3300.0,2.07,3701.0,16128.0,367.0,0.0,33488.0,29340.0,24.75
248.0,100.0,3300.001,2.24,127.0,18288.0,22.3,0.0,33488.0,29340.0,24.75
249.0,100.0,3299.999,2.08,30.0,19296.0,1.5,0.0,33488.0,29340.0,24.75
250.0,100.0,3299.999,2.02,32.0,17280.0,2.1,0.0,33488.0,29340.0,24.75
251.0,100.0,3300.0,2.2,29.0,17928.0,1.6,0.0,33488.0,29340.0,24.75
252.0,100.0,3299.999,2.41,30.0,18144.0,0.9,0.0,50064.0,45896.0,24.75
253.0,100.0,3299.999,2.11,675.0,23832.0,145.7,0.0,94492.0,90420.0,24.75
254.0,100.0,3299.999,3.15,486.0,24480.0,98.6,0.0,121544.0,117348.0,24.75
255.0,100.0,3300.0,2.46,3596.0,25128.0,365.3,0.0,33488.0,29340.0,24.75
256.0,93.8,3299.999,2.39,176.0,18792.0,29.5,0.0,33488.0,29340.0,24.75
257.0,100.0,3300.0,2.41,41.0,19440.0,2.3,0.0,33488.0,29340.0,24.75
258.0,100.0,3300.0,2.41,33.0,19944.0,1.5,0.0,33488.0,29340.0,24.75
259.0,100.0,3299.999,2.41,38.0,16488.0,5.9,0.0,33488.0,29340.0,24.75
260.0,100.0,3299.999,2.42,225.0,22464.0,44.7,0.0,67100.0,62964.0,24.75
261.0,100.0,3300.0,2.44,652.0,24624.0,147.2,0.0,107560.0,103356.0,24.75
262.0,93.8,3300.0,3.16,648.0,23976.0,111.4,0.0,26740.0,22416.0,24.75
263.0,100.0,3300.0,2.09,3406.0,24624.0,334.5,0.0,33488.0,29340.0,24.75
264.0,100.0,3300.0,2.41,38.0,24552.0,2.0,0.0,33488.0,29340.0,24.75
265.0,100.0,3299.999,2.41,38.0,18936.0,5.1,0.0,33488.0,29340.0,24.75
266.0,100.0,3299.999,2.41,36.0,19368.0,1.9,0.0,33488.0,29340.0,24.75
267.0,100.0,3300.0,2.29,35.0,20304.0,1.8,0.0,33488.0,29340.0,24.75
268.0,100.0,3300.0,2.03,601.0,24264.0,116.4,0.0,91416.0,87252.0,24.75
269.0,93.3,3299.999,3.12,524.0,24768.0,130.6,0.0,120144.0,116028.0,24.75
270.0,100.0,3300.0,2.79,3614.0,25200.0,378.3,0.0,33488.0,29340.0,24.75
271.0,100.0,3299.999,2.15,186.0,19728.0,29.8,0.0,33488.0,29340.0,24.75
272.0,100.0,3299.999,2.41,40.0,20520.0,1.4,0.0,33488.0,29340.0,24.75
273.0,100.0,3300.0,2.26,45.0,20880.0,2.9,0.0,33488.0,29340.0,24.75
274.0,100.0,3299.999,2.41,38.0,16488.0,5.3,0.0,33488.0,29340.0,24.75
275.0,100.0,3299.999,2.41,42.0,17352.0,1.8,0.0,59540.0,55308.0,24.75
276.0,93.8,3300.0,2.3,757.0,24192.0,176.5,0.0,103876.0,99660.0,24.75
277.0,93.8,3299.999,3.16,624.0,23544.0,104.2,0.0,121748.0,117652.0,24.75
278.0,100.0,3300.0,1.88,3588.0,24624.0,346.1,0.0,33488.0,29340.0,24.75
279.0,93.8,3300.0,2.41,102.0,23904.0,21.8,0.0,33488.0,29340.0,24.75
280.0,100.0,3299.999,2.42,32.0,18720.0,5.6,0.0,33488.0,29340.0,24.75
281.0,100.0,3300.0,2.42,29.0,19512.0,1.1,0.0,33488.0,29340.0,24.75
282.0,100.0,3300.0,2.41,33.0,20160.0,1.7,0.0,33488.0,29340.0,24.75
283.0,93.8,3299.984,2.41,277.0,23256.0,58.6,0.0,67912.0,63756.0,24.75
284.0,93.8,3300.0,2.46,615.0,24048.0,146.4,0.0,108184.0,104148.0,24.75
285.0,100.0,3300.0,3.16,666.0,24192.0,98.9,0.0,26740.0,22416.0,24.75
286.0,100.0,3299.999,2.07,3396.0,18576.0,340.9,0.0,33488.0,29340.0,24.75
287.0,100.0,3299.999,2.41,44.0,19008.0,1.6,0.0,33488.0,29340.0,24.75
288.0,100.0,3300.0,2.42,37.0,19296.0,2.0,0.0,33488.0,29340.0,24.75
289.0,100.0,3300.0,2.28,35.0,15336.0,4.0,0.0,33488.0,29340.0,24.75
290.0,100.0,3299.999,2.15,36.0,16560.0,1.7,0.0,33488.0,29340.0,24.75
291.0,93.3,3300.0,2.09,509.0,23832.0,102.4,0.0,89080.0,84876.0,24.75
292.0,100.0,3300.0,2.95,562.0,23472.0,136.8,0.0,118764.0,114444.0,24.75
293.0,100.0,3300.0,3.01,3665.0,25056.0,373.4,0.0,33488.0,29340.0,24.75
294.0,100.0,3300.0,2.02,225.0,24480.0,29.4,0.0,33488.0,29340.0,24.75
295.0,100.0,3299.999,2.11,38.0,18216.0,5.3,0.0,33488.0,29340.0,24.75
296.0,93.8,3300.0,2.07,38.0,18720.0,1.8,0.0,33488.0,29340.0,24.75
297.0,93.8,3300.0,2.41,36.0,19440.0,1.6,0.0,33488.0,29340.0,24.75
298.0,100.0,3300.01,2.42,36.0,15336.0,5.1,0.0,49536.0,37652.0,24.75
299.0,100.0,3300.0,2.09,645.0,24552.0,131.1,0.0,93196.0,89100.0,24.75
