time,CPU_Utilization,Frequency,IPC,Misses,LLC,MBL,Memory_Footprint,Virt_Memory,Res_Memory,Allocated_Cache
0.0,100.0,3299.999,1.28,0.0,0.0,0.0,0.0,167340.0,14960.0,18.0
1.0,100.0,3300.0,1.57,190.0,16128.0,47.0,0.0,32604.0,27060.0,18.0
2.0,100.0,3300.0,1.93,1033.0,17928.0,154.9,0.0,90804.0,85920.0,18.0
3.0,100.0,3299.999,3.05,883.0,18000.0,138.8,0.0,119408.0,114432.0,18.0
4.0,100.0,3299.999,2.69,4456.0,18792.0,428.8,0.0,32964.0,28168.0,18.0
5.0,100.0,3300.0,2.2,193.0,17928.0,26.2,0.0,32964.0,28168.0,18.0
6.0,100.0,3299.999,2.41,47.0,18432.0,2.4,0.0,32964.0,28168.0,18.0
7.0,100.0,3300.0,2.01,42.0,18504.0,1.8,0.0,32964.0,28168.0,18.0
8.0,100.0,3300.0,2.32,52.0,18864.0,1.8,0.0,32964.0,28168.0,18.0
9.0,100.0,3299.999,2.06,44.0,18432.0,2.3,0.0,32964.0,28168.0,18.0
10.0,100.0,3300.0,1.37,493.0,17640.0,87.2,0.0,74352.0,69444.0,18.0
11.0,100.0,3300.0,2.72,1035.0,18864.0,156.0,0.0,107560.0,102708.0,18.0
12.0,93.8,3299.999,2.74,1169.0,18432.0,148.7,0.0,26216.0,21240.0,18.0
13.0,100.0,3300.0,2.05,3799.0,18360.0,366.0,0.0,32964.0,28168.0,18.0
14.0,100.0,3300.0,2.41,48.0,18216.0,1.5,0.0,32964.0,28168.0,18.0
15.0,100.0,3300.0,2.41,46.0,17856.0,1.8,0.0,32964.0,28168.0,18.0
16.0,100.0,3300.0,2.4,60.0,12456.0,4.8,0.0,32964.0,28168.0,18.0
17.0,100.0,3299.999,2.41,49.0,13536.0,2.2,0.0,32964.0,28168.0,18.0
18.0,100.0,3300.0,1.5,498.0,17784.0,82.4,0.0,74352.0,69444.0,18.0
19.0,100.0,3300.001,2.71,981.0,18000.0,168.0,0.0,109348.0,104556.0,18.0
20.0,100.0,3300.0,3.11,1237.0,18000.0,146.0,0.0,26216.0,21240.0,18.0
21.0,100.0,3299.999,1.97,3738.0,18216.0,384.0,0.0,32964.0,28168.0,18.0
22.0,100.0,3300.0,2.4,45.0,18360.0,2.8,0.0,32964.0,28168.0,18.0
23.0,100.0,3299.999,2.41,43.0,18144.0,2.0,0.0,32964.0,28168.0,18.0
24.0,100.0,3300.0,2.41,42.0,17928.0,1.4,0.0,32964.0,28168.0,18.0
25.0,100.0,3300.0,2.42,44.0,18072.0,2.4,0.0,49012.0,43680.0,18.0
26.0,100.0,3299.999,2.16,1144.0,18144.0,183.6,0.0,93856.0,88980.0,18.0
27.0,100.0,3299.999,3.12,872.0,18432.0,121.0,0.0,120908.0,116172.0,18.0
28.0,100.0,3300.0,2.33,4373.0,18360.0,392.9,0.0,167432.0,9920.0,18.0
29.0,100.0,3300.0,1.45,270.0,18144.0,67.9,0.0,32916.0,28200.0,18.0
30.0,100.0,3300.0,2.41,63.0,17352.0,4.7,0.0,32916.0,28200.0,18.0
31.0,93.8,3299.999,2.01,33.0,18000.0,1.1,0.0,32916.0,28200.0,18.0
32.0,100.0,3300.0,2.32,36.0,17928.0,1.1,0.0,32916.0,28200.0,18.0
33.0,100.0,3300.0,2.41,34.0,17784.0,1.5,0.0,32916.0,28200.0,18.0
34.0,93.8,3299.999,2.42,38.0,17784.0,1.1,0.0,59540.0,54892.0,18.0
35.0,100.0,3300.0,2.31,1177.0,18288.0,209.0,0.0,103496.0,98980.0,18.0
36.0,100.0,3300.0,3.12,1106.0,17352.0,133.7,0.0,121452.0,116968.0,18.0
37.0,100.0,3300.0,2.21,4077.0,18072.0,394.5,0.0,33488.0,28924.0,18.0
38.0,100.0,3299.999,2.42,48.0,18576.0,2.0,0.0,33488.0,28924.0,18.0
39.0,100.0,3299.999,2.42,42.0,18144.0,1.7,0.0,33488.0,28924.0,18.0
