time,CPU_Utilization,Frequency,IPC,Misses,LLC,MBL,Memory_Footprint,Virt_Memory,Res_Memory,Allocated_Cache
0.0,100.0,3300.0,1.59,0.0,0.0,0.0,0.0,18504.0,14512.0,6.75
1.0,100.0,3300.0,1.9,698.0,4752.0,24.7,0.0,18504.0,14512.0,6.75
2.0,100.0,3300.0,1.9,736.0,4680.0,24.3,0.0,18504.0,14512.0,6.75
3.0,100.0,3299.999,1.9,716.0,4968.0,22.6,0.0,18504.0,14512.0,6.75
4.0,100.0,3299.999,1.79,657.0,4464.0,19.5,0.0,18504.0,14512.0,6.75
5.0,100.0,3300.0,1.54,567.0,4464.0,17.5,0.0,18504.0,14512.0,6.75
6.0,93.8,3300.0,1.83,694.0,4536.0,22.0,0.0,18504.0,14512.0,6.75
7.0,100.0,3300.0,1.89,694.0,4464.0,22.3,0.0,18504.0,14512.0,6.75
8.0,93.8,3299.999,1.89,717.0,4536.0,20.0,0.0,18504.0,14512.0,6.75
9.0,100.0,3300.0,1.9,721.0,4896.0,21.9,0.0,18504.0,14512.0,6.75
10.0,100.0,3299.999,1.9,722.0,4896.0,22.6,0.0,18504.0,14512.0,6.75
11.0,100.0,3300.0,1.9,719.0,4680.0,20.2,0.0,18504.0,14512.0,6.75
12.0,100.0,3299.999,1.9,716.0,4968.0,22.7,0.0,18504.0,14512.0,6.75
13.0,100.0,3299.999,1.77,717.0,4896.0,27.4,0.0,18504.0,14512.0,6.75
14.0,100.0,3299.999,1.9,695.0,4680.0,24.8,0.0,18504.0,14512.0,6.75
15.0,100.0,3299.999,1.74,681.0,4536.0,21.9,0.0,18504.0,14512.0,6.75
16.0,100.0,3300.0,1.87,713.0,4248.0,20.2,0.0,18504.0,14512.0,6.75
17.0,100.0,3299.999,1.73,658.0,4608.0,22.2,0.0,18504.0,14512.0,6.75
18.0,100.0,3300.0,1.89,714.0,4752.0,23.6,0.0,18504.0,14512.0,6.75
19.0,100.0,3299.999,1.89,709.0,4608.0,23.5,0.0,18504.0,14512.0,6.75
20.0,100.0,3300.0,1.89,701.0,4896.0,21.4,0.0,18504.0,14512.0,6.75
21.0,100.0,3299.999,1.89,704.0,4608.0,23.8,0.0,18504.0,14512.0,6.75
22.0,100.0,3300.0,1.89,699.0,4752.0,20.6,0.0,18504.0,14512.0,6.75
23.0,100.0,3299.999,1.86,701.0,4608.0,24.4,0.0,18504.0,14512.0,6.75
24.0,93.8,3300.0,1.89,718.0,4968.0,24.6,0.0,18504.0,14512.0,6.75
25.0,100.0,3299.999,1.9,724.0,4968.0,23.9,0.0,18504.0,14512.0,6.75
26.0,100.0,3300.0,1.9,722.0,4896.0,23.3,0.0,18504.0,14512.0,6.75
27.0,100.0,3300.0,1.9,722.0,4968.0,21.7,0.0,18504.0,14512.0,6.75
28.0,93.8,3299.999,1.9,713.0,4896.0,21.3,0.0,18504.0,14512.0,6.75
29.0,100.0,3300.0,1.9,715.0,4896.0,22.1,0.0,18504.0,14512.0,6.75
30.0,100.0,3300.0,1.9,723.0,5328.0,22.9,0.0,18504.0,14512.0,6.75
31.0,100.0,3300.0,1.9,719.0,5040.0,22.1,0.0,18504.0,14512.0,6.75
32.0,100.0,3300.0,1.9,714.0,5184.0,24.3,0.0,18504.0,14512.0,6.75
33.0,100.0,3299.999,1.89,679.0,5040.0,21.4,0.0,18504.0,14512.0,6.75
34.0,93.8,3299.999,1.89,718.0,4464.0,23.4,0.0,18504.0,14512.0,6.75
35.0,100.0,3299.999,1.89,702.0,5112.0,23.0,0.0,18504.0,14512.0,6.75
36.0,100.0,3300.0,1.87,709.0,4968.0,23.2,0.0,18504.0,14512.0,6.75
37.0,100.0,3300.0,1.88,693.0,4752.0,20.8,0.0,18504.0,14512.0,6.75
38.0,100.0,3300.0,1.89,704.0,4968.0,20.1,0.0,18504.0,14512.0,6.75
39.0,100.0,3299.999,1.89,711.0,4680.0,20.6,0.0,18504.0,14512.0,6.75
