time,CPU_Utilization,Frequency,IPC,Misses,LLC,MBL,Memory_Footprint,Virt_Memory,Res_Memory,Allocated_Cache
0.0,93.8,3299.999,1.62,1.0,0.0,0.0,0.0,18504.0,14548.0,2.25
1.0,93.8,3299.999,1.89,2162.0,1872.0,160.7,0.0,18504.0,14548.0,2.25
2.0,100.0,3299.999,1.89,2320.0,1584.0,167.8,0.0,18504.0,14548.0,2.25
3.0,100.0,3299.999,1.89,2302.0,2016.0,170.6,0.0,18504.0,14548.0,2.25
4.0,93.8,3300.0,1.89,2218.0,1800.0,162.2,0.0,18504.0,14548.0,2.25
5.0,100.0,3299.999,1.88,2257.0,1800.0,162.9,0.0,18504.0,14548.0,2.25
6.0,100.0,3299.999,1.88,2276.0,1800.0,162.8,0.0,18504.0,14548.0,2.25
7.0,93.8,3300.0,1.88,2226.0,1728.0,161.9,0.0,18504.0,14548.0,2.25
8.0,100.0,3299.999,1.84,2212.0,1872.0,158.4,0.0,18504.0,14548.0,2.25
9.0,100.0,3299.999,1.89,2219.0,1728.0,165.3,0.0,18504.0,14548.0,2.25
10.0,93.8,3300.0,1.88,2293.0,1800.0,165.2,0.0,18504.0,14548.0,2.25
11.0,100.0,3300.0,1.86,2207.0,1872.0,158.1,0.0,18504.0,14548.0,2.25
12.0,100.0,3299.999,1.88,2226.0,1800.0,161.6,0.0,18504.0,14548.0,2.25
13.0,100.0,3299.999,1.88,2296.0,1728.0,164.0,0.0,18504.0,14548.0,2.25
14.0,100.0,3300.0,1.88,2250.0,2016.0,169.2,0.0,18504.0,14548.0,2.25
15.0,100.0,3299.999,1.88,2213.0,1800.0,162.8,0.0,18504.0,14548.0,2.25
16.0,100.0,3299.999,1.88,2293.0,2016.0,169.7,0.0,18504.0,14548.0,2.25
17.0,100.0,3300.0,1.89,2209.0,1800.0,163.9,0.0,18504.0,14548.0,2.25
18.0,100.0,3299.999,1.88,2282.0,2016.0,165.0,0.0,18504.0,14548.0,2.25
19.0,100.0,3299.999,1.9,2311.0,2088.0,167.2,0.0,18504.0,14548.0,2.25
20.0,100.0,3299.999,1.89,2309.0,2016.0,167.6,0.0,18504.0,14548.0,2.25
21.0,100.0,3300.0,1.89,2300.0,2160.0,173.5,0.0,18504.0,14548.0,2.25
22.0,100.0,3300.0,1.89,2292.0,2016.0,163.9,0.0,18504.0,14548.0,2.25
23.0,93.8,3299.999,1.89,2303.0,2088.0,170.2,0.0,18504.0,14548.0,2.25
24.0,100.0,3300.0,1.89,2303.0,1872.0,173.3,0.0,18504.0,14548.0,2.25
25.0,100.0,3300.0,1.89,2302.0,1872.0,168.8,0.0,18504.0,14548.0,2.25
26.0,100.0,3300.0,1.76,2089.0,1944.0,148.3,0.0,18504.0,14548.0,2.25
27.0,100.0,3299.999,1.78,2111.0,2016.0,158.8,0.0,18504.0,14548.0,2.25
28.0,100.0,3300.0,1.88,2211.0,1800.0,160.9,0.0,18504.0,14548.0,2.25
29.0,93.8,3299.999,1.88,2278.0,1800.0,166.2,0.0,18504.0,14548.0,2.25
30.0,100.0,3300.0,1.88,2241.0,1944.0,168.9,0.0,18504.0,14548.0,2.25
31.0,100.0,3300.0,1.6,1866.0,2088.0,137.9,0.0,18504.0,14548.0,2.25
32.0,100.0,3300.0,1.86,2292.0,2016.0,168.1,0.0,18504.0,14548.0,2.25
33.0,100.0,3300.0,1.89,2301.0,2160.0,169.6,0.0,18504.0,14548.0,2.25
34.0,100.0,3299.999,1.89,2309.0,2088.0,164.7,0.0,18504.0,14548.0,2.25
35.0,100.0,3299.999,1.89,2309.0,2088.0,166.9,0.0,18504.0,14548.0,2.25
36.0,100.0,3299.999,1.89,2304.0,2088.0,168.4,0.0,18504.0,14548.0,2.25
37.0,100.0,3300.0,1.89,2293.0,2232.0,168.2,0.0,18504.0,14548.0,2.25
38.0,100.0,3300.0,1.89,2194.0,1872.0,158.0,0.0,18504.0,14548.0,2.25
39.0,100.0,3299.999,1.88,2298.0,1872.0,167.2,0.0,18504.0,14548.0,2.25
