time,CPU_Utilization,Frequency,IPC,Misses,LLC,MBL,Memory_Footprint,Virt_Memory,Res_Memory,Allocated_Cache
0.0,93.8,3300.0,1.68,0.0,0.0,0.0,0.0,18504.0,14552.0,13.5
1.0,100.0,3300.0,1.9,104.0,4968.0,5.8,0.0,18504.0,14552.0,13.5
2.0,100.0,3299.999,1.89,98.0,5040.0,4.0,0.0,18504.0,14552.0,13.5
3.0,100.0,3300.0,1.87,103.0,5256.0,3.9,0.0,18504.0,14552.0,13.5
4.0,100.0,3300.001,1.89,101.0,5400.0,3.6,0.0,18504.0,14552.0,13.5
5.0,100.0,3299.999,1.89,95.0,5256.0,3.2,0.0,18504.0,14552.0,13.5
6.0,100.0,3300.0,1.89,95.0,5400.0,3.4,0.0,18504.0,14552.0,13.5
7.0,100.0,3299.999,1.9,92.0,5544.0,2.6,0.0,18504.0,14552.0,13.5
8.0,100.0,3299.999,1.89,89.0,5328.0,3.0,0.0,18504.0,14552.0,13.5
9.0,100.0,3300.001,1.89,91.0,5616.0,3.0,0.0,18504.0,14552.0,13.5
10.0,100.0,3300.0,1.89,94.0,5328.0,2.5,0.0,18504.0,14552.0,13.5
11.0,100.0,3299.999,1.89,93.0,5616.0,3.3,0.0,18504.0,14552.0,13.5
12.0,100.0,3300.0,1.89,94.0,5544.0,3.3,0.0,18504.0,14552.0,13.5
13.0,100.0,3300.0,1.89,92.0,5832.0,3.4,0.0,18504.0,14552.0,13.5
14.0,100.0,3299.999,1.89,93.0,5832.0,3.6,0.0,18504.0,14552.0,13.5
15.0,93.8,3300.001,1.89,90.0,6120.0,2.5,0.0,18504.0,14552.0,13.5
16.0,100.0,3299.999,1.89,89.0,5904.0,2.9,0.0,18504.0,14552.0,13.5
17.0,100.0,3299.999,1.89,87.0,6408.0,3.1,0.0,18504.0,14552.0,13.5
18.0,100.0,3300.0,1.89,94.0,5904.0,3.7,0.0,18504.0,14552.0,13.5
19.0,93.8,3299.999,1.89,109.0,6120.0,4.0,0.0,18504.0,14552.0,13.5
20.0,100.0,3300.0,1.86,97.0,6552.0,3.4,0.0,18504.0,14552.0,13.5
21.0,100.0,3299.999,1.9,90.0,6192.0,2.6,0.0,18504.0,14552.0,13.5
22.0,100.0,3299.999,1.87,101.0,6192.0,3.4,0.0,18504.0,14552.0,13.5
23.0,100.0,3300.0,1.89,97.0,6192.0,4.1,0.0,18504.0,14552.0,13.5
24.0,100.0,3300.0,1.9,92.0,6120.0,3.2,0.0,18504.0,14552.0,13.5
25.0,93.8,3299.999,1.9,91.0,6264.0,2.5,0.0,18504.0,14552.0,13.5
26.0,93.8,3300.0,1.89,92.0,6552.0,3.3,0.0,18504.0,14552.0,13.5
27.0,100.0,3299.999,1.84,92.0,6120.0,3.6,0.0,18504.0,14552.0,13.5
28.0,100.0,3300.0,1.9,92.0,6120.0,3.2,0.0,18504.0,14552.0,13.5
29.0,100.0,3299.999,1.9,93.0,6336.0,3.9,0.0,18504.0,14552.0,13.5
30.0,93.8,3300.0,1.89,92.0,6336.0,3.4,0.0,18504.0,14552.0,13.5
31.0,100.0,3299.999,1.9,102.0,6120.0,2.8,0.0,18504.0,14552.0,13.5
32.0,100.0,3300.0,1.89,94.0,6192.0,3.4,0.0,18504.0,14552.0,13.5
33.0,100.0,3300.001,1.9,93.0,6120.0,2.3,0.0,18504.0,14552.0,13.5
34.0,100.0,3299.999,1.89,101.0,6264.0,3.4,0.0,18504.0,14552.0,13.5
35.0,100.0,3299.999,1.89,94.0,6120.0,3.5,0.0,18504.0,14552.0,13.5
36.0,100.0,3299.999,1.81,90.0,6120.0,3.2,0.0,18504.0,14552.0,13.5
37.0,100.0,3299.999,1.89,97.0,6048.0,2.6,0.0,18504.0,14552.0,13.5
38.0,93.8,3299.999,1.9,96.0,6336.0,3.4,0.0,18504.0,14552.0,13.5
39.0,93.8,3299.999,1.89,95.0,6120.0,3.3,0.0,18504.0,14552.0,13.5
