time,CPU_Utilization,Frequency,IPC,Misses,LLC,MBL,Memory_Footprint,Virt_Memory,Res_Memory,Allocated_Cache
0.0,100.0,3300.0,1.67,0.0,0.0,0.0,0.0,18504.0,14676.0,11.25
1.0,100.0,3300.0,1.54,180.0,5328.0,12.7,0.0,18504.0,14676.0,11.25
2.0,100.0,3299.999,1.87,211.0,5688.0,15.9,0.0,18504.0,14676.0,11.25
3.0,100.0,3299.999,1.89,199.0,5688.0,14.2,0.0,18504.0,14676.0,11.25
4.0,100.0,3300.0,1.89,201.0,5904.0,14.8,0.0,18504.0,14676.0,11.25
5.0,100.0,3300.0,1.89,198.0,5832.0,13.0,0.0,18504.0,14676.0,11.25
6.0,100.0,3300.0,1.89,210.0,5832.0,15.6,0.0,18504.0,14676.0,11.25
7.0,93.8,3299.999,1.89,201.0,5832.0,12.2,0.0,18504.0,14676.0,11.25
8.0,100.0,3300.0,1.89,199.0,5832.0,13.6,0.0,18504.0,14676.0,11.25
9.0,100.0,3300.0,1.87,193.0,5832.0,12.2,0.0,18504.0,14676.0,11.25
10.0,100.0,3299.999,1.89,201.0,6120.0,12.4,0.0,18504.0,14676.0,11.25
11.0,100.0,3300.0,1.89,191.0,5760.0,13.9,0.0,18504.0,14676.0,11.25
12.0,100.0,3299.999,1.89,198.0,5472.0,15.4,0.0,18504.0,14676.0,11.25
13.0,93.8,3300.0,1.9,198.0,5760.0,15.7,0.0,18504.0,14676.0,11.25
14.0,100.0,3299.999,1.9,204.0,6048.0,16.6,0.0,18504.0,14676.0,11.25
15.0,100.0,3300.0,1.9,201.0,6120.0,15.3,0.0,18504.0,14676.0,11.25
16.0,100.0,3299.999,1.75,206.0,5976.0,15.1,0.0,18504.0,14676.0,11.25
17.0,100.0,3299.999,1.53,163.0,5832.0,13.4,0.0,18504.0,14676.0,11.25
18.0,100.0,3299.999,1.89,202.0,6048.0,16.5,0.0,18504.0,14676.0,11.25
19.0,100.0,3300.0,1.89,194.0,6048.0,13.2,0.0,18504.0,14676.0,11.25
20.0,100.0,3299.999,1.89,200.0,6264.0,13.9,0.0,18504.0,14676.0,11.25
21.0,100.0,3300.0,1.89,193.0,6120.0,12.9,0.0,18504.0,14676.0,11.25
22.0,100.0,3299.999,1.89,199.0,5976.0,14.4,0.0,18504.0,14676.0,11.25
23.0,93.8,3299.999,1.9,191.0,6192.0,12.4,0.0,18504.0,14676.0,11.25
24.0,100.0,3300.0,1.89,197.0,5976.0,13.8,0.0,18504.0,14676.0,11.25
25.0,100.0,3300.0,1.85,188.0,6048.0,12.2,0.0,18504.0,14676.0,11.25
26.0,100.0,3300.0,1.89,204.0,6048.0,13.1,0.0,18504.0,14676.0,11.25
27.0,100.0,3299.999,1.9,200.0,5976.0,13.6,0.0,18504.0,14676.0,11.25
28.0,100.0,3299.999,1.9,200.0,6264.0,12.9,0.0,18504.0,14676.0,11.25
29.0,100.0,3300.0,1.9,198.0,6408.0,14.3,0.0,18504.0,14676.0,11.25
30.0,100.0,3299.999,1.9,204.0,6480.0,16.1,0.0,18504.0,14676.0,11.25
31.0,100.0,3300.0,1.9,199.0,6192.0,16.3,0.0,18504.0,14676.0,11.25
32.0,100.0,3299.999,1.9,200.0,6120.0,15.8,0.0,18504.0,14676.0,11.25
33.0,100.0,3300.0,1.9,201.0,5976.0,14.9,0.0,18504.0,14676.0,11.25
34.0,100.0,3300.0,1.9,201.0,6048.0,13.0,0.0,18504.0,14676.0,11.25
35.0,100.0,3299.999,1.9,199.0,6264.0,14.5,0.0,18504.0,14676.0,11.25
36.0,100.0,3299.999,1.89,186.0,6336.0,11.1,0.0,18504.0,14676.0,11.25
37.0,100.0,3300.001,1.88,199.0,6264.0,14.4,0.0,18504.0,14676.0,11.25
38.0,100.0,3300.0,1.9,202.0,6408.0,12.9,0.0,18504.0,14676.0,11.25
39.0,100.0,3299.999,1.88,201.0,6120.0,14.6,0.0,18504.0,14676.0,11.25
