time,CPU_Utilization,Frequency,IPC,Misses,LLC,MBL,Memory_Footprint,Virt_Memory,Res_Memory,Allocated_Cache
0.0,100.0,3300.0,1.61,0.0,0.0,0.0,0.0,18504.0,14544.0,22.5
1.0,100.0,3299.999,1.9,37.0,5832.0,1.0,0.0,18504.0,14544.0,22.5
2.0,100.0,3300.0,1.9,34.0,6192.0,0.2,0.0,18504.0,14544.0,22.5
3.0,100.0,3300.0,1.9,35.0,6624.0,0.1,0.0,18504.0,14544.0,22.5
4.0,100.0,3299.999,1.82,34.0,6624.0,0.0,0.0,18504.0,14544.0,22.5
5.0,100.0,3300.0,1.8,32.0,6840.0,0.1,0.0,18504.0,14544.0,22.5
6.0,100.0,3300.001,1.89,34.0,6192.0,0.1,0.0,18504.0,14544.0,22.5
7.0,100.0,3300.0,1.89,41.0,6624.0,0.5,0.0,18504.0,14544.0,22.5
8.0,100.0,3300.0,1.89,36.0,6336.0,0.1,0.0,18504.0,14544.0,22.5
9.0,100.0,3300.0,1.89,34.0,6696.0,0.0,0.0,18504.0,14544.0,22.5
10.0,100.0,3299.999,1.89,34.0,6552.0,0.2,0.0,18504.0,14544.0,22.5
11.0,93.8,3299.999,1.89,33.0,6696.0,0.0,0.0,18504.0,14544.0,22.5
12.0,100.0,3300.0,1.89,33.0,6624.0,0.1,0.0,18504.0,14544.0,22.5
13.0,100.0,3300.0,1.89,33.0,6768.0,0.0,0.0,18504.0,14544.0,22.5
14.0,100.0,3300.0,1.89,35.0,6696.0,0.1,0.0,18504.0,14544.0,22.5
15.0,100.0,3300.0,1.89,34.0,6696.0,0.0,0.0,18504.0,14544.0,22.5
16.0,100.0,3299.999,1.89,34.0,6768.0,0.0,0.0,18504.0,14544.0,22.5
17.0,100.0,3299.999,1.89,33.0,6480.0,0.1,0.0,18504.0,14544.0,22.5
18.0,100.0,3300.0,1.9,35.0,6768.0,0.1,0.0,18504.0,14544.0,22.5
19.0,100.0,3299.999,1.9,34.0,5904.0,0.2,0.0,18504.0,14544.0,22.5
20.0,100.0,3299.999,1.9,33.0,5976.0,0.0,0.0,18504.0,14544.0,22.5
21.0,100.0,3299.999,1.9,34.0,5904.0,0.1,0.0,18504.0,14544.0,22.5
22.0,100.0,3300.0,1.9,33.0,6264.0,0.1,0.0,18504.0,14544.0,22.5
23.0,100.0,3299.999,1.9,35.0,6192.0,0.1,0.0,18504.0,14544.0,22.5
24.0,100.0,3299.999,1.75,34.0,6336.0,0.1,0.0,18504.0,14544.0,22.5
25.0,100.0,3300.0,1.81,33.0,6696.0,0.0,0.0,18504.0,14544.0,22.5
26.0,100.0,3299.999,1.89,34.0,6840.0,0.2,0.0,18504.0,14544.0,22.5
27.0,100.0,3299.999,1.89,34.0,6768.0,0.1,0.0,18504.0,14544.0,22.5
28.0,100.0,3300.002,1.89,33.0,6624.0,0.0,0.0,18504.0,14544.0,22.5
29.0,100.0,3299.999,1.89,35.0,6912.0,0.1,0.0,18504.0,14544.0,22.5
30.0,100.0,3300.0,1.61,36.0,6984.0,0.3,0.0,18504.0,14544.0,22.5
31.0,100.0,3299.999,1.89,34.0,6768.0,0.0,0.0,18504.0,14544.0,22.5
32.0,93.8,3300.0,1.89,32.0,6696.0,0.0,0.0,18504.0,14544.0,22.5
33.0,93.8,3299.999,1.89,32.0,6984.0,0.0,0.0,18504.0,14544.0,22.5
34.0,100.0,3299.999,1.89,34.0,5976.0,0.1,0.0,18504.0,14544.0,22.5
35.0,100.0,3299.999,1.9,32.0,6408.0,0.0,0.0,18504.0,14544.0,22.5
36.0,100.0,3299.999,1.9,34.0,6264.0,0.1,0.0,18504.0,14544.0,22.5
37.0,100.0,3300.0,1.9,34.0,6480.0,0.1,0.0,18504.0,14544.0,22.5
38.0,100.0,3299.999,1.9,32.0,6408.0,0.0,0.0,18504.0,14544.0,22.5
39.0,100.0,3299.999,1.9,34.0,6768.0,0.0,0.0,18504.0,14544.0,22.5
