time,CPU_Utilization,Frequency,IPC,Misses,LLC,MBL,Memory_Footprint,Virt_Memory,Res_Memory,Allocated_Cache
0.0,100.0,3300.0,1.61,0.0,0.0,0.1,0.0,18504.0,14604.0,4.5
1.0,93.8,3299.999,1.89,1275.0,3672.0,85.7,0.0,18504.0,14604.0,4.5
2.0,93.3,3299.999,1.89,1352.0,3816.0,98.8,0.0,18504.0,14604.0,4.5
3.0,100.0,3299.999,1.89,1330.0,3744.0,97.7,0.0,18504.0,14604.0,4.5
4.0,100.0,3299.999,1.89,1276.0,3744.0,89.4,0.0,18504.0,14604.0,4.5
5.0,100.0,3300.0,1.89,1312.0,3744.0,91.3,0.0,18504.0,14604.0,4.5
6.0,93.8,3299.999,1.76,1194.0,3816.0,91.3,0.0,18504.0,14604.0,4.5
7.0,93.8,3299.999,1.88,1297.0,3960.0,97.0,0.0,18504.0,14604.0,4.5
8.0,100.0,3299.999,1.86,1302.0,4032.0,95.1,0.0,18504.0,14604.0,4.5
9.0,87.5,3299.999,1.88,1286.0,3672.0,93.3,0.0,18504.0,14604.0,4.5
10.0,100.0,3299.999,1.89,1288.0,3960.0,93.2,0.0,18504.0,14604.0,4.5
11.0,100.0,3300.0,1.89,1313.0,3888.0,96.3,0.0,18504.0,14604.0,4.5
12.0,100.0,3299.999,1.89,1285.0,3888.0,88.5,0.0,18504.0,14604.0,4.5
13.0,93.3,3299.999,1.89,1320.0,3816.0,94.8,0.0,18504.0,14604.0,4.5
14.0,100.0,3300.0,1.89,1290.0,3888.0,88.3,0.0,18504.0,14604.0,4.5
15.0,100.0,3299.999,1.87,1276.0,3960.0,87.0,0.0,18504.0,14604.0,4.5
16.0,93.8,3299.999,1.85,1324.0,3816.0,93.4,0.0,18504.0,14604.0,4.5
17.0,100.0,3300.0,1.89,1329.0,3744.0,96.8,0.0,18504.0,14604.0,4.5
18.0,93.3,3299.999,1.89,1334.0,3960.0,97.4,0.0,18504.0,14604.0,4.5
19.0,100.0,3300.0,1.88,1335.0,3744.0,93.2,0.0,18504.0,14604.0,4.5
20.0,100.0,3299.999,1.89,1326.0,3816.0,93.3,0.0,18504.0,14604.0,4.5
21.0,100.0,3300.0,1.89,1326.0,3816.0,95.5,0.0,18504.0,14604.0,4.5
22.0,100.0,3299.999,1.89,1328.0,3888.0,94.5,0.0,18504.0,14604.0,4.5
23.0,100.0,3299.999,1.89,1335.0,3816.0,96.1,0.0,18504.0,14604.0,4.5
24.0,100.0,3300.0,1.9,1323.0,3672.0,94.3,0.0,18504.0,14604.0,4.5
25.0,100.0,3299.999,1.89,1263.0,3816.0,90.6,0.0,18504.0,14604.0,4.5
26.0,100.0,3300.0,1.88,1308.0,3888.0,95.3,0.0,18504.0,14604.0,4.5
27.0,100.0,3299.999,1.85,1267.0,3888.0,92.7,0.0,18504.0,14604.0,4.5
28.0,100.0,3299.999,1.89,1323.0,3672.0,93.2,0.0,18504.0,14604.0,4.5
29.0,100.0,3299.999,1.89,1286.0,3888.0,93.0,0.0,18504.0,14604.0,4.5
30.0,100.0,3300.0,1.89,1335.0,3888.0,95.7,0.0,18504.0,14604.0,4.5
31.0,100.0,3300.0,1.89,1289.0,3960.0,94.2,0.0,18504.0,14604.0,4.5
32.0,100.0,3299.999,1.89,1316.0,3816.0,94.6,0.0,18504.0,14604.0,4.5
33.0,100.0,3299.999,1.89,1291.0,4104.0,94.1,0.0,18504.0,14604.0,4.5
34.0,100.0,3300.0,1.89,1298.0,4032.0,92.9,0.0,18504.0,14604.0,4.5
35.0,100.0,3299.999,1.89,1307.0,4032.0,91.4,0.0,18504.0,14604.0,4.5
36.0,100.0,3300.0,1.89,1292.0,3960.0,92.8,0.0,18504.0,14604.0,4.5
37.0,100.0,3300.0,1.89,1313.0,4032.0,96.6,0.0,18504.0,14604.0,4.5
38.0,100.0,3300.0,1.89,1275.0,3960.0,92.7,0.0,18504.0,14604.0,4.5
39.0,100.0,3300.0,1.89,1322.0,3888.0,96.5,0.0,18504.0,14604.0,4.5
