time,CPU_Utilization,Frequency,IPC,Misses,LLC,MBL,Memory_Footprint,Virt_Memory,Res_Memory,Allocated_Cache
0.0,93.8,3299.999,1.67,0.0,0.0,0.0,0.0,18504.0,14604.0,18.0
1.0,100.0,3299.999,1.9,48.0,6408.0,1.6,0.0,18504.0,14604.0,18.0
2.0,100.0,3300.0,1.9,39.0,6552.0,0.2,0.0,18504.0,14604.0,18.0
3.0,100.0,3299.999,1.9,37.0,6696.0,0.2,0.0,18504.0,14604.0,18.0
4.0,100.0,3300.0,1.54,36.0,6120.0,0.0,0.0,18504.0,14604.0,18.0
5.0,100.0,3300.0,1.86,36.0,6336.0,0.2,0.0,18504.0,14604.0,18.0
6.0,100.0,3299.999,1.89,38.0,6192.0,0.3,0.0,18504.0,14604.0,18.0
7.0,100.0,3300.0,1.89,36.0,6552.0,0.0,0.0,18504.0,14604.0,18.0
8.0,100.0,3299.999,1.89,35.0,6480.0,0.1,0.0,18504.0,14604.0,18.0
9.0,100.0,3299.999,1.89,35.0,6480.0,0.0,0.0,18504.0,14604.0,18.0
10.0,100.0,3300.0,1.89,34.0,6264.0,0.2,0.0,18504.0,14604.0,18.0
11.0,100.0,3300.0,1.89,33.0,6408.0,0.1,0.0,18504.0,14604.0,18.0
12.0,100.0,3300.0,1.89,36.0,6336.0,0.0,0.0,18504.0,14604.0,18.0
13.0,100.0,3299.999,1.89,36.0,6984.0,0.2,0.0,18504.0,14604.0,18.0
14.0,93.8,3300.0,1.9,37.0,6768.0,0.2,0.0,18504.0,14604.0,18.0
15.0,100.0,3299.999,1.9,34.0,6768.0,0.1,0.0,18504.0,14604.0,18.0
16.0,100.0,3300.0,1.9,34.0,6912.0,0.0,0.0,18504.0,14604.0,18.0
17.0,100.0,3300.0,1.9,35.0,6912.0,0.1,0.0,18504.0,14604.0,18.0
18.0,100.0,3299.999,1.82,35.0,7056.0,0.3,0.0,18504.0,14604.0,18.0
19.0,100.0,3299.999,1.76,32.0,6264.0,0.1,0.0,18504.0,14604.0,18.0
20.0,100.0,3300.0,1.89,34.0,6480.0,0.1,0.0,18504.0,14604.0,18.0
21.0,100.0,3300.001,1.9,35.0,6624.0,0.0,0.0,18504.0,14604.0,18.0
22.0,100.0,3299.999,1.89,36.0,6768.0,0.1,0.0,18504.0,14604.0,18.0
23.0,100.0,3300.0,1.57,34.0,6480.0,0.1,0.0,18504.0,14604.0,18.0
24.0,100.0,3299.999,1.87,36.0,6480.0,0.0,0.0,18504.0,14604.0,18.0
25.0,100.0,3300.0,1.89,34.0,6336.0,0.2,0.0,18504.0,14604.0,18.0
26.0,100.0,3300.0,1.89,36.0,7128.0,0.1,0.0,18504.0,14604.0,18.0
27.0,100.0,3299.999,1.9,39.0,6696.0,0.2,0.0,18504.0,14604.0,18.0
28.0,100.0,3300.0,1.9,37.0,6192.0,0.1,0.0,18504.0,14604.0,18.0
29.0,100.0,3299.999,1.88,43.0,6480.0,0.1,0.0,18504.0,14604.0,18.0
30.0,100.0,3299.999,1.9,44.0,6480.0,0.1,0.0,18504.0,14604.0,18.0
31.0,100.0,3300.0,1.9,46.0,6552.0,0.4,0.0,18504.0,14604.0,18.0
32.0,100.0,3299.999,1.9,41.0,6480.0,0.1,0.0,18504.0,14604.0,18.0
33.0,100.0,3300.0,1.9,37.0,6912.0,0.0,0.0,18504.0,14604.0,18.0
34.0,100.0,3299.999,1.9,37.0,6624.0,0.0,0.0,18504.0,14604.0,18.0
35.0,93.8,3300.0,1.9,56.0,6696.0,0.1,0.0,18504.0,14604.0,18.0
36.0,100.0,3300.0,1.9,41.0,6696.0,0.2,0.0,18504.0,14604.0,18.0
37.0,100.0,3300.0,1.89,35.0,6480.0,0.0,0.0,18504.0,14604.0,18.0
38.0,100.0,3299.999,1.9,37.0,6408.0,0.1,0.0,18504.0,14604.0,18.0
39.0,100.0,3300.0,1.89,38.0,6336.0,0.1,0.0,18504.0,14604.0,18.0
