time,CPU_Utilization,Frequency,IPC,Misses,LLC,MBL,Memory_Footprint,Virt_Memory,Res_Memory,Allocated_Cache
0.0,100.0,3299.999,1.62,0.0,0.0,0.0,0.0,18504.0,14604.0,9.0
1.0,100.0,3300.001,1.9,401.0,5256.0,30.1,0.0,18504.0,14604.0,9.0
2.0,100.0,3299.999,1.9,411.0,5400.0,25.9,0.0,18504.0,14604.0,9.0
3.0,100.0,3300.0,1.9,399.0,5760.0,24.8,0.0,18504.0,14604.0,9.0
4.0,100.0,3299.999,1.89,376.0,6048.0,25.0,0.0,18504.0,14604.0,9.0
5.0,100.0,3300.0,1.89,400.0,5976.0,24.8,0.0,18504.0,14604.0,9.0
6.0,100.0,3299.999,1.89,396.0,6048.0,25.8,0.0,18504.0,14604.0,9.0
7.0,100.0,3300.0,1.89,403.0,5832.0,26.6,0.0,18504.0,14604.0,9.0
8.0,100.0,3299.999,1.89,390.0,6192.0,25.9,0.0,18504.0,14604.0,9.0
9.0,100.0,3300.002,1.89,398.0,5688.0,27.6,0.0,18504.0,14604.0,9.0
10.0,100.0,3299.999,1.89,386.0,6264.0,29.0,0.0,18504.0,14604.0,9.0
11.0,100.0,3299.999,1.89,394.0,6120.0,28.2,0.0,18504.0,14604.0,9.0
12.0,100.0,3299.999,1.89,390.0,6264.0,25.0,0.0,18504.0,14604.0,9.0
13.0,100.0,3300.0,1.87,390.0,6048.0,24.5,0.0,18504.0,14604.0,9.0
14.0,100.0,3299.999,1.84,394.0,6264.0,23.9,0.0,18504.0,14604.0,9.0
15.0,100.0,3300.001,1.89,400.0,6264.0,24.8,0.0,18504.0,14604.0,9.0
16.0,100.0,3299.999,1.89,390.0,6408.0,27.3,0.0,18504.0,14604.0,9.0
17.0,100.0,3299.999,1.89,392.0,6264.0,23.6,0.0,18504.0,14604.0,9.0
18.0,100.0,3300.0,1.89,380.0,6336.0,23.8,0.0,18504.0,14604.0,9.0
19.0,100.0,3299.999,1.89,396.0,6408.0,24.0,0.0,18504.0,14604.0,9.0
20.0,100.0,3300.0,1.85,374.0,6552.0,23.8,0.0,18504.0,14604.0,9.0
21.0,100.0,3299.999,1.87,398.0,6480.0,26.7,0.0,18504.0,14604.0,9.0
22.0,100.0,3299.999,1.9,398.0,6336.0,27.4,0.0,18504.0,14604.0,9.0
23.0,100.0,3300.0,1.77,408.0,6264.0,29.1,0.0,18504.0,14604.0,9.0
24.0,100.0,3300.002,1.77,360.0,5904.0,26.7,0.0,18504.0,14604.0,9.0
25.0,100.0,3299.999,1.89,392.0,6192.0,26.9,0.0,18504.0,14604.0,9.0
26.0,100.0,3299.999,1.89,395.0,5904.0,26.6,0.0,18504.0,14604.0,9.0
27.0,100.0,3299.999,1.89,393.0,6120.0,27.3,0.0,18504.0,14604.0,9.0
28.0,100.0,3300.0,1.87,394.0,6120.0,26.0,0.0,18504.0,14604.0,9.0
29.0,100.0,3299.999,1.87,382.0,6264.0,27.2,0.0,18504.0,14604.0,9.0
30.0,100.0,3300.001,1.86,390.0,6048.0,25.1,0.0,18504.0,14604.0,9.0
31.0,100.0,3299.999,1.88,406.0,6480.0,27.6,0.0,18504.0,14604.0,9.0
32.0,100.0,3299.999,1.89,403.0,6408.0,27.6,0.0,18504.0,14604.0,9.0
33.0,100.0,3300.0,1.89,390.0,6336.0,25.3,0.0,18504.0,14604.0,9.0
34.0,100.0,3299.999,1.89,395.0,6336.0,24.1,0.0,18504.0,14604.0,9.0
35.0,100.0,3299.999,1.89,385.0,6552.0,23.9,0.0,18504.0,14604.0,9.0
36.0,100.0,3300.001,1.89,398.0,6120.0,24.7,0.0,18504.0,14604.0,9.0
37.0,100.0,3299.999,1.89,382.0,6408.0,22.9,0.0,18504.0,14604.0,9.0
38.0,100.0,3299.999,1.89,399.0,6768.0,26.6,0.0,18504.0,14604.0,9.0
39.0,100.0,3299.999,1.9,391.0,6768.0,24.5,0.0,18504.0,14604.0,9.0
