time,CPU_Utilization,Frequency,IPC,Misses,LLC,MBL,Memory_Footprint,Virt_Memory,Res_Memory,Allocated_Cache
0.0,100.0,3300.0,1.63,0.0,0.0,0.0,0.0,18504.0,14552.0,15.75
1.0,100.0,3300.0,1.89,61.0,6696.0,5.3,0.0,18504.0,14552.0,15.75
2.0,100.0,3299.999,1.83,47.0,6624.0,2.5,0.0,18504.0,14552.0,15.75
3.0,100.0,3299.999,1.55,58.0,6624.0,4.9,0.0,18504.0,14552.0,15.75
4.0,100.0,3300.0,1.87,50.0,6696.0,2.7,0.0,18504.0,14552.0,15.75
5.0,93.8,3300.0,1.89,48.0,6552.0,2.6,0.0,18504.0,14552.0,15.75
6.0,100.0,3299.999,1.89,51.0,6696.0,3.3,0.0,18504.0,14552.0,15.75
7.0,100.0,3299.999,1.89,48.0,6624.0,3.0,0.0,18504.0,14552.0,15.75
8.0,100.0,3300.0,1.89,46.0,6336.0,2.9,0.0,18504.0,14552.0,15.75
9.0,100.0,3300.0,1.89,45.0,6624.0,2.8,0.0,18504.0,14552.0,15.75
10.0,100.0,3300.0,1.89,48.0,6336.0,2.7,0.0,18504.0,14552.0,15.75
11.0,100.0,3299.999,1.9,47.0,7056.0,3.1,0.0,18504.0,14552.0,15.75
12.0,100.0,3300.0,1.9,47.0,7128.0,2.9,0.0,18504.0,14552.0,15.75
13.0,100.0,3299.999,1.9,48.0,7128.0,3.1,0.0,18504.0,14552.0,15.75
14.0,100.0,3300.0,1.9,50.0,7200.0,3.3,0.0,18504.0,14552.0,15.75
15.0,100.0,3300.0,1.9,46.0,7272.0,2.5,0.0,18504.0,14552.0,15.75
16.0,100.0,3300.0,1.9,45.0,7200.0,3.0,0.0,18504.0,14552.0,15.75
17.0,100.0,3300.0,1.9,45.0,7128.0,2.6,0.0,18504.0,14552.0,15.75
18.0,100.0,3299.999,1.9,48.0,7056.0,2.7,0.0,18504.0,14552.0,15.75
19.0,100.0,3299.999,1.9,67.0,6768.0,8.8,0.0,18504.0,14552.0,15.75
20.0,100.0,3299.999,1.9,51.0,6912.0,3.1,0.0,18504.0,14552.0,15.75
21.0,100.0,3300.0,1.9,48.0,6984.0,2.2,0.0,18504.0,14552.0,15.75
22.0,100.0,3299.999,1.9,44.0,6768.0,2.9,0.0,18504.0,14552.0,15.75
23.0,100.0,3300.002,1.89,46.0,6336.0,2.4,0.0,18504.0,14552.0,15.75
24.0,100.0,3299.999,1.89,47.0,6624.0,2.9,0.0,18504.0,14552.0,15.75
25.0,100.0,3300.0,1.89,46.0,6336.0,2.8,0.0,18504.0,14552.0,15.75
26.0,100.0,3299.999,1.89,47.0,6768.0,3.2,0.0,18504.0,14552.0,15.75
27.0,100.0,3300.001,1.89,46.0,6408.0,3.1,0.0,18504.0,14552.0,15.75
28.0,100.0,3299.999,1.89,46.0,7200.0,3.2,0.0,18504.0,14552.0,15.75
29.0,100.0,3299.999,1.89,48.0,6624.0,2.9,0.0,18504.0,14552.0,15.75
30.0,100.0,3300.0,1.89,49.0,7272.0,3.2,0.0,18504.0,14552.0,15.75
31.0,100.0,3300.0,1.89,48.0,6624.0,2.9,0.0,18504.0,14552.0,15.75
32.0,100.0,3300.003,1.89,47.0,7128.0,2.9,0.0,18504.0,14552.0,15.75
33.0,100.0,3299.999,1.89,48.0,6912.0,3.4,0.0,18504.0,14552.0,15.75
34.0,100.0,3299.999,1.89,46.0,7056.0,2.4,0.0,18504.0,14552.0,15.75
35.0,100.0,3300.0,1.89,45.0,6912.0,2.6,0.0,18504.0,14552.0,15.75
36.0,100.0,3299.999,1.89,45.0,7056.0,2.8,0.0,18504.0,14552.0,15.75
37.0,100.0,3300.0,1.89,45.0,7128.0,2.6,0.0,18504.0,14552.0,15.75
38.0,100.0,3300.0,1.89,47.0,7344.0,2.5,0.0,18504.0,14552.0,15.75
39.0,100.0,3300.0,1.89,47.0,7128.0,2.9,0.0,18504.0,14552.0,15.75
