time,CPU_Utilization,Frequency,IPC,Misses,LLC,MBL,Memory_Footprint,Virt_Memory,Res_Memory,Allocated_Cache
0.0,100.0,3299.999,1.64,0.0,0.0,0.0,0.0,18504.0,14600.0,20.25
1.0,100.0,3300.0,1.82,43.0,6624.0,1.1,0.0,18504.0,14600.0,20.25
2.0,100.0,3299.999,1.7,35.0,6480.0,0.3,0.0,18504.0,14600.0,20.25
3.0,100.0,3300.0,1.9,32.0,6192.0,0.1,0.0,18504.0,14600.0,20.25
4.0,100.0,3300.0,1.9,30.0,6480.0,0.1,0.0,18504.0,14600.0,20.25
5.0,100.0,3300.0,1.55,30.0,6048.0,0.1,0.0,18504.0,14600.0,20.25
6.0,100.0,3299.999,1.86,33.0,6768.0,0.5,0.0,18504.0,14600.0,20.25
7.0,100.0,3300.001,1.9,29.0,6840.0,0.1,0.0,18504.0,14600.0,20.25
8.0,100.0,3300.0,1.9,29.0,6696.0,0.1,0.0,18504.0,14600.0,20.25
9.0,100.0,3300.0,1.9,28.0,6624.0,0.1,0.0,18504.0,14600.0,20.25
10.0,100.0,3299.999,1.9,29.0,6552.0,0.2,0.0,18504.0,14600.0,20.25
11.0,100.0,3299.999,1.9,28.0,6480.0,0.2,0.0,18504.0,14600.0,20.25
12.0,100.0,3300.0,1.9,30.0,6480.0,0.1,0.0,18504.0,14600.0,20.25
13.0,100.0,3300.0,1.9,29.0,6840.0,0.2,0.0,18504.0,14600.0,20.25
14.0,100.0,3299.999,1.9,31.0,6264.0,0.3,0.0,18504.0,14600.0,20.25
15.0,100.0,3299.999,1.9,30.0,6768.0,0.1,0.0,18504.0,14600.0,20.25
16.0,100.0,3300.0,1.55,30.0,6768.0,0.5,0.0,18504.0,14600.0,20.25
17.0,100.0,3300.0,1.84,30.0,6912.0,0.4,0.0,18504.0,14600.0,20.25
18.0,100.0,3300.001,1.89,28.0,6264.0,0.2,0.0,18504.0,14600.0,20.25
19.0,100.0,3300.0,1.89,28.0,6264.0,0.1,0.0,18504.0,14600.0,20.25
20.0,100.0,3300.0,1.89,28.0,6192.0,0.1,0.0,18504.0,14600.0,20.25
21.0,100.0,3300.002,1.82,28.0,6840.0,0.3,0.0,18504.0,14600.0,20.25
22.0,100.0,3299.999,1.89,30.0,6552.0,0.3,0.0,18504.0,14600.0,20.25
23.0,93.8,3300.0,1.89,30.0,6552.0,0.2,0.0,18504.0,14600.0,20.25
24.0,100.0,3299.999,1.9,30.0,6984.0,0.1,0.0,18504.0,14600.0,20.25
25.0,100.0,3299.999,1.9,31.0,6984.0,0.1,0.0,18504.0,14600.0,20.25
26.0,100.0,3300.0,1.9,29.0,7056.0,0.2,0.0,18504.0,14600.0,20.25
27.0,93.8,3299.999,1.9,29.0,6840.0,0.1,0.0,18504.0,14600.0,20.25
28.0,100.0,3299.999,1.82,29.0,6768.0,0.4,0.0,18504.0,14600.0,20.25
29.0,100.0,3299.999,1.9,29.0,6696.0,0.1,0.0,18504.0,14600.0,20.25
30.0,100.0,3299.999,1.9,31.0,7272.0,0.5,0.0,18504.0,14600.0,20.25
31.0,100.0,3300.002,1.56,31.0,7128.0,0.4,0.0,18504.0,14600.0,20.25
32.0,100.0,3299.999,1.86,30.0,7344.0,0.5,0.0,18504.0,14600.0,20.25
33.0,100.0,3300.0,1.9,30.0,6552.0,0.3,0.0,18504.0,14600.0,20.25
34.0,100.0,3299.999,1.89,30.0,7128.0,0.1,0.0,18504.0,14600.0,20.25
35.0,100.0,3300.0,1.89,29.0,6768.0,0.1,0.0,18504.0,14600.0,20.25
36.0,100.0,3299.999,1.89,32.0,6624.0,0.2,0.0,18504.0,14600.0,20.25
37.0,100.0,3300.0,1.89,28.0,6768.0,0.1,0.0,18504.0,14600.0,20.25
38.0,100.0,3299.999,1.89,31.0,6264.0,0.1,0.0,18504.0,14600.0,20.25
39.0,100.0,3300.0,1.89,29.0,6768.0,0.2,0.0,18504.0,14600.0,20.25
