time,CPU_Utilization,Frequency,IPC,Misses,LLC,MBL,Memory_Footprint,Virt_Memory,Res_Memory,Allocated_Cache
0.0,100.0,3299.999,2.44,0.0,0.0,0.0,0.0,48320.0,46840.0,13.5
1.0,100.0,3299.999,1.73,21804.0,13896.0,3730.1,0.3,849312.0,848176.0,13.5
2.0,100.0,3300.0,1.57,72413.0,13752.0,6445.5,0.3,849312.0,848176.0,13.5
3.0,100.0,3299.999,1.49,68845.0,13896.0,6112.1,0.3,849312.0,848176.0,13.5
4.0,100.0,3299.999,1.53,68846.0,13824.0,6114.4,0.3,849312.0,848176.0,13.5
5.0,100.0,3300.0,1.48,67644.0,13752.0,5980.1,0.3,849312.0,848176.0,13.5
6.0,100.0,3299.999,1.52,69822.0,13752.0,6159.5,0.3,849312.0,848176.0,13.5
7.0,100.0,3300.0,1.53,70954.0,13896.0,6314.6,0.3,849312.0,848176.0,13.5
8.0,100.0,3299.999,1.51,68883.0,13824.0,6105.1,0.3,849312.0,848176.0,13.5
9.0,100.0,3300.0,1.56,70415.0,13824.0,6277.7,0.3,849312.0,848176.0,13.5
10.0,100.0,3300.0,1.45,66235.0,13824.0,5883.9,0.3,849312.0,848176.0,13.5
11.0,100.0,3300.0,1.55,71058.0,13896.0,6324.0,0.3,849312.0,848176.0,13.5
12.0,100.0,3299.999,1.47,67953.0,13896.0,6022.0,0.3,849312.0,848176.0,13.5
13.0,100.0,3299.999,1.53,68364.0,13536.0,6074.7,0.3,849312.0,848176.0,13.5
14.0,100.0,3299.999,1.48,67136.0,13752.0,5948.3,0.3,849312.0,848176.0,13.5
15.0,100.0,3300.0,1.47,67193.0,13608.0,5916.6,0.3,849884.0,848436.0,13.5
16.0,100.0,3299.999,1.54,70777.0,13608.0,6277.0,0.3,849312.0,848176.0,13.5
17.0,100.0,3300.0,1.5,68754.0,13896.0,6108.8,0.3,849312.0,848176.0,13.5
18.0,100.0,3299.999,1.5,68207.0,13824.0,6045.3,0.3,849312.0,848176.0,13.5
19.0,93.8,3300.0,1.52,67962.0,13536.0,6059.1,0.3,849312.0,848176.0,13.5
20.0,100.0,3300.0,1.58,72103.0,13752.0,6407.0,0.3,849312.0,848176.0,13.5
21.0,93.8,3299.999,1.5,68969.0,13824.0,6126.8,0.3,849312.0,848176.0,13.5
22.0,93.3,3299.999,1.49,67976.0,13824.0,6020.9,0.3,849312.0,848176.0,13.5
23.0,100.0,3300.0,1.53,68035.0,13464.0,6066.9,0.3,849312.0,848176.0,13.5
24.0,100.0,3300.0,1.46,66684.0,13896.0,5886.8,0.3,849312.0,848176.0,13.5
25.0,93.8,3299.999,1.5,68731.0,13680.0,6059.6,0.3,849312.0,848176.0,13.5
26.0,93.8,3300.0,1.54,71198.0,13824.0,6334.8,0.3,849312.0,848176.0,13.5
27.0,100.0,3299.999,1.48,67510.0,13896.0,5982.0,0.3,849312.0,848176.0,13.5
28.0,100.0,3300.0,1.52,68094.0,13752.0,6076.7,0.3,849312.0,848176.0,13.5
29.0,100.0,3300.0,1.54,69561.0,13824.0,6191.4,0.3,849312.0,848176.0,13.5
30.0,100.0,3300.001,1.56,71358.0,13824.0,6368.3,0.3,849884.0,848176.0,13.5
31.0,100.0,3299.999,1.47,67880.0,13824.0,6026.4,0.3,849312.0,848176.0,13.5
32.0,100.0,3299.999,1.51,68037.0,13824.0,6044.2,0.3,849312.0,848176.0,13.5
33.0,100.0,3299.999,1.5,67370.0,13968.0,5988.2,0.3,849312.0,848176.0,13.5
34.0,100.0,3299.999,1.46,66587.0,13752.0,5882.6,0.3,849312.0,848176.0,13.5
35.0,100.0,3300.0,1.53,70222.0,13752.0,6209.2,0.3,849312.0,848176.0,13.5
36.0,100.0,3299.999,1.52,69852.0,13824.0,6207.0,0.3,849312.0,848176.0,13.5
37.0,100.0,3299.999,1.48,67866.0,13896.0,5998.1,0.3,849312.0,848176.0,13.5
38.0,100.0,3300.0,1.51,67509.0,13824.0,6021.6,0.3,849312.0,848176.0,13.5
39.0,93.8,3299.999,1.5,67278.0,13536.0,5986.1,0.3,849312.0,848176.0,13.5
