time,CPU_Utilization,Frequency,IPC,Misses,LLC,MBL,Memory_Footprint,Virt_Memory,Res_Memory,Allocated_Cache
0.0,100.0,3299.999,2.48,0.0,0.0,0.0,0.0,48488.0,47080.0,18.0
1.0,100.0,3300.0,1.77,22766.0,18576.0,3804.6,0.3,849312.0,848152.0,18.0
2.0,100.0,3299.999,1.56,71197.0,18504.0,6375.9,0.3,849312.0,848152.0,18.0
3.0,100.0,3299.999,1.49,67984.0,18504.0,6045.3,0.3,849312.0,848152.0,18.0
4.0,100.0,3300.0,1.53,68093.0,18504.0,6086.9,0.3,849312.0,848152.0,18.0
5.0,100.0,3300.0,1.46,66349.0,18288.0,5872.1,0.3,849312.0,848152.0,18.0
6.0,100.0,3299.999,1.58,73161.0,18504.0,6514.7,0.3,849312.0,848152.0,18.0
7.0,100.0,3300.0,1.48,67722.0,18504.0,6018.2,0.3,849312.0,848152.0,18.0
8.0,100.0,3300.0,1.54,68528.0,18144.0,6126.3,0.3,849312.0,848152.0,18.0
9.0,100.0,3299.999,1.59,72729.0,18144.0,6493.0,0.3,849312.0,848152.0,18.0
10.0,100.0,3299.999,1.49,68277.0,18432.0,6098.1,0.3,849312.0,848152.0,18.0
11.0,93.3,3300.0,1.51,67636.0,18504.0,6011.4,0.3,849312.0,848152.0,18.0
12.0,100.0,3299.999,1.51,67085.0,18504.0,6010.5,0.3,849312.0,848152.0,18.0
13.0,100.0,3299.999,1.46,66217.0,18504.0,5856.3,0.3,849312.0,848152.0,18.0
14.0,100.0,3300.0,1.55,70586.0,18432.0,6271.5,0.3,849312.0,848152.0,18.0
15.0,100.0,3299.999,1.51,68715.0,18504.0,6139.3,0.3,849312.0,848152.0,18.0
16.0,100.0,3300.0,1.5,67668.0,18432.0,6017.6,0.3,849312.0,848152.0,18.0
17.0,100.0,3300.0,1.53,67743.0,18432.0,6055.2,0.3,849312.0,848152.0,18.0
18.0,93.8,3299.999,1.56,70781.0,18144.0,6324.5,0.3,849312.0,848152.0,18.0
19.0,93.3,3300.0,1.51,68915.0,18432.0,6158.7,0.3,849312.0,848152.0,18.0
20.0,93.8,3299.999,1.41,63493.0,18360.0,5677.9,0.3,849312.0,848152.0,18.0
21.0,100.0,3300.0,1.46,66954.0,18504.0,5964.4,0.3,849312.0,848152.0,18.0
22.0,100.0,3300.0,1.5,67592.0,18504.0,6003.8,0.3,849312.0,848152.0,18.0
23.0,100.0,3299.999,1.51,67339.0,18504.0,6002.9,0.3,849312.0,848152.0,18.0
24.0,100.0,3300.0,1.46,66038.0,18432.0,5849.0,0.3,849312.0,848152.0,18.0
25.0,100.0,3300.0,1.53,69472.0,18360.0,6168.4,0.3,849312.0,848152.0,18.0
26.0,100.0,3299.999,1.52,69487.0,18504.0,6208.6,0.3,849312.0,848152.0,18.0
27.0,100.0,3300.0,1.48,67358.0,18432.0,5981.5,0.3,849312.0,848152.0,18.0
28.0,93.8,3299.999,1.54,67780.0,18504.0,6061.2,0.3,849312.0,848152.0,18.0
29.0,100.0,3300.0,1.55,70332.0,18288.0,6272.4,0.3,849600.0,848152.0,18.0
30.0,100.0,3300.0,1.53,69522.0,18360.0,6219.6,0.3,849312.0,848152.0,18.0
31.0,100.0,3300.0,1.48,67389.0,18504.0,5996.5,0.3,849312.0,848152.0,18.0
32.0,100.0,3299.999,1.54,67745.0,18432.0,6053.5,0.3,849312.0,848152.0,18.0
33.0,100.0,3299.999,1.47,66222.0,18432.0,5889.6,0.3,849884.0,848412.0,18.0
34.0,93.3,3300.0,1.48,66775.0,18360.0,5893.6,0.3,849312.0,848152.0,18.0
35.0,100.0,3299.999,1.56,71369.0,18432.0,6363.1,0.3,849312.0,848152.0,18.0
36.0,100.0,3300.0,1.48,67222.0,18072.0,6005.5,0.3,849312.0,848152.0,18.0
37.0,100.0,3299.999,1.5,67647.0,18288.0,6017.1,0.3,849312.0,848152.0,18.0
38.0,100.0,3300.0,1.51,67036.0,18504.0,5995.3,0.3,849312.0,848152.0,18.0
39.0,100.0,3299.999,1.52,68868.0,18432.0,6135.4,0.3,849884.0,848412.0,18.0
