time,CPU_Utilization,Frequency,IPC,Misses,LLC,MBL,Memory_Footprint,Virt_Memory,Res_Memory,Allocated_Cache
0.0,100.0,3299.999,2.48,0.0,0.0,0.0,0.0,48320.0,46820.0,11.25
1.0,100.0,3300.0,1.77,20304.0,11592.0,2870.9,0.3,849312.0,848152.0,11.25
2.0,100.0,3300.0,1.58,72906.0,11520.0,5407.7,0.3,849312.0,848152.0,11.25
3.0,93.3,3300.0,1.5,70043.0,11592.0,5199.7,0.3,849312.0,848152.0,11.25
4.0,93.3,3299.999,1.51,68854.0,11592.0,5096.9,0.3,849312.0,848152.0,11.25
5.0,100.0,3299.999,1.5,68330.0,11592.0,5061.2,0.3,849312.0,848152.0,11.25
6.0,100.0,3300.0,1.5,69300.0,11592.0,5085.6,0.3,849312.0,848152.0,11.25
7.0,100.0,3299.999,1.55,72087.0,11592.0,5337.7,0.3,849312.0,848152.0,11.25
8.0,100.0,3300.0,1.49,68855.0,11592.0,5087.4,0.3,849312.0,848152.0,11.25
9.0,100.0,3300.0,1.55,69816.0,11448.0,5183.6,0.3,849312.0,848152.0,11.25
10.0,93.8,3300.0,1.55,71345.0,11520.0,5294.1,0.3,849312.0,848152.0,11.25
11.0,93.8,3299.999,1.5,69449.0,11448.0,5156.0,0.3,849312.0,848152.0,11.25
12.0,100.0,3299.999,1.49,68311.0,11592.0,5060.8,0.3,849312.0,848152.0,11.25
13.0,100.0,3300.0,1.52,68286.0,11664.0,5068.2,0.3,849312.0,848152.0,11.25
14.0,100.0,3299.999,1.44,66220.0,11592.0,4890.2,0.3,849312.0,848152.0,11.25
15.0,100.0,3299.999,1.46,66848.0,11664.0,4925.5,0.3,849312.0,848152.0,11.25
16.0,100.0,3299.999,1.56,72563.0,11520.0,5351.1,0.3,849312.0,848152.0,11.25
17.0,100.0,3300.0,1.49,68510.0,11376.0,5085.0,0.3,849312.0,848152.0,11.25
18.0,100.0,3300.0,1.5,68491.0,11592.0,5067.3,0.3,849312.0,848152.0,11.25
19.0,100.0,3299.999,1.52,68484.0,11592.0,5081.0,0.3,849312.0,848152.0,11.25
20.0,100.0,3299.999,1.57,72273.0,11448.0,5368.2,0.3,849884.0,848412.0,11.25
21.0,100.0,3299.999,1.5,69074.0,11664.0,5130.6,0.3,849312.0,848152.0,11.25
22.0,100.0,3300.0,1.49,68244.0,11520.0,5046.4,0.3,849312.0,848152.0,11.25
23.0,100.0,3299.999,1.5,67686.0,11592.0,5025.1,0.3,849312.0,848152.0,11.25
24.0,100.0,3300.0,1.48,67281.0,11520.0,4988.5,0.3,849312.0,848152.0,11.25
25.0,100.0,3299.999,1.46,66862.0,11376.0,4919.1,0.3,849884.0,848412.0,11.25
26.0,100.0,3299.999,1.56,72633.0,11520.0,5367.2,0.3,849312.0,848152.0,11.25
27.0,100.0,3300.0,1.48,68267.0,11592.0,5078.6,0.3,849312.0,848152.0,11.25
28.0,100.0,3299.999,1.5,68514.0,11664.0,5072.7,0.3,849312.0,848152.0,11.25
29.0,100.0,3299.999,1.52,68198.0,10656.0,5083.4,0.3,849312.0,848152.0,11.25
30.0,100.0,3299.999,1.57,72167.0,11520.0,5359.2,0.3,849312.0,848152.0,11.25
31.0,93.8,3300.0,1.5,69204.0,11592.0,5143.9,0.3,849312.0,848152.0,11.25
32.0,93.3,3300.0,1.48,68191.0,11664.0,5044.6,0.3,849312.0,848152.0,11.25
33.0,100.0,3299.999,1.53,68395.0,11304.0,5095.3,0.3,849312.0,848152.0,11.25
34.0,93.8,3300.0,1.46,66716.0,11592.0,4932.9,0.3,849312.0,848152.0,11.25
35.0,100.0,3299.999,1.49,68115.0,11376.0,5027.4,0.3,849884.0,848412.0,11.25
36.0,100.0,3299.999,1.56,72201.0,11520.0,5363.4,0.3,849312.0,848152.0,11.25
37.0,100.0,3299.999,1.47,67732.0,11664.0,5011.6,0.3,849312.0,848152.0,11.25
38.0,100.0,3299.999,1.49,67838.0,11664.0,5022.3,0.3,849312.0,848152.0,11.25
39.0,100.0,3299.999,1.51,67866.0,11520.0,5049.4,0.3,849312.0,848152.0,11.25
