time,CPU_Utilization,Frequency,IPC,Misses,LLC,MBL,Memory_Footprint,Virt_Memory,Res_Memory,Allocated_Cache
0.0,100.0,3300.0,2.49,0.0,0.0,0.0,0.0,48320.0,46940.0,9.0
1.0,100.0,3299.999,1.74,21874.0,9000.0,3820.1,0.3,849312.0,848276.0,9.0
2.0,100.0,3299.999,1.59,74071.0,9288.0,6607.1,0.3,849884.0,848536.0,9.0
3.0,100.0,3300.0,1.49,70101.0,9216.0,6276.7,0.3,849312.0,848276.0,9.0
4.0,93.8,3299.999,1.52,69559.0,9288.0,6217.2,0.3,849312.0,848276.0,9.0
5.0,100.0,3299.999,1.48,68056.0,9216.0,6071.3,0.3,849312.0,848276.0,9.0
6.0,100.0,3299.999,1.46,67844.0,9288.0,6006.5,0.3,849312.0,848276.0,9.0
7.0,100.0,3299.999,1.57,74102.0,9144.0,6574.6,0.3,849312.0,848276.0,9.0
8.0,100.0,3300.0,1.48,69405.0,9216.0,6201.0,0.3,849312.0,848276.0,9.0
9.0,100.0,3299.999,1.41,65348.0,8928.0,5837.4,0.3,849312.0,848276.0,9.0
10.0,93.8,3299.999,1.5,69149.0,9360.0,6186.0,0.3,849312.0,848276.0,9.0
11.0,100.0,3300.0,1.53,69702.0,9216.0,6238.3,0.3,849312.0,848276.0,9.0
12.0,100.0,3300.0,1.38,64116.0,9360.0,5729.3,0.3,849312.0,848276.0,9.0
13.0,100.0,3299.999,1.55,71235.0,9216.0,6359.1,0.3,849312.0,848276.0,9.0
14.0,100.0,3300.0,1.54,71598.0,9360.0,6399.4,0.3,849312.0,848276.0,9.0
15.0,100.0,3300.0,1.48,68860.0,9360.0,6154.1,0.3,849312.0,848276.0,9.0
16.0,100.0,3299.999,1.53,69137.0,9216.0,6188.1,0.3,849312.0,848276.0,9.0
17.0,100.0,3299.999,1.47,67730.0,9288.0,6040.1,0.3,849312.0,848276.0,9.0
18.0,100.0,3299.999,1.48,68247.0,9288.0,6024.7,0.3,849312.0,848276.0,9.0
19.0,100.0,3299.999,1.56,73233.0,9288.0,6528.3,0.3,849312.0,848276.0,9.0
20.0,100.0,3299.999,1.47,68543.0,9360.0,6107.1,0.3,849312.0,848276.0,9.0
21.0,100.0,3300.0,1.5,68968.0,9360.0,6172.2,0.3,849312.0,848276.0,9.0
22.0,100.0,3300.0,1.52,69032.0,9360.0,6169.9,0.3,849312.0,848276.0,9.0
23.0,100.0,3299.999,1.57,72948.0,9216.0,6507.1,0.3,849884.0,848536.0,9.0
24.0,93.3,3300.0,1.49,69913.0,9360.0,6242.9,0.3,849312.0,848276.0,9.0
25.0,100.0,3300.0,1.49,68398.0,9360.0,6124.6,0.3,849312.0,848276.0,9.0
26.0,100.0,3299.999,1.53,68849.0,9360.0,6171.1,0.3,849312.0,848276.0,9.0
27.0,100.0,3299.999,1.46,67458.0,9360.0,5983.7,0.3,849312.0,848276.0,9.0
28.0,100.0,3299.999,1.5,69396.0,9216.0,6165.1,0.3,849312.0,848276.0,9.0
29.0,100.0,3299.999,1.52,70601.0,9144.0,6302.6,0.3,849312.0,848276.0,9.0
30.0,93.8,3300.0,1.49,68910.0,9360.0,6155.8,0.3,849312.0,848276.0,9.0
31.0,93.8,3299.999,1.5,68943.0,9360.0,6155.0,0.3,849312.0,848276.0,9.0
32.0,100.0,3300.0,1.52,68777.0,9288.0,6169.1,0.3,849312.0,848276.0,9.0
33.0,100.0,3300.0,1.56,72100.0,9216.0,6412.9,0.3,849312.0,848276.0,9.0
34.0,100.0,3300.0,1.52,70406.0,9360.0,6295.4,0.3,849312.0,848276.0,9.0
35.0,100.0,3299.999,1.47,68662.0,9216.0,6127.9,0.3,849312.0,848276.0,9.0
36.0,100.0,3300.0,1.53,69099.0,9144.0,6173.5,0.3,849312.0,848276.0,9.0
37.0,100.0,3300.0,1.48,67561.0,9360.0,6027.1,0.3,849312.0,848276.0,9.0
38.0,100.0,3299.999,1.46,67116.0,9216.0,5958.6,0.3,849312.0,848276.0,9.0
39.0,93.3,3300.0,1.51,69938.0,9144.0,6217.8,0.3,849312.0,848276.0,9.0
