time,CPU_Utilization,Frequency,IPC,Misses,LLC,MBL,Memory_Footprint,Virt_Memory,Res_Memory,Allocated_Cache
0.0,93.3,3299.999,2.49,0.0,0.0,0.0,0.0,48320.0,46904.0,15.75
1.0,100.0,3299.999,1.76,20079.0,16128.0,2872.3,0.3,849312.0,848236.0,15.75
2.0,100.0,3300.0,1.6,73295.0,15912.0,5431.4,0.3,849312.0,848236.0,15.75
3.0,93.3,3299.999,1.48,68196.0,16056.0,5037.2,0.3,849312.0,848236.0,15.75
4.0,100.0,3300.0,1.53,68593.0,16128.0,5061.3,0.3,849312.0,848236.0,15.75
5.0,100.0,3300.0,1.48,67161.0,15912.0,4948.1,0.3,849312.0,848236.0,15.75
6.0,100.0,3300.0,1.53,70410.0,15984.0,5163.1,0.3,849312.0,848236.0,15.75
7.0,100.0,3300.0,1.52,70034.0,16128.0,5176.4,0.3,849312.0,848236.0,15.75
8.0,100.0,3299.999,1.51,68547.0,16200.0,5056.3,0.3,849312.0,848236.0,15.75
9.0,100.0,3300.0,1.56,70434.0,16128.0,5212.6,0.3,849312.0,848236.0,15.75
10.0,100.0,3300.0,1.56,71107.0,16200.0,5274.4,0.3,849312.0,848236.0,15.75
11.0,100.0,3300.0,1.47,67841.0,16200.0,4993.9,0.3,849312.0,848236.0,15.75
12.0,100.0,3299.999,1.53,68151.0,15984.0,5029.0,0.3,849312.0,848236.0,15.75
13.0,100.0,3300.0,1.48,66865.0,16272.0,4937.3,0.3,849312.0,848236.0,15.75
14.0,100.0,3300.0,1.47,66565.0,16200.0,4872.9,0.3,849600.0,848236.0,15.75
15.0,100.0,3300.0,1.57,72174.0,16056.0,5327.4,0.3,849312.0,848236.0,15.75
16.0,100.0,3300.0,1.48,67712.0,16200.0,4999.0,0.3,849312.0,848236.0,15.75
17.0,100.0,3300.0,1.51,68077.0,16200.0,5024.9,0.3,849312.0,848236.0,15.75
18.0,93.8,3299.999,1.5,67047.0,16128.0,4979.4,0.3,849312.0,848236.0,15.75
19.0,100.0,3299.999,1.57,71734.0,15984.0,5287.3,0.3,849312.0,848236.0,15.75
20.0,93.3,3300.0,1.51,68998.0,16200.0,5103.8,0.3,849312.0,848236.0,15.75
21.0,93.3,3300.0,1.49,67563.0,16200.0,4992.8,0.3,849312.0,848236.0,15.75
22.0,100.0,3299.999,1.53,67846.0,16200.0,5029.5,0.3,849312.0,848236.0,15.75
23.0,100.0,3300.0,1.46,66397.0,16200.0,4875.8,0.3,849312.0,848236.0,15.75
24.0,100.0,3300.0,1.51,68974.0,16200.0,5048.5,0.3,849312.0,848236.0,15.75
25.0,100.0,3299.999,1.54,70530.0,16200.0,5218.2,0.3,849312.0,848236.0,15.75
26.0,100.0,3300.0,1.48,67535.0,16200.0,4968.0,0.3,849312.0,848236.0,15.75
27.0,100.0,3300.0,1.52,67912.0,15984.0,5029.9,0.3,849312.0,848236.0,15.75
28.0,100.0,3299.999,1.54,69317.0,15912.0,5119.5,0.3,849312.0,848236.0,15.75
29.0,100.0,3299.999,1.56,71283.0,16200.0,5280.9,0.3,849312.0,848236.0,15.75
30.0,100.0,3300.0,1.48,67738.0,16128.0,4992.7,0.3,849312.0,848236.0,15.75
31.0,100.0,3299.999,1.52,67873.0,16200.0,5008.8,0.3,849312.0,848236.0,15.75
32.0,100.0,3299.999,1.5,67093.0,16200.0,4960.7,0.3,849312.0,848236.0,15.75
33.0,93.3,3300.0,1.46,66317.0,16128.0,4870.7,0.3,849312.0,848236.0,15.75
34.0,100.0,3300.0,1.54,70267.0,15912.0,5166.4,0.3,849312.0,848236.0,15.75
35.0,100.0,3299.999,1.51,69100.0,16200.0,5121.6,0.3,849312.0,848236.0,15.75
36.0,100.0,3300.0,1.48,67590.0,16128.0,4972.4,0.3,849312.0,848236.0,15.75
37.0,100.0,3299.999,1.53,67755.0,16200.0,5025.4,0.3,849312.0,848236.0,15.75
38.0,100.0,3300.0,1.51,68053.0,16056.0,5018.6,0.3,849312.0,848236.0,15.75
39.0,100.0,3300.0,1.54,70094.0,16056.0,5188.5,0.3,849312.0,848236.0,15.75
