time,CPU_Utilization,Frequency,IPC,Misses,LLC,MBL,Memory_Footprint,Virt_Memory,Res_Memory,Allocated_Cache
0.0,100.0,3299.999,2.49,0.0,0.0,0.0,0.0,48320.0,47004.0,6.75
1.0,100.0,3300.0,1.7,23563.0,6984.0,2967.4,0.3,849312.0,848140.0,6.75
2.0,100.0,3299.999,1.56,73068.0,6840.0,5351.4,0.3,849312.0,848140.0,6.75
3.0,100.0,3300.0,1.53,72213.0,6912.0,5296.0,0.3,849312.0,848140.0,6.75
4.0,100.0,3299.999,1.48,70058.0,6984.0,5109.0,0.3,849312.0,848140.0,6.75
5.0,100.0,3300.0,1.53,70329.0,6984.0,5158.4,0.3,849312.0,848140.0,6.75
6.0,100.0,3299.999,1.46,68365.0,6840.0,4971.8,0.3,849312.0,848140.0,6.75
7.0,100.0,3299.999,1.54,73301.0,6768.0,5324.7,0.3,849312.0,848140.0,6.75
8.0,100.0,3300.0,1.5,71254.0,7056.0,5219.2,0.3,849312.0,848140.0,6.75
9.0,100.0,3299.999,1.51,70403.0,6984.0,5147.1,0.3,849312.0,848140.0,6.75
10.0,93.8,3300.0,1.38,64999.0,7488.0,4743.7,0.3,849312.0,848140.0,6.75
11.0,93.8,3300.0,1.51,69730.0,6840.0,5096.0,0.3,849312.0,848140.0,6.75
12.0,100.0,3299.999,1.53,70622.0,6912.0,5180.0,0.3,849312.0,848140.0,6.75
13.0,100.0,3299.999,1.56,73293.0,6984.0,5369.8,0.3,849312.0,848140.0,6.75
14.0,100.0,3299.999,1.47,69645.0,7056.0,5102.2,0.3,849312.0,848140.0,6.75
15.0,100.0,3299.999,1.49,69582.0,6984.0,5067.9,0.3,849312.0,848140.0,6.75
16.0,100.0,3300.0,1.52,69439.0,6696.0,5092.6,0.3,849312.0,848140.0,6.75
17.0,100.0,3300.0,1.46,68143.0,6840.0,4959.8,0.3,849312.0,848140.0,6.75
18.0,100.0,3300.0,1.49,69665.0,6984.0,5066.9,0.3,849312.0,848140.0,6.75
19.0,100.0,3299.999,1.55,73372.0,6840.0,5361.2,0.3,849312.0,848140.0,6.75
20.0,100.0,3299.999,1.47,68824.0,6984.0,5051.5,0.3,849312.0,848140.0,6.75
21.0,87.5,3300.0,1.49,69549.0,6984.0,5081.2,0.3,849312.0,848140.0,6.75
22.0,100.0,3300.0,1.52,69406.0,7056.0,5096.5,0.3,849312.0,848140.0,6.75
23.0,100.0,3300.0,1.54,71889.0,6984.0,5246.7,0.3,849312.0,848140.0,6.75
24.0,100.0,3299.999,1.53,72042.0,6912.0,5283.7,0.3,849312.0,848140.0,6.75
25.0,100.0,3300.0,1.47,69348.0,6912.0,5060.8,0.3,849312.0,848140.0,6.75
26.0,100.0,3300.0,1.5,69427.0,6984.0,5080.0,0.3,849312.0,848140.0,6.75
27.0,100.0,3300.0,1.49,68551.0,6840.0,5005.3,0.3,849312.0,848140.0,6.75
28.0,100.0,3300.0,1.46,68311.0,6912.0,4977.9,0.3,849312.0,848140.0,6.75
29.0,100.0,3299.999,1.46,68125.0,6984.0,4944.7,0.3,849312.0,848140.0,6.75
30.0,100.0,3300.0,1.54,73080.0,6984.0,5312.9,0.3,849312.0,848140.0,6.75
31.0,100.0,3300.0,1.5,70503.0,6984.0,5165.4,0.3,849312.0,848140.0,6.75
32.0,100.0,3299.999,1.47,69255.0,6984.0,5052.9,0.3,849312.0,848140.0,6.75
33.0,100.0,3300.0,1.51,69377.0,6840.0,5081.0,0.3,849312.0,848140.0,6.75
34.0,100.0,3299.999,1.51,70045.0,6840.0,5120.5,0.3,849884.0,848400.0,6.75
35.0,100.0,3299.999,1.55,72644.0,6912.0,5320.5,0.3,849312.0,848140.0,6.75
36.0,100.0,3299.999,1.49,70067.0,6984.0,5129.2,0.3,849312.0,848140.0,6.75
37.0,100.0,3299.999,1.47,69234.0,6840.0,5055.2,0.3,849312.0,848140.0,6.75
38.0,100.0,3300.0,1.5,69109.0,6912.0,5050.2,0.3,849312.0,848140.0,6.75
39.0,100.0,3300.0,1.49,68476.0,6840.0,5011.5,0.3,849312.0,848140.0,6.75
