time,CPU_Utilization,Frequency,IPC,Misses,LLC,MBL,Memory_Footprint,Virt_Memory,Res_Memory,Allocated_Cache
0.0,100.0,3299.999,2.49,0.0,0.0,0.0,0.0,48320.0,47140.0,22.5
1.0,100.0,3300.0,1.77,19334.0,23040.0,3515.5,0.3,849312.0,848276.0,22.5
2.0,100.0,3299.999,1.6,72517.0,22968.0,6523.6,0.3,849312.0,848276.0,22.5
3.0,100.0,3299.999,1.48,67556.0,22968.0,6023.5,0.3,849312.0,848276.0,22.5
4.0,100.0,3299.999,1.54,67698.0,23040.0,6070.9,0.3,849312.0,848276.0,22.5
5.0,100.0,3300.0,1.47,65841.0,22968.0,5833.6,0.3,849312.0,848276.0,22.5
6.0,100.0,3299.999,1.56,71410.0,22680.0,6358.2,0.3,849312.0,848276.0,22.5
7.0,93.3,3300.0,1.5,67977.0,23040.0,6066.4,0.3,849312.0,848276.0,22.5
8.0,100.0,3299.999,1.55,68212.0,22824.0,6117.9,0.3,849312.0,848276.0,22.5
9.0,100.0,3300.0,1.61,72781.0,23040.0,6524.9,0.3,849312.0,848276.0,22.5
10.0,100.0,3300.0,1.48,67320.0,22968.0,6031.4,0.3,849312.0,848276.0,22.5
11.0,100.0,3299.999,1.52,67209.0,22896.0,6009.5,0.3,849312.0,848276.0,22.5
12.0,100.0,3300.0,1.48,65749.0,23040.0,5896.3,0.3,849312.0,848276.0,22.5
13.0,100.0,3300.0,1.46,65645.0,22752.0,5819.7,0.3,849312.0,848276.0,22.5
14.0,100.0,3299.999,1.55,70436.0,22824.0,6264.8,0.3,849312.0,848276.0,22.5
15.0,100.0,3299.999,1.5,68023.0,22824.0,6087.3,0.3,849312.0,848276.0,22.5
16.0,100.0,3300.0,1.52,67609.0,23040.0,6038.3,0.3,849312.0,848276.0,22.5
17.0,100.0,3299.999,1.55,68915.0,23040.0,6160.9,0.3,849312.0,848276.0,22.5
18.0,100.0,3300.0,1.57,70854.0,23040.0,6364.7,0.3,849312.0,848276.0,22.5
19.0,100.0,3299.999,1.47,66624.0,22896.0,5940.2,0.3,849312.0,848276.0,22.5
20.0,100.0,3300.0,1.53,67419.0,22752.0,6028.9,0.3,849312.0,848276.0,22.5
21.0,100.0,3300.0,1.49,66210.0,23040.0,5905.8,0.3,849312.0,848276.0,22.5
22.0,100.0,3299.999,1.49,66984.0,22896.0,5930.2,0.3,849312.0,848276.0,22.5
23.0,100.0,3299.999,1.56,70973.0,23040.0,6357.7,0.3,849884.0,848536.0,22.5
24.0,100.0,3299.999,1.48,66986.0,23040.0,5974.0,0.3,849312.0,848276.0,22.5
25.0,100.0,3299.999,1.53,67252.0,22896.0,6027.0,0.3,849312.0,848276.0,22.5
26.0,100.0,3300.0,1.57,70229.0,22968.0,6292.2,0.3,849312.0,848276.0,22.5
27.0,100.0,3300.0,1.53,69017.0,22896.0,6194.2,0.3,849312.0,848276.0,22.5
28.0,100.0,3299.999,1.49,66991.0,23040.0,5987.5,0.3,849312.0,848276.0,22.5
29.0,100.0,3299.999,1.53,67128.0,22968.0,6022.3,0.3,849312.0,848276.0,22.5
30.0,100.0,3299.999,1.47,65574.0,23040.0,5816.8,0.3,849312.0,848276.0,22.5
31.0,100.0,3300.0,1.45,64780.0,22968.0,5764.3,0.3,849312.0,848276.0,22.5
32.0,100.0,3300.0,1.58,71734.0,22680.0,6422.3,0.3,849312.0,848276.0,22.5
33.0,100.0,3300.0,1.48,66787.0,23040.0,5966.8,0.3,849312.0,848276.0,22.5
34.0,93.3,3299.999,1.52,67448.0,23040.0,6027.9,0.3,849312.0,848276.0,22.5
35.0,100.0,3300.0,1.55,68533.0,22752.0,6146.4,0.3,849312.0,848276.0,22.5
36.0,100.0,3300.0,1.57,70579.0,23040.0,6335.5,0.3,849312.0,848276.0,22.5
37.0,100.0,3300.0,1.48,66918.0,23040.0,5973.5,0.3,849312.0,848276.0,22.5
38.0,93.3,3299.999,1.51,66807.0,22896.0,5964.9,0.3,849312.0,848276.0,22.5
39.0,100.0,3299.999,1.49,65938.0,23040.0,5905.8,0.3,849312.0,848276.0,22.5
