time,CPU_Utilization,Frequency,IPC,Misses,LLC,MBL,Memory_Footprint,Virt_Memory,Res_Memory,Allocated_Cache
0.0,100.0,3299.999,2.49,0.0,0.0,0.0,0.0,48320.0,46812.0,20.25
1.0,100.0,3299.999,1.78,22809.0,20592.0,3828.8,0.3,849312.0,848148.0,20.25
2.0,93.3,3299.999,1.55,70693.0,20592.0,6329.1,0.3,849312.0,848148.0,20.25
3.0,100.0,3300.0,1.5,67834.0,20736.0,6047.9,0.3,849312.0,848148.0,20.25
4.0,100.0,3300.0,1.52,67492.0,20736.0,6048.9,0.3,849312.0,848148.0,20.25
5.0,93.3,3299.999,1.49,67541.0,20592.0,5968.2,0.3,849312.0,848148.0,20.25
6.0,100.0,3300.0,1.56,71686.0,20808.0,6409.5,0.3,849312.0,848148.0,20.25
7.0,100.0,3299.999,1.49,67816.0,20736.0,6032.0,0.3,849312.0,848148.0,20.25
8.0,100.0,3299.999,1.56,69237.0,20880.0,6200.2,0.3,849312.0,848148.0,20.25
9.0,100.0,3300.0,1.57,71447.0,20736.0,6416.3,0.3,849312.0,848148.0,20.25
10.0,93.8,3300.0,1.48,67361.0,20808.0,6007.4,0.3,849312.0,848148.0,20.25
11.0,100.0,3299.999,1.53,67709.0,20880.0,6035.0,0.3,849312.0,848148.0,20.25
12.0,93.8,3300.0,1.48,66423.0,20664.0,5934.7,0.3,849312.0,848148.0,20.25
13.0,93.8,3299.999,1.48,66768.0,20664.0,5912.4,0.3,849312.0,848148.0,20.25
14.0,100.0,3299.999,1.56,71622.0,20880.0,6399.0,0.3,849312.0,848148.0,20.25
15.0,100.0,3300.0,1.48,67057.0,20880.0,5963.8,0.3,849312.0,848148.0,20.25
16.0,100.0,3299.999,1.53,67643.0,20736.0,6039.7,0.3,849312.0,848148.0,20.25
17.0,100.0,3299.999,1.54,69089.0,20880.0,6187.6,0.3,849312.0,848148.0,20.25
18.0,100.0,3300.0,1.55,70429.0,20736.0,6310.5,0.3,849312.0,848148.0,20.25
19.0,100.0,3299.999,1.48,67315.0,20808.0,5993.9,0.3,849312.0,848148.0,20.25
20.0,100.0,3299.999,1.53,67588.0,20880.0,6043.0,0.3,849312.0,848148.0,20.25
21.0,100.0,3299.999,1.47,66093.0,20736.0,5881.6,0.3,849312.0,848148.0,20.25
22.0,100.0,3300.0,1.49,67156.0,20880.0,5939.9,0.3,849312.0,848148.0,20.25
23.0,100.0,3299.999,1.56,71161.0,20880.0,6370.3,0.3,849312.0,848148.0,20.25
24.0,100.0,3300.0,1.48,66926.0,20880.0,5962.4,0.3,849312.0,848148.0,20.25
25.0,100.0,3299.999,1.52,67281.0,20592.0,6019.9,0.3,849312.0,848148.0,20.25
26.0,100.0,3300.0,1.51,67175.0,20880.0,5988.9,0.3,849312.0,848148.0,20.25
27.0,93.3,3300.0,1.58,71078.0,20808.0,6375.4,0.3,849312.0,848148.0,20.25
28.0,93.3,3299.999,1.49,67701.0,20808.0,6057.5,0.3,849312.0,848148.0,20.25
29.0,100.0,3300.0,1.51,67349.0,20880.0,6001.7,0.3,849312.0,848148.0,20.25
30.0,100.0,3299.999,1.51,66758.0,20808.0,5993.3,0.3,849312.0,848148.0,20.25
31.0,100.0,3300.0,1.46,65751.0,20736.0,5837.4,0.3,849312.0,848148.0,20.25
32.0,100.0,3300.0,1.55,70297.0,20520.0,6250.1,0.3,849312.0,848148.0,20.25
33.0,93.3,3299.999,1.51,68348.0,20880.0,6116.0,0.3,849312.0,848148.0,20.25
34.0,100.0,3299.999,1.49,67338.0,20880.0,5987.0,0.3,849312.0,848148.0,20.25
35.0,100.0,3300.0,1.53,67216.0,20592.0,6045.8,0.3,849312.0,848148.0,20.25
36.0,100.0,3300.0,1.56,70424.0,20664.0,6297.1,0.3,849312.0,848148.0,20.25
37.0,100.0,3300.0,1.52,68689.0,20808.0,6141.4,0.3,849312.0,848148.0,20.25
38.0,100.0,3300.0,1.47,66568.0,20880.0,5947.6,0.3,849312.0,848148.0,20.25
39.0,100.0,3299.999,1.46,65465.0,20880.0,5834.6,0.3,849312.0,848148.0,20.25
