time,CPU_Utilization,Frequency,IPC,Misses,LLC,MBL,Memory_Footprint,Virt_Memory,Res_Memory,Allocated_Cache
0.0,93.8,3299.999,2.49,0.0,0.0,0.0,0.0,48320.0,47104.0,2.25
1.0,93.3,3299.999,1.56,35873.0,9504.0,4737.4,0.3,849312.0,848240.0,2.25
2.0,93.3,3299.999,1.47,72706.0,2304.0,6321.9,0.3,849312.0,848240.0,2.25
3.0,93.8,3299.999,1.5,73432.0,2304.0,6380.4,0.3,849312.0,848240.0,2.25
4.0,100.0,3300.0,1.53,74859.0,2160.0,6524.1,0.3,849312.0,848240.0,2.25
5.0,100.0,3299.999,1.57,77860.0,2160.0,6782.3,0.3,849312.0,848240.0,2.25
6.0,100.0,3299.999,1.47,73347.0,2232.0,6356.3,0.3,849312.0,848240.0,2.25
7.0,100.0,3299.999,1.5,73311.0,2232.0,6383.7,0.3,849312.0,848240.0,2.25
8.0,100.0,3300.0,1.5,73070.0,2304.0,6345.6,0.3,849312.0,848240.0,2.25
9.0,100.0,3300.0,1.45,71937.0,2304.0,6220.4,0.3,849312.0,848240.0,2.25
10.0,100.0,3299.999,1.41,69395.0,2304.0,6049.3,0.3,849312.0,848240.0,2.25
11.0,100.0,3299.999,1.45,71635.0,2304.0,6193.8,0.3,849312.0,848240.0,2.25
12.0,100.0,3300.0,1.51,74947.0,2304.0,6488.4,0.3,849312.0,848240.0,2.25
13.0,100.0,3300.0,1.52,76015.0,2304.0,6623.0,0.3,849312.0,848240.0,2.25
14.0,93.8,3299.999,1.46,72236.0,2304.0,6272.0,0.3,849312.0,848240.0,2.25
15.0,100.0,3300.0,1.49,72802.0,2376.0,6321.5,0.3,849312.0,848240.0,2.25
16.0,100.0,3299.999,1.51,72996.0,2304.0,6352.2,0.3,849312.0,848240.0,2.25
17.0,100.0,3300.0,1.52,75173.0,2304.0,6523.7,0.3,849312.0,848240.0,2.25
18.0,93.8,3299.999,1.37,67102.0,2304.0,5816.5,0.3,849312.0,848240.0,2.25
19.0,100.0,3299.999,1.52,74871.0,2304.0,6496.0,0.3,849312.0,848240.0,2.25
20.0,100.0,3300.0,1.5,73909.0,2232.0,6429.6,0.3,849312.0,848240.0,2.25
21.0,100.0,3299.999,1.48,72986.0,2160.0,6332.4,0.3,849312.0,848240.0,2.25
22.0,100.0,3300.0,1.46,72400.0,2304.0,6291.8,0.3,849312.0,848240.0,2.25
23.0,100.0,3300.0,1.5,72789.0,2304.0,6314.4,0.3,849312.0,848240.0,2.25
24.0,100.0,3299.999,1.49,72480.0,2304.0,6304.1,0.3,849312.0,848240.0,2.25
25.0,100.0,3300.0,1.46,71519.0,2304.0,6181.2,0.3,849312.0,848240.0,2.25
26.0,93.8,3300.0,1.46,71922.0,2232.0,6196.7,0.3,849312.0,848240.0,2.25
27.0,93.3,3299.999,1.4,68586.0,2304.0,6004.7,0.3,849312.0,848240.0,2.25
28.0,100.0,3300.0,1.45,71530.0,2304.0,6183.6,0.3,849312.0,848240.0,2.25
29.0,100.0,3299.999,1.51,74898.0,2304.0,6469.6,0.3,849312.0,848240.0,2.25
30.0,100.0,3300.0,1.49,73938.0,2304.0,6420.6,0.3,849312.0,848240.0,2.25
31.0,100.0,3299.999,1.48,72990.0,2376.0,6350.6,0.3,849312.0,848240.0,2.25
32.0,100.0,3300.0,1.47,72431.0,2376.0,6268.8,0.3,849312.0,848240.0,2.25
33.0,93.3,3299.999,1.5,72570.0,2376.0,6302.5,0.3,849312.0,848240.0,2.25
34.0,100.0,3300.0,1.5,72496.0,1944.0,6300.5,0.3,849312.0,848240.0,2.25
35.0,100.0,3299.999,1.53,75470.0,2304.0,6514.9,0.3,849312.0,848240.0,2.25
36.0,100.0,3299.999,1.53,75231.0,2304.0,6547.2,0.3,849312.0,848240.0,2.25
37.0,100.0,3299.999,1.46,71869.0,2304.0,6213.6,0.3,849312.0,848240.0,2.25
38.0,100.0,3300.0,1.46,72079.0,2232.0,6249.0,0.3,849312.0,848240.0,2.25
39.0,100.0,3299.999,1.47,71874.0,2304.0,6232.6,0.3,849312.0,848240.0,2.25
