time,CPU_Utilization,Frequency,IPC,Misses,LLC,MBL,Memory_Footprint,Virt_Memory,Res_Memory,Allocated_Cache
0.0,100.0,3300.0,2.49,0.0,0.0,0.0,0.0,48320.0,46844.0,4.5
1.0,100.0,3299.985,1.61,27845.0,4608.0,4274.4,0.3,849312.0,848176.0,4.5
2.0,100.0,3299.999,1.52,71669.0,4680.0,6340.4,0.3,849312.0,848176.0,4.5
3.0,93.3,3300.0,1.55,74015.0,4608.0,6534.0,0.3,849312.0,848176.0,4.5
4.0,100.0,3299.999,1.54,74169.0,4608.0,6561.4,0.3,849312.0,848176.0,4.5
5.0,93.8,3300.0,1.47,71318.0,4608.0,6292.7,0.3,849312.0,848176.0,4.5
6.0,100.0,3299.999,1.53,71940.0,4608.0,6365.1,0.3,849312.0,848176.0,4.5
7.0,100.0,3300.0,1.46,70263.0,4752.0,6185.9,0.3,849312.0,848176.0,4.5
8.0,100.0,3299.999,1.5,72365.0,4680.0,6360.5,0.3,849312.0,848176.0,4.5
9.0,100.0,3299.999,1.54,74879.0,4680.0,6611.3,0.3,849312.0,848176.0,4.5
10.0,100.0,3299.999,1.44,68901.0,4680.0,6094.1,0.3,849312.0,848176.0,4.5
11.0,100.0,3300.0,1.47,70679.0,4680.0,6235.8,0.3,849312.0,848176.0,4.5
12.0,100.0,3300.0,1.5,70899.0,4752.0,6274.5,0.3,849312.0,848176.0,4.5
13.0,100.0,3299.999,1.51,71811.0,4608.0,6341.7,0.3,849312.0,848176.0,4.5
14.0,100.0,3300.0,1.55,74503.0,4752.0,6572.2,0.3,849312.0,848176.0,4.5
15.0,100.0,3299.999,1.49,71792.0,4680.0,6342.5,0.3,849312.0,848176.0,4.5
16.0,100.0,3300.0,1.46,70725.0,4680.0,6241.2,0.3,849312.0,848176.0,4.5
17.0,100.0,3299.999,1.51,71050.0,4752.0,6281.9,0.3,849312.0,848176.0,4.5
18.0,100.0,3299.999,1.49,70396.0,4680.0,6220.2,0.3,849312.0,848176.0,4.5
19.0,100.0,3300.0,1.46,69620.0,4536.0,6117.5,0.3,849312.0,848176.0,4.5
20.0,100.0,3300.0,1.49,71672.0,4464.0,6281.4,0.3,849312.0,848176.0,4.5
21.0,93.3,3299.999,1.53,74286.0,4608.0,6548.7,0.3,849312.0,848176.0,4.5
22.0,100.0,3299.999,1.47,70648.0,4752.0,6236.4,0.3,849312.0,848176.0,4.5
23.0,100.0,3300.0,1.47,70821.0,4680.0,6239.5,0.3,849312.0,848176.0,4.5
24.0,100.0,3300.0,1.52,70975.0,4392.0,6283.5,0.3,849312.0,848176.0,4.5
25.0,100.0,3300.0,1.51,71891.0,4680.0,6347.7,0.3,849312.0,848176.0,4.5
26.0,100.0,3300.0,1.55,74169.0,4608.0,6548.6,0.3,849312.0,848176.0,4.5
27.0,100.0,3299.999,1.49,71278.0,4680.0,6310.3,0.3,849312.0,848176.0,4.5
28.0,100.0,3300.0,1.47,70722.0,4608.0,6239.8,0.3,849312.0,848176.0,4.5
29.0,100.0,3299.999,1.51,70934.0,4680.0,6271.5,0.3,849312.0,848176.0,4.5
30.0,100.0,3300.0,1.49,70257.0,4680.0,6217.5,0.3,849312.0,848176.0,4.5
31.0,100.0,3299.999,1.46,69688.0,4608.0,6119.1,0.3,849312.0,848176.0,4.5
32.0,100.0,3299.999,1.47,70450.0,4464.0,6172.3,0.3,849312.0,848176.0,4.5
33.0,100.0,3299.999,1.48,70860.0,4392.0,6251.1,0.3,849312.0,848176.0,4.5
34.0,100.0,3299.999,1.53,73932.0,4536.0,6536.3,0.3,849312.0,848176.0,4.5
35.0,100.0,3300.0,1.46,70014.0,4680.0,6191.4,0.3,849312.0,848176.0,4.5
36.0,100.0,3299.999,1.47,70747.0,4680.0,6235.5,0.3,849312.0,848176.0,4.5
37.0,100.0,3299.999,1.51,70920.0,4680.0,6275.5,0.3,849312.0,848176.0,4.5
38.0,100.0,3299.999,1.47,69735.0,4392.0,6171.3,0.3,849312.0,848176.0,4.5
39.0,93.8,3300.0,1.42,68040.0,4680.0,5988.3,0.3,849312.0,848176.0,4.5
