time,CPU_Utilization,Frequency,IPC,Misses,LLC,MBL,Memory_Footprint,Virt_Memory,Res_Memory,Allocated_Cache
0.0,93.8,3300.0,2.45,0.0,0.0,0.0,0.0,3828.0,2156.0,24.75
1.0,100.0,3299.999,1.77,19327.0,25128.0,3475.1,0.3,849312.0,848120.0,24.75
2.0,100.0,3299.999,1.52,68801.0,25128.0,6228.8,0.3,849312.0,848120.0,24.75
3.0,100.0,3299.999,1.5,67630.0,25272.0,6133.5,0.3,849312.0,848120.0,24.75
4.0,100.0,3300.0,1.49,67343.0,25200.0,6107.5,0.3,849312.0,848120.0,24.75
5.0,100.0,3299.999,1.53,67385.0,25200.0,6119.9,0.3,849312.0,848120.0,24.75
6.0,100.0,3299.999,1.49,66908.0,25200.0,6009.4,0.3,849312.0,848120.0,24.75
7.0,100.0,3299.999,1.52,69153.0,25200.0,6260.2,0.3,849312.0,848120.0,24.75
8.0,100.0,3300.0,1.5,67972.0,25200.0,6156.5,0.3,849312.0,848120.0,24.75
9.0,100.0,3300.0,1.54,67849.0,24984.0,6163.9,0.3,849312.0,848120.0,24.75
10.0,100.0,3299.999,1.56,69961.0,24768.0,6340.8,0.3,849312.0,848120.0,24.75
11.0,100.0,3299.999,1.53,68751.0,25128.0,6240.4,0.3,849312.0,848120.0,24.75
12.0,100.0,3300.0,1.49,66777.0,25272.0,6067.9,0.3,849312.0,848120.0,24.75
13.0,100.0,3300.0,1.53,67010.0,24192.0,6091.5,0.3,849312.0,848120.0,24.75
14.0,100.0,3299.999,1.46,65412.0,25200.0,5894.2,0.3,849312.0,848120.0,24.75
15.0,100.0,3299.999,1.54,69187.0,25200.0,6238.1,0.3,849312.0,848120.0,24.75
16.0,100.0,3300.0,1.52,68609.0,24984.0,6208.2,0.3,849312.0,848120.0,24.75
17.0,100.0,3299.999,1.5,67026.0,25200.0,6054.8,0.3,849312.0,848120.0,24.75
18.0,100.0,3300.0,1.53,67041.0,24768.0,6071.4,0.3,849312.0,848120.0,24.75
19.0,93.8,3300.0,1.58,71248.0,25128.0,6449.1,0.3,849312.0,848120.0,24.75
20.0,93.8,3299.999,1.5,67697.0,25128.0,6132.2,0.3,849312.0,848120.0,24.75
21.0,100.0,3300.0,1.5,66736.0,25200.0,6048.4,0.3,849312.0,848120.0,24.75
22.0,93.8,3300.0,1.51,66499.0,25200.0,6042.5,0.3,849312.0,848120.0,24.75
23.0,100.0,3299.999,1.44,64630.0,25272.0,5826.6,0.3,849312.0,848120.0,24.75
24.0,87.5,3300.0,1.48,66159.0,25200.0,5946.3,0.3,849312.0,848120.0,24.75
25.0,100.0,3300.0,1.56,70805.0,25056.0,6391.8,0.3,849312.0,848120.0,24.75
26.0,100.0,3300.0,1.48,66548.0,25200.0,6032.5,0.3,849312.0,848120.0,24.75
27.0,100.0,3300.0,1.52,66990.0,25200.0,6070.4,0.3,849312.0,848120.0,24.75
28.0,100.0,3299.999,1.47,65070.0,25200.0,5894.7,0.3,849312.0,848120.0,24.75
29.0,100.0,3300.0,1.47,65187.0,24840.0,5890.9,0.3,849312.0,848120.0,24.75
30.0,100.0,3299.999,1.58,70829.0,24696.0,6429.0,0.3,849312.0,848120.0,24.75
31.0,100.0,3299.999,1.5,67783.0,25272.0,6139.0,0.3,849312.0,848120.0,24.75
32.0,100.0,3300.0,1.5,66751.0,25200.0,6050.5,0.3,849312.0,848120.0,24.75
33.0,100.0,3299.999,1.52,66469.0,25200.0,6043.0,0.3,849312.0,848120.0,24.75
34.0,100.0,3300.0,1.46,65242.0,25056.0,5877.9,0.3,849312.0,848120.0,24.75
35.0,100.0,3300.0,1.53,68945.0,25056.0,6201.8,0.3,849312.0,848120.0,24.75
36.0,100.0,3299.999,1.52,68602.0,25272.0,6215.3,0.3,849312.0,848120.0,24.75
37.0,87.5,3300.0,1.48,66682.0,24840.0,6019.0,0.3,849312.0,848120.0,24.75
38.0,100.0,3299.999,1.52,66420.0,25128.0,6024.3,0.3,849312.0,848120.0,24.75
39.0,93.8,3299.999,1.51,67303.0,25128.0,6078.5,0.3,849312.0,848120.0,24.75
40.0,93.8,3300.0,1.55,69283.0,25200.0,6289.0,0.3,849312.0,848120.0,24.75
41.0,100.0,3300.0,1.49,66680.0,25200.0,6046.0,0.3,849312.0,848120.0,24.75
42.0,100.0,3299.999,1.47,66139.0,25128.0,5979.9,0.3,849312.0,848120.0,24.75
43.0,100.0,3300.0,1.51,66395.0,25128.0,6019.7,0.3,849312.0,848120.0,24.75
44.0,87.5,3299.999,1.49,65837.0,25200.0,5956.9,0.3,849312.0,848120.0,24.75
45.0,100.0,3300.0,1.46,65089.0,24984.0,5873.5,0.3,849312.0,848120.0,24.75
46.0,100.0,3299.999,1.53,68730.0,25056.0,6172.3,0.3,849312.0,848120.0,24.75
47.0,100.0,3300.0,1.52,68584.0,25272.0,6210.4,0.3,849312.0,848120.0,24.75
48.0,100.0,3299.999,1.48,66247.0,25128.0,5980.7,0.3,849312.0,848120.0,24.75
49.0,100.0,3300.0,1.51,66601.0,25200.0,6041.3,0.3,849312.0,848120.0,24.75
50.0,100.0,3299.999,1.52,67222.0,25128.0,6078.4,0.3,849312.0,848120.0,24.75
51.0,100.0,3299.999,1.56,69994.0,25200.0,6350.6,0.3,849312.0,848120.0,24.75
52.0,100.0,3300.0,1.49,67105.0,25200.0,6068.8,0.3,849312.0,848120.0,24.75
53.0,100.0,3299.999,1.48,66444.0,25200.0,6001.0,0.3,849312.0,848120.0,24.75
54.0,100.0,3300.0,1.53,66695.0,25128.0,6059.7,0.3,849312.0,848120.0,24.75
55.0,100.0,3299.999,1.47,65361.0,25200.0,5893.0,0.3,849312.0,848120.0,24.75
56.0,100.0,3300.0,1.47,65272.0,24840.0,5864.3,0.3,849884.0,848380.0,24.75
57.0,100.0,3300.0,1.55,70034.0,24912.0,6334.6,0.3,849312.0,848120.0,24.75
58.0,100.0,3300.0,1.49,66973.0,25200.0,6072.5,0.3,849312.0,848120.0,24.75
59.0,100.0,3300.0,1.48,66299.0,24984.0,5996.2,0.3,849312.0,848120.0,24.75
60.0,100.0,3299.999,1.52,66579.0,25200.0,6041.2,0.3,849312.0,848120.0,24.75
61.0,100.0,3299.999,1.46,64646.0,25200.0,5847.4,0.3,849312.0,848120.0,24.75
62.0,93.8,3300.0,1.45,64475.0,24768.0,5837.5,0.3,849312.0,848120.0,24.75
63.0,93.8,3299.999,1.55,69098.0,25128.0,6247.4,0.3,849312.0,848120.0,24.75
64.0,93.3,3300.0,1.53,68273.0,25200.0,6192.2,0.3,849884.0,848380.0,24.75
65.0,100.0,3300.0,1.47,66228.0,25272.0,5999.8,0.3,849312.0,848120.0,24.75
66.0,100.0,3299.999,1.51,66495.0,25200.0,6008.0,0.3,849312.0,848120.0,24.75
67.0,100.0,3300.0,1.51,65992.0,24984.0,5990.1,0.3,849312.0,848120.0,24.75
68.0,100.0,3300.0,1.46,65193.0,25200.0,5862.8,0.3,849312.0,848120.0,24.75
69.0,93.8,3299.999,1.48,65905.0,25128.0,5930.4,0.3,849884.0,848380.0,24.75
70.0,100.0,3300.0,1.54,69657.0,25128.0,6297.5,0.3,849312.0,848120.0,24.75
71.0,100.0,3299.999,1.49,66678.0,25272.0,6039.8,0.3,849312.0,848120.0,24.75
72.0,100.0,3299.999,1.48,66178.0,25200.0,5978.6,0.3,849312.0,848120.0,24.75
73.0,100.0,3300.0,1.52,66486.0,25056.0,6025.7,0.3,849312.0,848120.0,24.75
74.0,100.0,3300.0,1.51,66643.0,24984.0,6019.9,0.3,849312.0,848120.0,24.75
75.0,100.0,3299.999,1.55,69267.0,25056.0,6279.5,0.3,849312.0,848120.0,24.75
76.0,93.3,3300.0,1.5,67404.0,25200.0,6097.6,0.3,849312.0,848120.0,24.75
77.0,100.0,3299.999,1.47,66244.0,24984.0,5989.6,0.3,849312.0,848120.0,24.75
78.0,100.0,3300.0,1.51,66192.0,25272.0,5991.2,0.3,849312.0,848120.0,24.75
79.0,100.0,3299.999,1.5,65853.0,25128.0,5974.5,0.3,849312.0,848120.0,24.75
80.0,100.0,3300.0,1.46,64973.0,23184.0,5861.7,0.3,849312.0,848120.0,24.75
81.0,100.0,3299.999,1.46,64917.0,24912.0,5847.3,0.3,849884.0,848380.0,24.75
82.0,100.0,3299.999,1.53,69061.0,25200.0,6217.3,0.3,849312.0,848120.0,24.75
83.0,100.0,3300.0,1.51,67699.0,25272.0,6130.4,0.3,849312.0,848120.0,24.75
84.0,100.0,3300.0,1.47,65946.0,25200.0,5942.5,0.3,849312.0,848120.0,24.75
85.0,100.0,3299.999,1.49,66200.0,25200.0,5980.9,0.3,849312.0,848120.0,24.75
86.0,100.0,3300.0,1.52,66207.0,24984.0,6002.2,0.3,849312.0,848120.0,24.75
87.0,100.0,3300.0,1.51,66960.0,25128.0,6050.5,0.3,849312.0,848120.0,24.75
88.0,100.0,3299.999,1.54,68702.0,24912.0,6221.1,0.3,849312.0,848120.0,24.75
89.0,93.3,3300.0,1.5,66906.0,25272.0,6052.8,0.3,849312.0,848120.0,24.75
90.0,100.0,3299.999,1.47,66007.0,25128.0,5966.1,0.3,849312.0,848120.0,24.75
91.0,93.3,3299.999,1.5,66133.0,25200.0,5983.0,0.3,849312.0,848120.0,24.75
92.0,100.0,3299.999,1.51,65868.0,25128.0,5987.4,0.3,849312.0,848120.0,24.75
93.0,100.0,3300.0,1.46,64977.0,25272.0,5850.1,0.3,849312.0,848120.0,24.75
94.0,100.0,3299.999,1.46,64755.0,25128.0,5842.1,0.3,849312.0,848120.0,24.75
95.0,100.0,3300.0,1.51,67410.0,25056.0,6060.1,0.3,849312.0,848120.0,24.75
96.0,100.0,3299.999,1.53,68673.0,25128.0,6197.1,0.3,849312.0,848120.0,24.75
97.0,100.0,3299.999,1.48,65825.0,25200.0,5968.0,0.3,849312.0,848120.0,24.75
98.0,100.0,3299.999,1.48,65991.0,25200.0,5953.6,0.3,849312.0,848120.0,24.75
99.0,100.0,3300.0,1.5,66029.0,25200.0,5975.3,0.3,849312.0,848120.0,24.75
100.0,93.8,3299.999,1.5,65762.0,25128.0,5964.4,0.3,849312.0,848120.0,24.75
101.0,93.8,3300.0,1.51,66770.0,25272.0,6032.4,0.3,849312.0,848120.0,24.75
102.0,100.0,3299.999,1.41,62454.0,24984.0,5654.5,0.3,849312.0,848120.0,24.75
103.0,100.0,3299.999,1.48,65746.0,25272.0,5940.6,0.3,849312.0,848120.0,24.75
104.0,100.0,3300.0,1.54,68486.0,25200.0,6202.9,0.3,849312.0,848120.0,24.75
105.0,100.0,3300.0,1.5,66713.0,25200.0,6048.6,0.3,849312.0,848120.0,24.75
106.0,100.0,3299.999,1.47,65860.0,25200.0,5945.9,0.3,849312.0,848120.0,24.75
107.0,93.8,3300.0,1.48,65615.0,25128.0,5941.8,0.3,849312.0,848120.0,24.75
108.0,93.8,3299.999,1.52,66198.0,25056.0,6002.8,0.3,849312.0,848120.0,24.75
109.0,93.8,3300.0,1.48,65072.0,25200.0,5879.6,0.3,849312.0,848120.0,24.75
110.0,100.0,3300.0,1.46,64823.0,25200.0,5843.0,0.3,849312.0,848120.0,24.75
111.0,93.8,3299.999,1.46,64797.0,25128.0,5842.6,0.3,849312.0,848120.0,24.75
112.0,100.0,3299.999,1.52,67913.0,25200.0,6122.2,0.3,849312.0,848120.0,24.75
113.0,100.0,3300.0,1.53,68299.0,24984.0,6173.1,0.3,849312.0,848120.0,24.75
114.0,100.0,3299.999,1.47,65381.0,25200.0,5919.8,0.3,849312.0,848120.0,24.75
115.0,100.0,3299.999,1.47,65750.0,25200.0,5927.3,0.3,849312.0,848120.0,24.75
116.0,100.0,3300.0,1.5,65935.0,25200.0,5961.4,0.3,849312.0,848120.0,24.75
117.0,93.8,3299.999,1.51,65871.0,25272.0,5967.6,0.3,849312.0,848120.0,24.75
118.0,100.0,3299.999,1.49,65934.0,25272.0,5950.0,0.3,849312.0,848120.0,24.75
119.0,100.0,3300.0,1.53,68221.0,25200.0,6183.1,0.3,849312.0,848120.0,24.75
120.0,100.0,3299.989,1.52,67507.0,25128.0,6112.6,0.3,849884.0,848404.0,24.75
121.0,100.0,3300.0,1.45,64530.0,25200.0,5819.7,0.3,849884.0,848380.0,24.75
122.0,100.0,3299.999,1.47,65897.0,25200.0,5949.3,0.3,849312.0,848120.0,24.75
123.0,100.0,3300.0,1.47,65607.0,24984.0,5917.5,0.3,849312.0,848120.0,24.75
124.0,100.0,3299.999,1.5,65536.0,25200.0,5944.6,0.3,849312.0,848120.0,24.75
125.0,100.0,3300.0,1.5,65731.0,25056.0,5954.2,0.3,849312.0,848120.0,24.75
126.0,100.0,3299.999,1.47,64770.0,25128.0,5848.4,0.3,849312.0,848120.0,24.75
127.0,100.0,3300.0,1.46,64800.0,25128.0,5840.6,0.3,849312.0,848120.0,24.75
128.0,100.0,3299.999,1.46,64619.0,25056.0,5829.7,0.3,849884.0,848380.0,24.75
129.0,100.0,3300.0,1.51,67174.0,24912.0,6040.9,0.3,849312.0,848120.0,24.75
130.0,93.3,3299.999,1.52,67847.0,24912.0,6127.5,0.3,849312.0,848120.0,24.75
131.0,100.0,3300.0,1.49,66112.0,25272.0,5988.1,0.3,849312.0,848120.0,24.75
132.0,93.3,3299.999,1.47,65173.0,25200.0,5894.7,0.3,849312.0,848120.0,24.75
133.0,100.0,3299.999,1.48,65708.0,25128.0,5932.3,0.3,849312.0,848120.0,24.75
134.0,100.0,3300.0,1.5,65599.0,25128.0,5938.2,0.3,849312.0,848120.0,24.75
135.0,100.0,3299.999,1.5,65741.0,25200.0,5950.0,0.3,849312.0,848120.0,24.75
136.0,100.0,3300.0,1.42,63274.0,24840.0,5702.3,0.3,849312.0,848120.0,24.75
137.0,100.0,3299.999,1.43,63387.0,25200.0,5726.0,0.3,849312.0,848120.0,24.75
138.0,100.0,3299.999,1.5,65459.0,24984.0,5929.8,0.3,849312.0,848120.0,24.75
139.0,100.0,3300.0,1.47,64679.0,24984.0,5851.1,0.3,849312.0,848120.0,24.75
140.0,100.0,3300.0,1.43,63787.0,25056.0,5747.7,0.3,849312.0,848120.0,24.75
141.0,100.0,3299.999,1.43,63478.0,24912.0,5723.3,0.3,849312.0,848120.0,24.75
142.0,100.0,3300.0,1.48,65190.0,24912.0,5901.0,0.3,849312.0,848120.0,24.75
143.0,100.0,3300.0,1.49,65742.0,25056.0,5916.4,0.3,849312.0,848120.0,24.75
144.0,100.0,3300.0,1.52,67543.0,25128.0,6102.5,0.3,849312.0,848120.0,24.75
145.0,100.0,3299.999,1.52,67220.0,25128.0,6078.2,0.3,849312.0,848120.0,24.75
146.0,100.0,3300.0,1.48,65624.0,25200.0,5922.7,0.3,849884.0,848380.0,24.75
147.0,100.0,3300.0,1.47,65365.0,25128.0,5921.4,0.3,849312.0,848120.0,24.75
148.0,100.0,3299.999,1.47,65107.0,25272.0,5891.6,0.3,849312.0,848120.0,24.75
149.0,100.0,3299.999,1.49,65516.0,25200.0,5908.9,0.3,849312.0,848120.0,24.75
150.0,100.0,3300.0,1.5,65629.0,24336.0,5939.2,0.3,849312.0,848120.0,24.75
151.0,100.0,3300.0,1.48,65048.0,25128.0,5887.6,0.3,849312.0,848120.0,24.75
152.0,100.0,3299.999,1.47,64681.0,25200.0,5826.5,0.3,849312.0,848120.0,24.75
153.0,100.0,3300.0,1.46,64563.0,24768.0,5827.7,0.3,849312.0,848120.0,24.75
154.0,93.8,3299.999,1.46,64585.0,25272.0,5824.8,0.3,849312.0,848120.0,24.75
155.0,100.0,3300.0,1.47,64706.0,25200.0,5812.0,0.3,849884.0,848380.0,24.75
156.0,100.0,3299.999,1.51,66987.0,24984.0,6048.0,0.3,849312.0,848120.0,24.75
157.0,93.3,3300.0,1.51,67232.0,25128.0,6074.8,0.3,849312.0,848120.0,24.75
158.0,100.0,3300.0,1.49,66293.0,25272.0,5995.7,0.3,849312.0,848120.0,24.75
159.0,100.0,3299.999,1.47,65052.0,25272.0,5867.4,0.3,849312.0,848120.0,24.75
160.0,100.0,3299.985,1.47,65117.0,25200.0,5877.4,0.3,849312.0,848120.0,24.75
161.0,100.0,3300.0,1.47,65297.0,25056.0,5892.0,0.3,849312.0,848120.0,24.75
162.0,100.0,3299.999,1.49,65226.0,25200.0,5899.9,0.3,849312.0,848120.0,24.75
163.0,100.0,3300.0,1.49,65327.0,24984.0,5904.9,0.3,849312.0,848120.0,24.75
164.0,100.0,3299.999,1.49,65157.0,25272.0,5897.7,0.3,849312.0,848120.0,24.75
165.0,100.0,3300.0,1.47,64316.0,24912.0,5812.9,0.3,849312.0,848120.0,24.75
166.0,100.0,3299.999,1.5,66396.0,25056.0,5992.7,0.3,849312.0,848120.0,24.75
167.0,100.0,3299.999,1.5,66305.0,25272.0,5996.2,0.3,849312.0,848120.0,24.75
168.0,100.0,3300.0,1.5,66416.0,25272.0,6002.9,0.3,849312.0,848120.0,24.75
169.0,100.0,3300.0,1.49,66129.0,25272.0,5984.4,0.3,849884.0,848380.0,24.75
170.0,100.0,3299.999,1.47,64962.0,25272.0,5872.6,0.3,849600.0,848120.0,24.75
171.0,100.0,3299.999,1.46,64993.0,25128.0,5875.0,0.3,849312.0,848120.0,24.75
172.0,100.0,3299.999,1.47,64963.0,25128.0,5860.1,0.3,849312.0,848120.0,24.75
173.0,100.0,3300.0,1.47,64805.0,25128.0,5855.6,0.3,849312.0,848120.0,24.75
174.0,100.0,3299.999,1.49,65041.0,25056.0,5871.4,0.3,849312.0,848120.0,24.75
175.0,100.0,3299.999,1.49,65083.0,25200.0,5890.6,0.3,849312.0,848120.0,24.75
176.0,100.0,3299.999,1.48,64949.0,24768.0,5869.7,0.3,849312.0,848120.0,24.75
177.0,100.0,3300.0,1.47,64600.0,24912.0,5835.1,0.3,849312.0,848120.0,24.75
178.0,100.0,3299.999,1.47,64196.0,24912.0,5797.6,0.3,849312.0,848120.0,24.75
179.0,93.8,3300.0,1.46,64175.0,25200.0,5799.8,0.3,849312.0,848120.0,24.75
180.0,93.8,3299.999,1.46,64006.0,25200.0,5794.7,0.3,849312.0,848120.0,24.75
181.0,93.8,3300.0,1.46,64122.0,25128.0,5798.7,0.3,849312.0,848120.0,24.75
182.0,100.0,3299.999,1.35,60830.0,25272.0,5472.6,0.3,849884.0,848380.0,24.75
183.0,100.0,3300.0,1.21,51495.0,24912.0,4651.2,0.3,849312.0,848120.0,24.75
184.0,100.0,3299.999,1.29,58041.0,25200.0,5220.4,0.3,849884.0,848380.0,24.75
185.0,100.0,3300.0,1.26,53612.0,24912.0,4913.4,0.3,849312.0,848120.0,24.75
186.0,100.0,3300.0,1.31,58689.0,25200.0,5267.2,0.3,849312.0,848120.0,24.75
187.0,100.0,3299.999,1.31,56109.0,25128.0,5051.3,0.3,849312.0,848120.0,24.75
188.0,100.0,3300.0,1.36,60491.0,25200.0,5461.5,0.3,849312.0,848120.0,24.75
189.0,100.0,3300.0,1.36,59733.0,25200.0,5401.5,0.3,849312.0,848120.0,24.75
190.0,100.0,3299.999,1.3,55095.0,25272.0,5002.4,0.3,849312.0,848120.0,24.75
191.0,100.0,3300.0,1.42,62333.0,24984.0,5674.9,0.3,849312.0,848120.0,24.75
192.0,100.0,3299.999,1.32,58606.0,25200.0,5255.2,0.3,849312.0,848120.0,24.75
193.0,100.0,3300.0,1.26,54061.0,24912.0,4885.1,0.3,849312.0,848120.0,24.75
194.0,100.0,3299.999,1.35,60704.0,25056.0,5451.0,0.3,849312.0,848120.0,24.75
195.0,100.0,3300.0,1.35,57575.0,25200.0,5210.0,0.3,849884.0,848380.0,24.75
196.0,100.0,3300.0,1.35,58067.0,25200.0,5299.7,0.3,849312.0,848120.0,24.75
197.0,93.8,3299.999,1.37,61274.0,25128.0,5525.4,0.3,849312.0,848120.0,24.75
198.0,100.0,3299.999,1.36,58736.0,25200.0,5286.2,0.3,849312.0,848120.0,24.75
199.0,100.0,3300.0,1.29,56140.0,25056.0,5067.7,0.3,849312.0,848120.0,24.75
200.0,93.8,3299.999,1.32,58914.0,25272.0,5311.8,0.3,849312.0,848120.0,24.75
201.0,100.0,3299.999,1.29,54445.0,25128.0,4944.9,0.3,849312.0,848120.0,24.75
202.0,100.0,3300.0,1.36,60570.0,25272.0,5492.2,0.3,849884.0,848380.0,24.75
203.0,100.0,3299.985,1.22,52253.0,25128.0,4693.6,0.3,849312.0,848120.0,24.75
204.0,93.3,3300.0,1.33,59531.0,25200.0,5379.1,0.3,849312.0,848120.0,24.75
205.0,100.0,3299.999,1.33,57042.0,25056.0,5149.3,0.3,849884.0,848380.0,24.75
206.0,100.0,3300.0,1.33,57165.0,24984.0,5242.3,0.3,849312.0,848120.0,24.75
207.0,100.0,3299.999,1.34,60394.0,25056.0,5438.3,0.3,849884.0,848380.0,24.75
208.0,100.0,3300.0,1.29,54669.0,25128.0,4917.4,0.3,849312.0,848120.0,24.75
209.0,93.3,3300.0,1.32,59052.0,25200.0,5321.9,0.3,849312.0,848120.0,24.75
210.0,100.0,3299.999,1.31,56138.0,24840.0,5079.9,0.3,849884.0,848380.0,24.75
211.0,93.8,3300.0,1.35,58059.0,24984.0,5311.7,0.3,849312.0,848120.0,24.75
212.0,93.8,3299.999,1.32,58820.0,25128.0,5283.9,0.3,849312.0,848120.0,24.75
213.0,93.8,3300.0,1.26,53861.0,24840.0,4862.0,0.3,849312.0,848120.0,24.75
214.0,87.5,3300.0,1.31,58379.0,25200.0,5256.3,0.3,849884.0,848380.0,24.75
215.0,93.8,3299.999,1.28,54243.0,25128.0,4938.8,0.3,849312.0,848120.0,24.75
216.0,100.0,3299.999,1.34,60155.0,25056.0,5426.8,0.3,849884.0,848380.0,24.75
217.0,100.0,3300.0,1.25,52761.0,24912.0,4750.4,0.3,849312.0,848120.0,24.75
218.0,100.0,3299.999,1.31,58912.0,25200.0,5323.1,0.3,849312.0,848120.0,24.75
219.0,100.0,3300.0,1.27,53241.0,24480.0,4851.4,0.3,849312.0,848120.0,24.75
220.0,93.3,3300.0,1.41,61873.0,24840.0,5624.9,0.3,849312.0,848120.0,24.75
221.0,100.0,3300.0,1.29,56262.0,25200.0,5052.5,0.3,849312.0,848120.0,24.75
222.0,93.3,3300.001,1.26,55515.0,25200.0,5007.9,0.3,849312.0,848120.0,24.75
223.0,100.0,3299.999,1.28,55229.0,24840.0,4984.9,0.3,849312.0,848120.0,24.75
224.0,100.0,3300.0,1.34,57806.0,25056.0,5295.2,0.3,849312.0,848120.0,24.75
225.0,100.0,3299.999,1.31,58058.0,25128.0,5212.0,0.3,849312.0,848120.0,24.75
226.0,100.0,3299.999,1.26,54425.0,25272.0,4915.2,0.3,849312.0,848120.0,24.75
227.0,100.0,3300.0,1.29,56627.0,24912.0,5100.3,0.3,849884.0,848380.0,24.75
228.0,100.0,3300.0,1.29,55156.0,24984.0,5056.7,0.3,849312.0,848120.0,24.75
229.0,93.8,3300.0,1.32,58559.0,25128.0,5254.0,0.3,849312.0,848120.0,24.75
230.0,100.0,3300.0,1.26,53864.0,25272.0,4871.8,0.3,849312.0,848120.0,24.75
231.0,100.0,3300.0,1.29,57074.0,24984.0,5121.8,0.3,849884.0,848380.0,24.75
232.0,100.0,3299.999,1.29,54804.0,24984.0,5025.4,0.3,849312.0,848120.0,24.75
233.0,100.0,3300.0,1.31,58279.0,25200.0,5226.3,0.3,849312.0,848120.0,24.75
234.0,100.0,3300.0,1.26,54146.0,24984.0,4888.9,0.3,849312.0,848120.0,24.75
235.0,100.0,3299.999,1.26,54987.0,25056.0,4941.2,0.3,849312.0,848120.0,24.75
236.0,100.0,3299.999,1.32,56987.0,24984.0,5213.7,0.3,849312.0,848120.0,24.75
237.0,100.0,3300.0,1.28,56348.0,25200.0,5041.1,0.3,849312.0,848120.0,24.75
238.0,93.3,3299.999,1.23,54139.0,25200.0,4888.6,0.3,849312.0,848120.0,24.75
239.0,93.8,3300.0,1.22,51452.0,24984.0,4668.5,0.3,849312.0,848120.0,24.75
240.0,100.0,3300.0,1.37,60946.0,25128.0,5526.1,0.3,849884.0,848380.0,24.75
241.0,100.0,3300.0,1.17,49882.0,24840.0,4497.9,0.3,849312.0,848120.0,24.75
242.0,93.8,3300.0,1.23,53901.0,25056.0,4831.2,0.3,849312.0,848120.0,24.75
243.0,100.0,3299.999,1.33,57760.0,25128.0,5278.8,0.3,849312.0,848120.0,24.75
244.0,100.0,3300.0,1.12,48631.0,24912.0,4359.7,0.3,849312.0,848120.0,24.75
245.0,100.0,3299.999,1.25,54890.0,25056.0,4929.2,0.3,849312.0,848120.0,24.75
246.0,100.0,3299.999,1.32,56835.0,25128.0,5202.6,0.3,849312.0,848120.0,24.75
247.0,100.0,3300.0,1.23,53690.0,24912.0,4811.1,0.3,849312.0,848120.0,24.75
248.0,100.0,3299.999,1.24,55392.0,25200.0,4970.5,0.3,849312.0,848120.0,24.75
249.0,100.0,3300.0,1.25,52331.0,25128.0,4765.9,0.3,849312.0,848120.0,24.75
250.0,100.0,3299.999,1.32,58856.0,25128.0,5313.4,0.3,849312.0,848120.0,24.75
251.0,100.0,3299.999,1.24,52642.0,25200.0,4756.9,0.3,849312.0,848120.0,24.75
252.0,100.0,3299.999,1.22,52919.0,24912.0,4756.6,0.3,849312.0,848120.0,24.75
253.0,100.0,3299.999,1.34,58333.0,25200.0,5323.3,0.3,849884.0,848380.0,24.75
254.0,93.8,3299.999,1.17,50205.0,25200.0,4492.7,0.3,849312.0,848120.0,24.75
255.0,100.0,3300.0,1.29,57341.0,25272.0,5181.5,0.3,849884.0,848380.0,24.75
256.0,100.0,3299.999,1.26,53430.0,24696.0,4874.4,0.3,849312.0,848120.0,24.75
257.0,100.0,3300.0,1.29,56729.0,25128.0,5076.0,0.3,849312.0,848120.0,24.75
258.0,100.0,3300.0,1.15,50796.0,25200.0,4565.7,0.3,849884.0,848380.0,24.75
259.0,100.0,3299.999,1.24,52811.0,24840.0,4825.1,0.3,849312.0,848120.0,24.75
260.0,100.0,3300.0,1.2,52143.0,25200.0,4665.9,0.3,849312.0,848120.0,24.75
261.0,100.0,3299.999,1.25,55430.0,25056.0,5007.2,0.3,849884.0,848380.0,24.75
262.0,100.0,3300.0,1.25,52783.0,24552.0,4831.9,0.3,849312.0,848120.0,24.75
263.0,100.0,3299.999,1.29,57054.0,25056.0,5107.6,0.3,849312.0,848120.0,24.75
264.0,93.3,3300.0,1.18,52352.0,24768.0,4706.4,0.3,849312.0,848120.0,24.75
265.0,93.3,3299.999,1.23,51292.0,25200.0,4695.2,0.3,849312.0,848120.0,24.75
266.0,100.0,3300.0,1.3,57798.0,25200.0,5197.1,0.3,849312.0,848120.0,24.75
267.0,93.8,3299.999,1.19,52268.0,25200.0,4699.8,0.3,849312.0,848120.0,24.75
268.0,93.8,3299.999,1.2,50761.0,25200.0,4623.8,0.3,849312.0,848120.0,24.75
269.0,100.0,3299.999,1.31,57960.0,25200.0,5228.6,0.3,849312.0,848120.0,24.75
270.0,93.8,3300.0,1.21,52251.0,25200.0,4702.1,0.3,849312.0,848120.0,24.75
271.0,100.0,3300.0,1.18,50226.0,25272.0,4567.4,0.3,849312.0,848120.0,24.75
272.0,100.0,3299.999,1.3,58288.0,25056.0,5249.8,0.3,849312.0,848120.0,24.75
273.0,100.0,3299.999,1.2,51842.0,25128.0,4666.7,0.3,849312.0,848120.0,24.75
274.0,100.0,3300.0,1.18,50103.0,25200.0,4570.4,0.3,849312.0,848120.0,24.75
275.0,100.0,3300.0,1.3,57736.0,25128.0,5210.1,0.3,849312.0,848120.0,24.75
276.0,100.0,3299.999,1.19,51922.0,25200.0,4657.0,0.3,849312.0,848120.0,24.75
277.0,100.0,3299.999,1.2,50184.0,25200.0,4587.8,0.3,849312.0,848120.0,24.75
278.0,100.0,3299.999,1.29,57302.0,25200.0,5153.2,0.3,849312.0,848120.0,24.75
279.0,100.0,3299.999,1.16,51600.0,25200.0,4635.9,0.3,849884.0,848380.0,24.75
280.0,100.0,3300.0,1.22,51024.0,24552.0,4673.7,0.3,849312.0,848120.0,24.75
281.0,100.0,3299.999,1.26,55243.0,24984.0,4953.0,0.3,849312.0,848120.0,24.75
282.0,100.0,3299.999,1.16,50852.0,25272.0,4585.4,0.3,849312.0,848120.0,24.75
283.0,100.0,3300.0,1.21,52251.0,25200.0,4752.6,0.3,849884.0,848380.0,24.75
284.0,100.0,3299.999,1.18,50367.0,24624.0,4543.0,0.3,849312.0,848120.0,24.75
285.0,100.0,3300.0,1.15,49383.0,25128.0,4461.5,0.3,849312.0,848120.0,24.75
286.0,93.8,3299.999,1.3,58317.0,25128.0,5272.9,0.3,849312.0,848120.0,24.75
287.0,93.8,3299.999,1.19,51204.0,24984.0,4615.4,0.3,849312.0,848120.0,24.75
288.0,93.3,3300.0,1.17,49588.0,25200.0,4524.1,0.3,849312.0,848120.0,24.75
289.0,100.0,3299.999,1.28,56497.0,25128.0,5084.9,0.3,849312.0,848120.0,24.75
290.0,100.0,3299.999,1.15,50909.0,24696.0,4580.9,0.3,849884.0,848380.0,24.75
291.0,100.0,3300.0,1.24,52343.0,24912.0,4788.8,0.3,849312.0,848120.0,24.75
292.0,100.0,3300.0,1.14,49174.0,25200.0,4383.0,0.3,849312.0,848120.0,24.75
293.0,100.0,3299.999,1.25,54882.0,24912.0,4948.9,0.3,849312.0,848120.0,24.75
294.0,100.0,3299.999,1.25,54374.0,25128.0,4956.0,0.3,849884.0,848380.0,24.75
295.0,100.0,3300.0,1.18,50323.0,24840.0,4538.5,0.3,849312.0,848120.0,24.75
296.0,100.0,3300.0,1.14,48920.0,25200.0,4435.1,0.3,849312.0,848120.0,24.75
297.0,100.0,3300.0,1.29,56910.0,25200.0,5135.7,0.3,849312.0,848120.0,24.75
298.0,93.8,3299.999,1.11,48624.0,25272.0,4375.1,0.3,849312.0,848120.0,24.75
299.0,100.0,3300.0,1.19,51547.0,25200.0,4699.5,0.3,849884.0,848380.0,24.75
