time,CPU_Utilization,Frequency,IPC,Misses,LLC,MBL,Memory_Footprint,Virt_Memory,Res_Memory,Allocated_Cache
0.0,100.0,3300.0,0.04,33.0,288.0,6.8,0.3,870052.0,866232.0,22.5
1.0,100.0,3299.999,1.32,5909.0,7992.0,936.6,0.3,870052.0,866232.0,22.5
2.0,100.0,3300.0,1.3,159.0,6408.0,11.0,0.3,870052.0,866232.0,22.5
3.0,100.0,3299.999,1.33,259.0,7200.0,17.6,0.3,870052.0,866232.0,22.5
4.0,100.0,3300.0,1.39,242.0,6048.0,16.5,0.3,870052.0,866440.0,22.5
5.0,100.0,3299.999,1.43,246.0,7344.0,16.7,0.3,870052.0,866440.0,22.5
6.0,100.0,3299.999,1.57,255.0,6912.0,17.1,0.3,870052.0,866440.0,22.5
7.0,100.0,3300.0,1.55,238.0,7056.0,16.2,0.3,870052.0,866440.0,22.5
8.0,100.0,3299.999,1.39,245.0,6984.0,17.4,0.3,870052.0,866440.0,22.5
9.0,100.0,3300.001,1.4,233.0,6480.0,16.0,0.3,870052.0,866440.0,22.5
10.0,100.0,3299.999,1.43,275.0,6696.0,18.6,0.3,870052.0,866440.0,22.5
11.0,100.0,3300.0,1.73,220.0,6552.0,15.0,0.3,870052.0,866440.0,22.5
12.0,100.0,3300.0,1.39,250.0,7632.0,16.9,0.3,870052.0,866440.0,22.5
13.0,100.0,3299.999,1.35,247.0,6984.0,18.3,0.3,870052.0,866440.0,22.5
14.0,100.0,3300.0,1.44,257.0,7704.0,17.7,0.3,870052.0,866440.0,22.5
15.0,100.0,3299.999,1.72,215.0,7056.0,14.1,0.3,870052.0,866440.0,22.5
16.0,100.0,3300.0,1.4,253.0,6984.0,18.1,0.3,870052.0,866440.0,22.5
17.0,100.0,3300.0,1.39,241.0,6984.0,16.7,0.3,870052.0,866440.0,22.5
18.0,100.0,3299.999,1.43,245.0,6192.0,16.2,0.3,870052.0,866440.0,22.5
19.0,100.0,3300.0,1.6,251.0,7488.0,16.9,0.3,870052.0,866440.0,22.5
20.0,100.0,3299.999,1.59,226.0,6336.0,15.0,0.3,870052.0,866440.0,22.5
21.0,100.0,3300.0,1.39,243.0,6840.0,17.4,0.3,870052.0,866440.0,22.5
22.0,93.8,3300.0,1.38,232.0,6696.0,15.4,0.3,870052.0,866440.0,22.5
23.0,93.8,3299.999,1.42,274.0,6984.0,18.6,0.3,870052.0,866440.0,22.5
24.0,100.0,3299.999,1.8,181.0,6624.0,12.8,0.3,870052.0,866908.0,22.5
25.0,93.8,3299.999,1.38,254.0,7488.0,17.6,0.3,867836.0,864596.0,22.5
26.0,100.0,3300.0,1.05,644.0,10512.0,642.5,0.3,867836.0,864596.0,22.5
27.0,100.0,3299.999,1.04,632.0,10656.0,70.9,0.3,867836.0,864596.0,22.5
28.0,100.0,3300.0,1.08,635.0,9576.0,72.1,0.3,867836.0,864596.0,22.5
29.0,100.0,3300.001,1.08,677.0,9360.0,77.0,0.3,867836.0,864596.0,22.5
30.0,100.0,3300.0,1.04,631.0,8784.0,70.6,0.3,867836.0,864596.0,22.5
31.0,93.8,3299.999,1.08,634.0,8928.0,70.9,0.3,867836.0,864732.0,22.5
32.0,100.0,3300.0,1.08,678.0,9864.0,75.7,0.3,867836.0,864732.0,22.5
33.0,100.0,3299.999,1.03,624.0,9360.0,70.1,0.3,867836.0,864732.0,22.5
34.0,100.0,3299.999,1.17,869.0,21600.0,184.6,0.3,871660.0,867704.0,22.5
35.0,93.8,3299.999,1.53,252.0,7632.0,31.6,0.3,871660.0,867704.0,22.5
36.0,100.0,3300.0,1.7,167.0,7560.0,12.2,0.3,871660.0,868232.0,22.5
37.0,100.0,3299.999,1.37,257.0,8280.0,18.7,0.3,871660.0,868232.0,22.5
38.0,100.0,3299.999,1.33,241.0,7848.0,16.2,0.3,871660.0,868496.0,22.5
39.0,100.0,3300.0,1.44,258.0,7416.0,17.0,0.3,871660.0,868496.0,22.5
