time,CPU_Utilization,Frequency,IPC,Misses,LLC,MBL,Memory_Footprint,Virt_Memory,Res_Memory,Allocated_Cache
0.0,100.0,3300.0,0.2,215.0,576.0,8.6,0.3,870052.0,865372.0,9.0
1.0,100.0,3300.0,1.02,5742.0,7128.0,934.7,0.3,870052.0,865372.0,9.0
2.0,100.0,3299.999,1.55,396.0,6192.0,72.0,0.3,870052.0,865372.0,9.0
3.0,100.0,3300.0,1.41,442.0,6048.0,76.1,0.3,870052.0,865372.0,9.0
4.0,100.0,3299.999,1.39,432.0,5040.0,77.0,0.3,870052.0,865372.0,9.0
5.0,100.0,3300.0,1.43,422.0,5328.0,74.0,0.3,870052.0,865552.0,9.0
6.0,100.0,3300.0,1.58,440.0,4536.0,77.4,0.3,870052.0,865552.0,9.0
7.0,100.0,3300.0,1.54,422.0,5112.0,79.0,0.3,870052.0,865552.0,9.0
8.0,100.0,3299.999,1.39,450.0,5328.0,81.1,0.3,870052.0,865552.0,9.0
9.0,100.0,3300.0,1.39,417.0,4752.0,75.5,0.3,870052.0,865552.0,9.0
10.0,100.0,3300.0,1.43,455.0,5400.0,77.1,0.3,870052.0,865552.0,9.0
11.0,100.0,3299.999,1.73,398.0,5328.0,73.5,0.3,870052.0,865552.0,9.0
12.0,93.8,3299.999,1.39,450.0,5040.0,77.1,0.3,870052.0,865552.0,9.0
13.0,100.0,3299.999,1.35,430.0,5472.0,77.1,0.3,870052.0,865552.0,9.0
14.0,100.0,3300.0,1.43,425.0,5832.0,76.1,0.3,870052.0,865552.0,9.0
15.0,100.0,3300.0,1.72,403.0,5112.0,75.7,0.3,870052.0,865552.0,9.0
16.0,100.0,3299.999,1.4,439.0,5256.0,77.5,0.3,870052.0,865552.0,9.0
17.0,100.0,3300.0,1.2,378.0,4752.0,67.0,0.3,870052.0,865552.0,9.0
18.0,100.0,3300.0,1.41,418.0,4968.0,75.9,0.3,870052.0,865552.0,9.0
19.0,100.0,3300.0,1.51,436.0,5328.0,77.8,0.3,870052.0,865552.0,9.0
20.0,100.0,3300.0,1.69,398.0,4968.0,75.3,0.3,870052.0,865552.0,9.0
21.0,100.0,3300.001,1.39,443.0,5616.0,76.8,0.3,870052.0,865552.0,9.0
22.0,100.0,3299.999,1.35,411.0,5184.0,73.6,0.3,870052.0,865552.0,9.0
23.0,100.0,3300.0,1.42,440.0,4752.0,73.5,0.3,870052.0,865552.0,9.0
24.0,100.0,3299.999,1.76,444.0,5184.0,70.5,0.3,870052.0,866040.0,9.0
25.0,100.0,3300.001,1.43,432.0,5400.0,79.8,0.3,867836.0,863708.0,9.0
26.0,100.0,3299.999,1.12,633.0,5832.0,652.4,0.3,867836.0,863708.0,9.0
27.0,100.0,3299.999,1.04,634.0,5544.0,70.7,0.3,867836.0,863708.0,9.0
28.0,100.0,3300.0,1.09,654.0,5832.0,69.6,0.3,867836.0,863708.0,9.0
29.0,100.0,3299.999,1.08,682.0,6048.0,76.2,0.3,867836.0,863708.0,9.0
30.0,100.0,3300.009,1.03,622.0,6048.0,68.9,0.3,867836.0,863708.0,9.0
31.0,100.0,3300.0,1.09,663.0,5688.0,73.7,0.3,867836.0,863844.0,9.0
32.0,100.0,3300.0,1.07,678.0,5976.0,74.7,0.3,867836.0,863844.0,9.0
33.0,100.0,3299.999,1.04,607.0,5688.0,66.0,0.3,867836.0,863844.0,9.0
34.0,100.0,3299.999,1.11,993.0,8208.0,215.8,0.3,871660.0,866832.0,9.0
35.0,100.0,3299.999,1.42,653.0,5544.0,110.1,0.3,871660.0,866832.0,9.0
36.0,100.0,3300.0,1.77,795.0,5904.0,124.7,0.3,871660.0,867360.0,9.0
37.0,100.0,3299.999,1.36,651.0,5760.0,106.6,0.3,871660.0,867360.0,9.0
38.0,100.0,3300.0,1.35,635.0,5472.0,108.6,0.3,871660.0,867360.0,9.0
39.0,100.0,3299.999,1.42,618.0,5904.0,102.7,0.3,871660.0,867360.0,9.0
