time,CPU_Utilization,Frequency,IPC,Misses,LLC,MBL,Memory_Footprint,Virt_Memory,Res_Memory,Allocated_Cache
0.0,100.0,3299.999,0.04,54.0,15984.0,30.1,0.3,870052.0,865376.0,18.0
1.0,100.0,3300.001,1.31,5914.0,7488.0,992.6,0.3,870052.0,865376.0,18.0
2.0,100.0,3300.0,1.75,236.0,5760.0,16.6,0.3,870052.0,865376.0,18.0
3.0,100.0,3299.999,1.38,255.0,7200.0,17.0,0.3,870052.0,865376.0,18.0
4.0,100.0,3299.999,1.35,252.0,6048.0,16.6,0.3,870052.0,865376.0,18.0
5.0,100.0,3299.999,1.45,261.0,6120.0,17.6,0.3,870052.0,865552.0,18.0
6.0,100.0,3300.0,1.68,231.0,5184.0,14.6,0.3,870052.0,865552.0,18.0
7.0,100.0,3299.999,1.41,253.0,5328.0,17.3,0.3,870052.0,865552.0,18.0
8.0,100.0,3300.001,1.38,242.0,6120.0,17.4,0.3,870052.0,865552.0,18.0
9.0,100.0,3300.0,1.44,248.0,6120.0,17.2,0.3,870052.0,865552.0,18.0
10.0,100.0,3299.999,1.58,254.0,5976.0,17.9,0.3,870052.0,865552.0,18.0
11.0,100.0,3300.0,1.55,240.0,4896.0,16.2,0.3,870052.0,865552.0,18.0
12.0,100.0,3299.999,1.4,245.0,5256.0,16.5,0.3,870052.0,865552.0,18.0
13.0,100.0,3299.999,1.39,239.0,5544.0,16.5,0.3,870052.0,865552.0,18.0
14.0,100.0,3300.0,1.44,275.0,5544.0,18.1,0.3,870052.0,865552.0,18.0
15.0,100.0,3299.999,1.75,214.0,5616.0,13.9,0.3,870052.0,865552.0,18.0
16.0,100.0,3299.999,1.39,261.0,5112.0,17.3,0.3,870052.0,865552.0,18.0
17.0,100.0,3299.999,1.34,243.0,6696.0,15.8,0.3,870052.0,865552.0,18.0
18.0,100.0,3300.0,1.44,256.0,6192.0,17.5,0.3,870052.0,865552.0,18.0
19.0,100.0,3299.999,1.64,213.0,5616.0,13.9,0.3,870052.0,865552.0,18.0
20.0,100.0,3299.999,1.45,251.0,5544.0,16.9,0.3,870052.0,865552.0,18.0
21.0,100.0,3299.999,1.38,240.0,5832.0,16.1,0.3,870052.0,865552.0,18.0
22.0,100.0,3300.001,1.42,244.0,5472.0,17.8,0.3,870052.0,865552.0,18.0
23.0,100.0,3300.0,1.56,262.0,5904.0,17.2,0.3,870052.0,865800.0,18.0
24.0,100.0,3299.999,1.68,196.0,5400.0,12.8,0.3,870052.0,866044.0,18.0
25.0,100.0,3299.999,1.24,352.0,17568.0,591.8,0.3,867836.0,863700.0,18.0
26.0,100.0,3299.999,1.09,650.0,7920.0,81.6,0.3,867836.0,863700.0,18.0
27.0,100.0,3299.999,1.08,671.0,8784.0,74.9,0.3,867836.0,863700.0,18.0
28.0,100.0,3299.999,1.03,612.0,8928.0,67.0,0.3,867836.0,863700.0,18.0
29.0,100.0,3300.0,1.09,667.0,7848.0,76.1,0.3,867836.0,863700.0,18.0
30.0,100.0,3300.0,1.07,665.0,9288.0,73.5,0.3,867836.0,863848.0,18.0
31.0,100.0,3300.0,1.04,596.0,8280.0,66.2,0.3,867836.0,863848.0,18.0
32.0,100.0,3299.999,1.08,680.0,8712.0,75.9,0.3,867836.0,863848.0,18.0
33.0,100.0,3300.0,1.05,649.0,8568.0,72.1,0.3,867836.0,863848.0,18.0
34.0,100.0,3299.999,1.24,755.0,17280.0,168.8,0.3,871660.0,866776.0,18.0
35.0,100.0,3299.999,1.63,237.0,7776.0,25.9,0.3,871660.0,867568.0,18.0
36.0,100.0,3299.999,1.58,189.0,7776.0,13.4,0.3,871660.0,867568.0,18.0
37.0,100.0,3299.999,1.39,259.0,6696.0,18.1,0.3,871660.0,867568.0,18.0
38.0,100.0,3300.0,1.36,246.0,7704.0,16.1,0.3,871660.0,867568.0,18.0
39.0,100.0,3300.0,1.4,265.0,7416.0,17.8,0.3,871660.0,867568.0,18.0
