time,CPU_Utilization,Frequency,IPC,Misses,LLC,MBL,Memory_Footprint,Virt_Memory,Res_Memory,Allocated_Cache
0.0,100.0,3300.0,0.04,33.0,648.0,7.2,0.3,870052.0,865752.0,24.75
1.0,100.0,3300.0,1.28,6496.0,23544.0,1220.1,0.3,870052.0,865752.0,24.75
2.0,100.0,3300.0,1.74,225.0,23616.0,16.9,0.3,870052.0,865752.0,24.75
3.0,100.0,3299.999,1.39,262.0,23832.0,19.3,0.3,870052.0,865752.0,24.75
4.0,100.0,3300.0,1.34,233.0,23184.0,15.8,0.3,870052.0,865752.0,24.75
5.0,100.0,3300.0,1.45,252.0,23400.0,17.2,0.3,870052.0,865752.0,24.75
6.0,100.0,3299.999,1.66,222.0,23184.0,14.8,0.3,870052.0,865896.0,24.75
7.0,100.0,3300.0,1.43,247.0,23616.0,16.9,0.3,870052.0,865896.0,24.75
8.0,100.0,3299.999,1.39,236.0,23544.0,17.3,0.3,870052.0,865896.0,24.75
9.0,100.0,3300.0,1.43,240.0,23184.0,15.4,0.3,870052.0,865896.0,24.75
10.0,100.0,3299.999,1.56,251.0,22896.0,17.6,0.3,870052.0,865896.0,24.75
11.0,100.0,3299.999,1.57,232.0,15192.0,19.9,0.3,870052.0,865896.0,24.75
12.0,100.0,3300.0,1.4,238.0,17568.0,16.5,0.3,870052.0,865896.0,24.75
13.0,100.0,3299.999,1.38,242.0,18072.0,16.0,0.3,870052.0,865896.0,24.75
14.0,93.8,3300.0,1.42,257.0,17712.0,17.9,0.3,870052.0,865896.0,24.75
15.0,100.0,3299.999,1.77,207.0,18000.0,13.1,0.3,870052.0,865896.0,24.75
16.0,100.0,3299.999,1.39,255.0,18504.0,17.0,0.3,870052.0,865896.0,24.75
17.0,100.0,3299.999,1.35,242.0,18864.0,16.7,0.3,870052.0,865896.0,24.75
18.0,100.0,3300.0,1.44,242.0,18792.0,16.1,0.3,870052.0,865896.0,24.75
19.0,100.0,3299.999,1.72,214.0,18504.0,15.6,0.3,870052.0,865896.0,24.75
20.0,100.0,3300.0,1.45,244.0,18576.0,16.4,0.3,870052.0,865896.0,24.75
21.0,100.0,3300.0,1.38,233.0,19152.0,15.7,0.3,870052.0,865896.0,24.75
22.0,100.0,3299.999,1.42,247.0,19008.0,17.2,0.3,870052.0,865896.0,24.75
23.0,100.0,3300.0,1.55,229.0,19080.0,15.3,0.3,870052.0,866168.0,24.75
24.0,100.0,3300.0,1.67,177.0,19656.0,11.4,0.3,870052.0,866168.0,24.75
25.0,100.0,3300.0,1.24,337.0,24192.0,591.0,0.3,867836.0,864048.0,24.75
26.0,93.8,3300.0,0.93,568.0,23688.0,64.4,0.3,867836.0,864048.0,24.75
27.0,100.0,3300.0,0.88,539.0,23760.0,60.3,0.3,867836.0,864048.0,24.75
28.0,100.0,3299.999,1.08,640.0,22104.0,72.3,0.3,867836.0,864048.0,24.75
29.0,93.8,3300.0,1.08,670.0,22248.0,74.8,0.3,867836.0,864048.0,24.75
30.0,100.0,3299.999,1.04,630.0,16848.0,75.0,0.3,867836.0,864192.0,24.75
31.0,100.0,3300.0,1.08,637.0,18288.0,69.6,0.3,867836.0,864192.0,24.75
32.0,100.0,3299.999,1.08,674.0,19728.0,74.3,0.3,867836.0,864192.0,24.75
33.0,100.0,3300.0,1.03,626.0,20016.0,69.8,0.3,867836.0,864192.0,24.75
34.0,100.0,3299.999,1.17,794.0,24336.0,179.6,0.3,871660.0,867096.0,24.75
35.0,100.0,3300.0,1.53,246.0,23976.0,18.6,0.3,871660.0,867888.0,24.75
36.0,100.0,3299.999,1.71,159.0,23976.0,15.0,0.3,871660.0,867888.0,24.75
37.0,100.0,3299.999,1.36,250.0,23400.0,18.8,0.3,871660.0,867888.0,24.75
38.0,100.0,3300.0,1.34,231.0,22752.0,15.8,0.3,871660.0,867888.0,24.75
39.0,100.0,3300.0,1.44,251.0,22680.0,17.2,0.3,871660.0,867888.0,24.75
40.0,100.0,3299.999,1.63,218.0,22752.0,15.3,0.3,871660.0,867888.0,24.75
41.0,100.0,3299.999,1.54,202.0,22752.0,13.4,0.3,871660.0,867888.0,24.75
42.0,100.0,3300.0,1.38,240.0,22464.0,16.4,0.3,871660.0,867888.0,24.75
43.0,100.0,3299.999,1.39,229.0,22608.0,16.2,0.3,871660.0,867888.0,24.75
44.0,100.0,3300.0,1.41,259.0,22536.0,17.4,0.3,871660.0,867888.0,24.75
45.0,100.0,3300.0,1.8,195.0,22968.0,12.4,0.3,871660.0,867888.0,24.75
46.0,100.0,3299.999,1.35,237.0,23112.0,15.9,0.3,871660.0,867888.0,24.75
47.0,100.0,3300.0,1.35,242.0,23040.0,16.0,0.3,871660.0,867888.0,24.75
48.0,100.0,3300.0,1.42,233.0,22968.0,16.0,0.3,871660.0,867888.0,24.75
49.0,100.0,3299.999,1.64,235.0,22608.0,16.0,0.3,871660.0,867888.0,24.75
50.0,100.0,3300.0,1.49,211.0,21816.0,14.8,0.3,871660.0,867888.0,24.75
51.0,100.0,3299.999,1.38,231.0,21960.0,15.5,0.3,871660.0,867888.0,24.75
52.0,100.0,3300.0,1.39,227.0,21744.0,15.5,0.3,871660.0,867888.0,24.75
53.0,100.0,3300.0,1.44,251.0,21888.0,16.8,0.3,871660.0,867888.0,24.75
54.0,100.0,3299.999,1.71,200.0,21888.0,12.8,0.3,871660.0,867888.0,24.75
55.0,100.0,3300.0,1.37,239.0,21888.0,14.6,0.3,871660.0,867888.0,24.75
56.0,100.0,3300.0,1.33,226.0,21888.0,15.3,0.3,871660.0,867888.0,24.75
57.0,100.0,3300.0,1.43,233.0,21672.0,15.0,0.3,871660.0,867888.0,24.75
58.0,100.0,3299.999,1.66,206.0,21672.0,12.5,0.3,871660.0,867888.0,24.75
59.0,100.0,3299.999,1.43,221.0,21744.0,14.0,0.3,868924.0,865024.0,24.75
60.0,100.0,3300.0,1.15,580.0,23472.0,630.8,0.3,868924.0,865024.0,24.75
61.0,93.8,3299.999,1.05,626.0,23832.0,69.0,0.3,868924.0,865024.0,24.75
62.0,93.8,3300.0,1.09,660.0,23400.0,74.5,0.3,868924.0,865024.0,24.75
63.0,100.0,3300.0,1.09,679.0,23688.0,76.8,0.3,868924.0,865024.0,24.75
64.0,100.0,3299.999,1.04,631.0,23544.0,70.2,0.3,868924.0,865024.0,24.75
65.0,93.8,3299.999,1.09,662.0,23472.0,73.5,0.3,868924.0,865024.0,24.75
66.0,100.0,3300.0,1.08,680.0,23472.0,76.2,0.3,868924.0,865024.0,24.75
67.0,100.0,3299.999,1.04,609.0,23832.0,68.1,0.3,868924.0,865024.0,24.75
68.0,100.0,3300.0,1.15,831.0,24480.0,193.3,0.3,873220.0,868420.0,24.75
69.0,100.0,3300.0,1.48,237.0,23112.0,21.1,0.3,873220.0,868420.0,24.75
70.0,100.0,3299.999,1.77,184.0,22752.0,13.9,0.3,873220.0,868420.0,24.75
71.0,100.0,3300.0,1.37,254.0,15408.0,22.9,0.3,873220.0,868420.0,24.75
72.0,100.0,3300.0,1.32,223.0,17640.0,14.5,0.3,873220.0,868420.0,24.75
73.0,93.8,3299.999,1.44,238.0,18720.0,15.6,0.3,873220.0,868420.0,24.75
74.0,100.0,3299.999,1.09,162.0,19224.0,10.8,0.3,873220.0,868420.0,24.75
75.0,100.0,3299.999,1.31,131.0,19080.0,7.4,0.3,873220.0,868420.0,24.75
76.0,93.8,3300.0,1.36,245.0,19944.0,17.2,0.3,873220.0,868420.0,24.75
77.0,100.0,3300.0,1.35,229.0,20016.0,16.0,0.3,873220.0,868420.0,24.75
78.0,100.0,3299.999,1.44,232.0,20448.0,15.1,0.3,873220.0,868420.0,24.75
79.0,100.0,3300.0,1.58,237.0,21240.0,15.3,0.3,873220.0,868420.0,24.75
80.0,100.0,3299.999,1.65,193.0,21240.0,12.0,0.3,873220.0,868420.0,24.75
81.0,100.0,3299.999,1.38,237.0,21240.0,16.6,0.3,873220.0,868420.0,24.75
82.0,100.0,3299.999,1.37,236.0,21888.0,16.1,0.3,873220.0,868420.0,24.75
83.0,100.0,3299.999,1.41,238.0,21528.0,15.7,0.3,873220.0,868420.0,24.75
84.0,100.0,3300.0,1.76,201.0,22248.0,13.3,0.3,873220.0,868420.0,24.75
85.0,100.0,3300.0,1.39,242.0,21528.0,16.0,0.3,873220.0,868420.0,24.75
86.0,100.0,3299.999,1.37,226.0,21672.0,15.1,0.3,873220.0,868420.0,24.75
87.0,100.0,3299.999,1.43,228.0,20808.0,15.4,0.3,873220.0,868420.0,24.75
88.0,100.0,3299.999,1.54,246.0,21240.0,17.1,0.3,873220.0,868420.0,24.75
89.0,100.0,3299.999,1.6,202.0,21024.0,12.9,0.3,873220.0,868420.0,24.75
90.0,100.0,3299.999,1.38,234.0,21528.0,15.0,0.3,873220.0,868420.0,24.75
91.0,100.0,3300.0,1.36,226.0,20304.0,16.2,0.3,873220.0,868420.0,24.75
92.0,100.0,3299.999,1.4,238.0,20808.0,16.7,0.3,873220.0,868420.0,24.75
93.0,100.0,3300.0,1.74,197.0,20448.0,12.5,0.3,873220.0,868420.0,24.75
94.0,100.0,3299.999,1.4,237.0,20592.0,15.8,0.3,869704.0,865848.0,24.75
95.0,100.0,3300.0,1.1,577.0,23616.0,630.4,0.3,869704.0,865848.0,24.75
96.0,100.0,3300.0,1.01,611.0,23328.0,68.1,0.3,869704.0,865848.0,24.75
97.0,100.0,3299.999,1.07,643.0,23472.0,71.9,0.3,869704.0,865848.0,24.75
98.0,100.0,3299.999,1.05,660.0,23328.0,73.9,0.3,869704.0,865848.0,24.75
99.0,100.0,3300.0,1.01,608.0,23544.0,67.1,0.3,869704.0,865848.0,24.75
100.0,100.0,3299.999,1.07,659.0,23472.0,74.7,0.3,869704.0,865848.0,24.75
101.0,100.0,3300.0,1.04,649.0,23472.0,73.3,0.3,869704.0,865848.0,24.75
102.0,100.0,3299.999,1.02,595.0,23328.0,65.0,0.3,869704.0,865848.0,24.75
