time,CPU_Utilization,Frequency,IPC,Misses,LLC,MBL,Memory_Footprint,Virt_Memory,Res_Memory,Allocated_Cache
0.0,100.0,3299.999,0.04,34.0,1656.0,8.1,0.3,870052.0,865444.0,13.5
1.0,100.0,3300.0,1.32,5932.0,8856.0,998.7,0.3,870052.0,865444.0,13.5
2.0,100.0,3299.999,1.75,237.0,7200.0,25.3,0.3,870052.0,865444.0,13.5
3.0,100.0,3300.0,1.39,264.0,6768.0,30.4,0.3,870052.0,865672.0,13.5
4.0,100.0,3300.0,1.35,259.0,6840.0,30.7,0.3,870052.0,865672.0,13.5
5.0,100.0,3300.0,1.45,271.0,6696.0,27.6,0.3,870052.0,865672.0,13.5
6.0,100.0,3299.999,1.68,241.0,5832.0,24.5,0.3,870052.0,865672.0,13.5
7.0,100.0,3300.0,1.41,263.0,7056.0,33.6,0.3,870052.0,865672.0,13.5
8.0,93.8,3299.999,1.39,254.0,6552.0,30.0,0.3,870052.0,865672.0,13.5
9.0,100.0,3299.999,1.44,255.0,6120.0,26.7,0.3,870052.0,865672.0,13.5
10.0,100.0,3300.0,1.33,237.0,5256.0,25.0,0.3,870052.0,865672.0,13.5
11.0,100.0,3299.999,1.51,225.0,5760.0,24.9,0.3,870052.0,865672.0,13.5
12.0,100.0,3300.0,1.39,266.0,5760.0,32.0,0.3,870052.0,865672.0,13.5
13.0,100.0,3299.999,1.36,249.0,6120.0,31.2,0.3,870052.0,865672.0,13.5
14.0,93.8,3300.0,1.43,267.0,6336.0,27.6,0.3,870052.0,865672.0,13.5
15.0,93.8,3300.0,1.76,224.0,6048.0,23.3,0.3,870052.0,865672.0,13.5
16.0,100.0,3300.0,1.38,274.0,6192.0,31.2,0.3,870052.0,865672.0,13.5
17.0,100.0,3299.999,1.38,254.0,5688.0,29.8,0.3,870052.0,865672.0,13.5
18.0,100.0,3300.0,1.43,261.0,5544.0,26.5,0.3,870052.0,865672.0,13.5
19.0,100.0,3299.999,1.63,247.0,5832.0,28.3,0.3,870052.0,865672.0,13.5
20.0,100.0,3299.999,1.55,237.0,5112.0,27.0,0.3,870052.0,865672.0,13.5
21.0,100.0,3300.0,1.39,260.0,5688.0,30.4,0.3,870052.0,865672.0,13.5
22.0,100.0,3299.999,1.39,244.0,5688.0,28.4,0.3,870052.0,865672.0,13.5
23.0,100.0,3299.999,1.46,273.0,6120.0,28.3,0.3,870052.0,865672.0,13.5
24.0,100.0,3300.0,1.77,194.0,5472.0,17.6,0.3,870052.0,866124.0,13.5
25.0,100.0,3299.999,1.3,280.0,12816.0,601.7,0.3,867836.0,863828.0,13.5
26.0,100.0,3300.0,1.09,685.0,8424.0,82.1,0.3,867836.0,863828.0,13.5
27.0,93.8,3299.999,1.06,653.0,8424.0,73.1,0.3,867836.0,863828.0,13.5
28.0,93.8,3300.0,1.03,598.0,6912.0,65.6,0.3,867836.0,863828.0,13.5
29.0,93.8,3299.999,1.08,673.0,7560.0,76.3,0.3,867836.0,863828.0,13.5
30.0,100.0,3299.999,1.04,637.0,6984.0,70.9,0.3,867836.0,863968.0,13.5
31.0,100.0,3300.0,1.07,631.0,7200.0,69.5,0.3,867836.0,863968.0,13.5
32.0,93.8,3299.999,1.07,677.0,7704.0,75.5,0.3,867836.0,863968.0,13.5
33.0,100.0,3299.999,1.04,628.0,6624.0,69.6,0.3,867836.0,863968.0,13.5
34.0,93.8,3300.0,1.22,860.0,12600.0,191.6,0.3,871660.0,866856.0,13.5
35.0,100.0,3299.999,1.56,293.0,7632.0,33.5,0.3,871660.0,867648.0,13.5
36.0,100.0,3300.0,1.66,251.0,6984.0,33.4,0.3,871660.0,867648.0,13.5
37.0,93.8,3300.0,1.38,305.0,7416.0,30.4,0.3,871660.0,867648.0,13.5
38.0,100.0,3300.001,1.33,294.0,6768.0,29.1,0.3,871660.0,867648.0,13.5
39.0,93.8,3299.999,1.43,300.0,6840.0,28.7,0.3,871660.0,867648.0,13.5
