time,CPU_Utilization,Frequency,IPC,Misses,LLC,MBL,Memory_Footprint,Virt_Memory,Res_Memory,Allocated_Cache
0.0,100.0,3299.999,0.04,33.0,1512.0,8.4,0.3,870052.0,866288.0,4.5
1.0,100.0,3300.0,1.29,7070.0,7416.0,995.1,0.3,870052.0,866288.0,4.5
2.0,100.0,3299.999,1.72,1783.0,5256.0,72.5,0.3,870052.0,866288.0,4.5
3.0,100.0,3300.0,1.35,1745.0,4752.0,78.2,0.3,870052.0,866288.0,4.5
4.0,100.0,3299.999,1.33,1639.0,4824.0,70.2,0.3,870052.0,866288.0,4.5
5.0,100.0,3300.0,1.41,1592.0,4536.0,70.4,0.3,870052.0,866288.0,4.5
6.0,100.0,3299.999,1.6,1739.0,4464.0,67.2,0.3,870052.0,866420.0,4.5
7.0,100.0,3299.999,1.44,1671.0,3960.0,75.0,0.3,870052.0,866420.0,4.5
8.0,100.0,3300.0,1.36,1706.0,4032.0,74.0,0.3,870052.0,866420.0,4.5
9.0,100.0,3300.0,1.39,1622.0,3456.0,71.7,0.3,870052.0,866420.0,4.5
10.0,100.0,3299.999,1.43,1619.0,3600.0,68.7,0.3,870052.0,866420.0,4.5
11.0,100.0,3299.999,1.66,1708.0,3456.0,71.1,0.3,870052.0,866420.0,4.5
12.0,100.0,3300.0,1.36,1771.0,3744.0,77.9,0.3,870052.0,866420.0,4.5
13.0,100.0,3300.0,1.32,1639.0,3672.0,71.2,0.3,870052.0,866420.0,4.5
14.0,100.0,3300.0,1.41,1575.0,3312.0,66.7,0.3,870052.0,866420.0,4.5
15.0,100.0,3299.999,1.7,1704.0,3312.0,67.9,0.3,870052.0,866420.0,4.5
16.0,100.0,3299.999,1.37,1648.0,3384.0,69.8,0.3,870052.0,866420.0,4.5
17.0,100.0,3300.0,1.36,1730.0,3240.0,70.1,0.3,870052.0,866420.0,4.5
18.0,100.0,3299.999,1.4,1604.0,3240.0,70.3,0.3,870052.0,866420.0,4.5
19.0,93.8,3300.0,1.52,1697.0,3600.0,69.6,0.3,870052.0,866420.0,4.5
20.0,100.0,3299.999,1.61,1573.0,3456.0,64.8,0.3,870052.0,866420.0,4.5
21.0,100.0,3300.0,1.37,1702.0,3528.0,75.3,0.3,870052.0,866420.0,4.5
22.0,100.0,3300.0,1.32,1612.0,3168.0,68.5,0.3,870052.0,866420.0,4.5
23.0,100.0,3300.0,1.39,1645.0,3096.0,70.6,0.3,870052.0,866420.0,4.5
24.0,100.0,3299.999,1.71,2647.0,3456.0,121.4,0.3,870052.0,866708.0,4.5
25.0,100.0,3299.999,1.41,1663.0,3024.0,73.5,0.3,867836.0,864584.0,4.5
26.0,100.0,3299.999,1.12,1385.0,3672.0,661.6,0.3,867836.0,864584.0,4.5
27.0,100.0,3299.999,1.02,1203.0,3384.0,81.6,0.3,867836.0,864584.0,4.5
28.0,100.0,3300.0,1.07,1272.0,2592.0,87.0,0.3,867836.0,864584.0,4.5
29.0,100.0,3299.999,1.04,1281.0,2880.0,83.6,0.3,867836.0,864584.0,4.5
30.0,100.0,3300.0,1.03,1182.0,3312.0,81.7,0.3,867836.0,864584.0,4.5
31.0,100.0,3300.0,1.06,1293.0,2736.0,88.0,0.3,867836.0,864716.0,4.5
32.0,100.0,3299.999,0.99,1173.0,3024.0,78.5,0.3,867836.0,864716.0,4.5
33.0,100.0,3299.999,1.06,1248.0,3240.0,83.0,0.3,867836.0,864716.0,4.5
34.0,100.0,3300.0,1.06,1288.0,3024.0,89.3,0.3,871660.0,867724.0,4.5
35.0,100.0,3300.0,1.14,2486.0,3384.0,277.9,0.3,871660.0,867724.0,4.5
36.0,100.0,3299.999,1.67,3053.0,3456.0,154.6,0.3,871660.0,868252.0,4.5
37.0,100.0,3299.999,1.37,5639.0,3096.0,246.8,0.3,871660.0,868252.0,4.5
38.0,100.0,3300.0,1.34,2866.0,3312.0,163.3,0.3,871660.0,868252.0,4.5
39.0,100.0,3299.999,1.3,2725.0,3168.0,158.6,0.3,871660.0,868252.0,4.5
