time,CPU_Utilization,Frequency,IPC,Misses,LLC,MBL,Memory_Footprint,Virt_Memory,Res_Memory,Allocated_Cache
0.0,100.0,3300.0,0.04,33.0,576.0,7.6,0.3,870052.0,865940.0,11.25
1.0,100.0,3300.0,1.32,5951.0,8424.0,964.1,0.3,870052.0,865940.0,11.25
2.0,100.0,3299.999,1.75,278.0,5400.0,18.0,0.3,870052.0,865940.0,11.25
3.0,93.8,3300.0,1.38,306.0,5544.0,19.5,0.3,870052.0,866172.0,11.25
4.0,100.0,3299.999,1.35,299.0,5040.0,21.7,0.3,870052.0,866172.0,11.25
5.0,100.0,3300.0,1.45,310.0,4824.0,19.0,0.3,870052.0,866172.0,11.25
6.0,100.0,3299.999,1.68,279.0,5040.0,16.6,0.3,870052.0,866172.0,11.25
7.0,100.0,3299.999,1.41,303.0,5328.0,19.5,0.3,870052.0,866172.0,11.25
8.0,100.0,3300.0,1.39,293.0,4464.0,18.1,0.3,870052.0,866172.0,11.25
9.0,100.0,3299.999,1.44,293.0,5112.0,18.2,0.3,870052.0,866172.0,11.25
10.0,100.0,3299.999,1.58,303.0,5544.0,17.4,0.3,870052.0,866172.0,11.25
11.0,100.0,3300.0,1.55,289.0,5112.0,19.6,0.3,870052.0,866172.0,11.25
12.0,93.8,3299.999,1.4,293.0,5328.0,18.4,0.3,870052.0,866172.0,11.25
13.0,100.0,3300.0,1.39,287.0,5760.0,20.5,0.3,870052.0,866172.0,11.25
14.0,100.0,3299.999,1.44,320.0,5184.0,20.3,0.3,870052.0,866172.0,11.25
15.0,100.0,3299.999,1.75,260.0,4536.0,15.9,0.3,870052.0,866172.0,11.25
16.0,100.0,3300.0,1.39,308.0,5112.0,18.7,0.3,870052.0,866172.0,11.25
17.0,100.0,3299.999,1.35,301.0,5184.0,18.3,0.3,870052.0,866172.0,11.25
18.0,93.8,3300.0,1.44,292.0,4680.0,18.1,0.3,870052.0,866172.0,11.25
19.0,100.0,3300.0,1.74,266.0,4824.0,16.3,0.3,870052.0,866172.0,11.25
20.0,100.0,3299.999,1.43,303.0,4968.0,19.5,0.3,870052.0,866172.0,11.25
21.0,100.0,3299.999,1.38,287.0,4896.0,19.2,0.3,870052.0,866172.0,11.25
22.0,100.0,3299.999,1.43,305.0,5472.0,18.7,0.3,870052.0,866172.0,11.25
23.0,93.8,3300.0,1.57,291.0,4968.0,17.1,0.3,870052.0,866624.0,11.25
24.0,100.0,3299.999,1.65,274.0,5256.0,15.8,0.3,870052.0,866624.0,11.25
25.0,100.0,3299.999,1.22,414.0,10440.0,606.1,0.3,867836.0,864320.0,11.25
26.0,100.0,3300.001,1.08,645.0,6696.0,75.0,0.3,867836.0,864320.0,11.25
27.0,100.0,3300.0,0.9,579.0,5544.0,66.2,0.3,867836.0,864320.0,11.25
28.0,100.0,3299.999,0.97,565.0,5688.0,62.4,0.3,867836.0,864320.0,11.25
29.0,100.0,3300.018,0.91,584.0,5616.0,66.4,0.3,867836.0,864320.0,11.25
30.0,100.0,3300.0,0.97,593.0,4752.0,67.6,0.3,867836.0,864468.0,11.25
31.0,100.0,3300.0,1.09,655.0,5616.0,72.9,0.3,867836.0,864468.0,11.25
32.0,100.0,3299.999,1.08,675.0,5472.0,75.2,0.3,867836.0,864468.0,11.25
33.0,100.0,3299.999,1.04,615.0,5688.0,69.1,0.3,867836.0,864468.0,11.25
34.0,93.8,3300.0,1.12,935.0,10584.0,199.8,0.3,871660.0,867388.0,11.25
35.0,100.0,3299.999,1.46,391.0,5616.0,27.0,0.3,871660.0,867388.0,11.25
36.0,100.0,3300.0,1.76,349.0,6120.0,20.6,0.3,871660.0,868180.0,11.25
37.0,100.0,3300.0,1.36,383.0,5832.0,23.6,0.3,871660.0,868180.0,11.25
38.0,100.0,3299.999,1.35,357.0,5760.0,21.4,0.3,871660.0,868180.0,11.25
39.0,100.0,3300.001,1.43,373.0,5832.0,22.5,0.3,871660.0,868180.0,11.25
