time,CPU_Utilization,Frequency,IPC,Misses,LLC,MBL,Memory_Footprint,Virt_Memory,Res_Memory,Allocated_Cache
0.0,100.0,3300.0,0.04,33.0,360.0,6.8,0.3,870052.0,866240.0,15.75
1.0,100.0,3299.999,1.16,5888.0,7560.0,979.0,0.3,870052.0,866240.0,15.75
2.0,100.0,3300.0,1.74,231.0,5904.0,16.2,0.3,870052.0,866240.0,15.75
3.0,100.0,3299.999,1.38,271.0,6480.0,18.8,0.3,870052.0,866240.0,15.75
4.0,100.0,3300.0,1.37,256.0,6264.0,16.9,0.3,870052.0,866240.0,15.75
5.0,100.0,3299.999,1.44,246.0,5904.0,16.3,0.3,870052.0,866240.0,15.75
6.0,100.0,3300.0,1.64,248.0,6048.0,16.7,0.3,870052.0,866240.0,15.75
7.0,100.0,3300.0,1.46,256.0,5976.0,16.8,0.3,870052.0,866240.0,15.75
8.0,93.8,3300.0,1.39,246.0,5688.0,17.2,0.3,870052.0,866324.0,15.75
9.0,100.0,3300.0,1.43,244.0,4968.0,16.0,0.3,870052.0,866324.0,15.75
10.0,100.0,3299.999,1.54,264.0,5544.0,17.6,0.3,870052.0,866324.0,15.75
11.0,100.0,3300.0,1.61,239.0,5400.0,16.0,0.3,870052.0,866324.0,15.75
12.0,100.0,3299.999,1.4,247.0,4896.0,17.3,0.3,870052.0,866324.0,15.75
13.0,100.0,3299.999,1.38,240.0,6192.0,15.7,0.3,870052.0,866324.0,15.75
14.0,100.0,3300.0,1.41,274.0,5328.0,19.2,0.3,870052.0,866324.0,15.75
15.0,100.0,3299.999,1.79,216.0,4680.0,13.6,0.3,870052.0,866324.0,15.75
16.0,100.0,3300.0,1.38,264.0,5328.0,17.9,0.3,870052.0,866324.0,15.75
17.0,100.0,3299.999,1.0,190.0,4176.0,12.8,0.3,870052.0,866324.0,15.75
18.0,100.0,3300.0,1.28,225.0,5112.0,13.9,0.3,870052.0,866324.0,15.75
19.0,100.0,3300.0,1.55,261.0,5904.0,17.3,0.3,870052.0,866324.0,15.75
20.0,100.0,3300.001,1.66,218.0,5328.0,14.3,0.3,870052.0,866324.0,15.75
21.0,100.0,3299.999,1.4,259.0,5544.0,17.6,0.3,870052.0,866324.0,15.75
22.0,100.0,3300.0,1.36,237.0,4824.0,15.7,0.3,870052.0,866324.0,15.75
23.0,100.0,3299.999,1.41,278.0,5256.0,18.6,0.3,870052.0,866324.0,15.75
24.0,100.0,3300.0,1.79,182.0,4968.0,12.6,0.3,870052.0,866656.0,15.75
25.0,100.0,3300.001,1.4,258.0,5760.0,17.9,0.3,867836.0,864480.0,15.75
26.0,100.0,3300.0,1.1,611.0,9360.0,638.3,0.3,867836.0,864480.0,15.75
27.0,100.0,3299.999,1.04,631.0,8352.0,71.0,0.3,867836.0,864480.0,15.75
28.0,100.0,3300.0,1.08,644.0,7488.0,71.9,0.3,867836.0,864480.0,15.75
29.0,100.0,3300.0,1.08,676.0,6912.0,76.3,0.3,867836.0,864480.0,15.75
30.0,100.0,3300.0,1.03,628.0,6696.0,71.2,0.3,867836.0,864616.0,15.75
31.0,100.0,3299.999,1.09,645.0,6264.0,72.8,0.3,867836.0,864616.0,15.75
32.0,100.0,3300.0,1.08,675.0,7848.0,74.5,0.3,867836.0,864616.0,15.75
33.0,100.0,3299.999,1.03,615.0,6840.0,68.5,0.3,867836.0,864616.0,15.75
34.0,93.8,3300.0,1.14,922.0,15120.0,194.6,0.3,871660.0,867600.0,15.75
35.0,100.0,3300.0,1.47,276.0,7272.0,27.3,0.3,871660.0,867600.0,15.75
36.0,100.0,3300.0,1.76,190.0,6840.0,14.3,0.3,871660.0,868128.0,15.75
37.0,100.0,3299.999,1.35,263.0,6984.0,19.0,0.3,871660.0,868128.0,15.75
38.0,100.0,3300.0,1.36,268.0,6840.0,18.5,0.3,871660.0,868128.0,15.75
39.0,100.0,3300.0,1.42,255.0,6696.0,17.4,0.3,871660.0,868128.0,15.75
