time,CPU_Utilization,Frequency,IPC,Misses,LLC,MBL,Memory_Footprint,Virt_Memory,Res_Memory,Allocated_Cache
0.0,100.0,3300.0,0.04,34.0,1296.0,7.5,0.3,870052.0,866208.0,20.25
1.0,100.0,3299.999,1.32,5916.0,9360.0,968.4,0.3,870052.0,866208.0,20.25
2.0,100.0,3299.999,1.75,227.0,6984.0,16.2,0.3,870052.0,866208.0,20.25
3.0,100.0,3299.999,1.38,253.0,6408.0,18.6,0.3,870052.0,866208.0,20.25
4.0,100.0,3299.999,1.35,250.0,6552.0,16.5,0.3,870052.0,866208.0,20.25
5.0,100.0,3299.999,1.45,260.0,7272.0,19.4,0.3,870052.0,866208.0,20.25
6.0,100.0,3300.0,1.68,231.0,6552.0,15.3,0.3,870052.0,866208.0,20.25
7.0,100.0,3300.001,1.41,252.0,6336.0,17.2,0.3,870052.0,866208.0,20.25
8.0,100.0,3299.999,1.39,242.0,7200.0,16.9,0.3,870052.0,866208.0,20.25
9.0,100.0,3299.999,1.44,245.0,5616.0,16.4,0.3,870052.0,866244.0,20.25
10.0,100.0,3300.0,1.57,253.0,6552.0,20.7,0.3,870052.0,866244.0,20.25
11.0,100.0,3299.999,1.56,240.0,6912.0,16.9,0.3,870052.0,866244.0,20.25
12.0,100.0,3300.0,1.39,241.0,5760.0,16.5,0.3,870052.0,866244.0,20.25
13.0,100.0,3299.999,1.39,238.0,6048.0,17.4,0.3,870052.0,866244.0,20.25
14.0,100.0,3300.0,1.44,272.0,6264.0,18.2,0.3,870052.0,866244.0,20.25
15.0,100.0,3299.999,1.76,213.0,6192.0,14.2,0.3,870052.0,866244.0,20.25
16.0,100.0,3300.0,1.38,255.0,6624.0,16.7,0.3,870052.0,866244.0,20.25
17.0,100.0,3299.999,1.34,240.0,6408.0,16.8,0.3,870052.0,866244.0,20.25
18.0,100.0,3300.0,1.44,257.0,5976.0,16.9,0.3,870052.0,866244.0,20.25
19.0,100.0,3299.999,1.72,211.0,5760.0,14.8,0.3,870052.0,866244.0,20.25
20.0,100.0,3299.999,1.43,250.0,6336.0,16.7,0.3,870052.0,866244.0,20.25
21.0,100.0,3300.0,1.39,250.0,6768.0,17.9,0.3,870052.0,866244.0,20.25
22.0,100.0,3300.0,1.42,247.0,5544.0,16.7,0.3,870052.0,866244.0,20.25
23.0,100.0,3299.999,1.56,255.0,5616.0,17.1,0.3,870052.0,866628.0,20.25
24.0,93.8,3300.0,1.66,188.0,5544.0,12.2,0.3,870052.0,866628.0,20.25
25.0,93.8,3299.999,1.23,369.0,19800.0,594.8,0.3,867836.0,864392.0,20.25
26.0,100.0,3300.0,1.09,645.0,8064.0,82.7,0.3,867836.0,864392.0,20.25
27.0,100.0,3300.0,1.08,675.0,9144.0,75.5,0.3,867836.0,864392.0,20.25
28.0,100.0,3300.0,1.03,619.0,6120.0,70.7,0.3,867836.0,864392.0,20.25
29.0,93.8,3299.999,1.09,652.0,7704.0,70.8,0.3,867836.0,864392.0,20.25
30.0,100.0,3299.999,1.07,670.0,8064.0,76.2,0.3,867836.0,864536.0,20.25
31.0,100.0,3300.0,0.9,517.0,5976.0,58.6,0.3,867836.0,864536.0,20.25
32.0,100.0,3299.999,1.01,633.0,7416.0,69.0,0.3,867836.0,864536.0,20.25
33.0,100.0,3299.999,1.04,630.0,7128.0,71.1,0.3,867836.0,864536.0,20.25
34.0,100.0,3300.0,1.22,848.0,19512.0,181.1,0.3,871660.0,867480.0,20.25
35.0,100.0,3300.0,1.07,194.0,7344.0,26.0,0.3,871660.0,867480.0,20.25
36.0,100.0,3299.999,1.55,141.0,7344.0,11.2,0.3,871660.0,868272.0,20.25
37.0,100.0,3300.0,1.39,246.0,7344.0,18.1,0.3,871660.0,868272.0,20.25
38.0,100.0,3300.0,1.38,250.0,7488.0,16.7,0.3,871660.0,868272.0,20.25
39.0,100.0,3299.999,1.42,248.0,7416.0,18.1,0.3,871660.0,868272.0,20.25
