time,CPU_Utilization,Frequency,IPC,Misses,LLC,MBL,Memory_Footprint,Virt_Memory,Res_Memory,Allocated_Cache
0.0,93.8,3299.999,0.33,272.0,792.0,11.7,0.3,870052.0,865448.0,6.75
1.0,100.0,3300.0,1.32,6076.0,7848.0,959.8,0.3,870052.0,865448.0,6.75
2.0,100.0,3300.0,1.74,790.0,4968.0,98.0,0.3,870052.0,865448.0,6.75
3.0,100.0,3299.999,1.37,838.0,5112.0,93.1,0.3,870052.0,865684.0,6.75
4.0,100.0,3299.999,1.34,785.0,4608.0,88.9,0.3,870052.0,865684.0,6.75
5.0,100.0,3300.0,1.44,774.0,4968.0,97.6,0.3,870052.0,865684.0,6.75
6.0,100.0,3300.0,1.64,785.0,4824.0,93.4,0.3,870052.0,865684.0,6.75
7.0,100.0,3299.999,1.43,807.0,4464.0,95.8,0.3,870052.0,865684.0,6.75
8.0,100.0,3300.0,1.38,799.0,4968.0,92.8,0.3,870052.0,865684.0,6.75
9.0,100.0,3299.999,1.42,775.0,5040.0,94.0,0.3,870052.0,865684.0,6.75
10.0,100.0,3300.0,1.53,792.0,4536.0,102.0,0.3,870052.0,865684.0,6.75
11.0,100.0,3299.999,1.58,775.0,4608.0,93.5,0.3,870052.0,865684.0,6.75
12.0,100.0,3300.0,1.39,814.0,4968.0,94.5,0.3,870052.0,865684.0,6.75
13.0,100.0,3300.001,1.37,772.0,5184.0,86.8,0.3,870052.0,865684.0,6.75
14.0,100.0,3300.0,1.39,798.0,4248.0,99.4,0.3,870052.0,865684.0,6.75
15.0,100.0,3299.999,1.77,753.0,4608.0,91.6,0.3,870052.0,865684.0,6.75
16.0,100.0,3300.0,1.36,800.0,4536.0,89.1,0.3,870052.0,865684.0,6.75
17.0,100.0,3299.999,1.35,802.0,4680.0,90.3,0.3,870052.0,865684.0,6.75
18.0,100.0,3299.999,1.43,771.0,4536.0,95.6,0.3,870052.0,865684.0,6.75
19.0,100.0,3299.999,1.63,782.0,4896.0,92.8,0.3,870052.0,865684.0,6.75
20.0,100.0,3299.999,1.52,738.0,4104.0,83.1,0.3,870052.0,865684.0,6.75
21.0,100.0,3300.0,1.37,781.0,4680.0,87.8,0.3,870052.0,865684.0,6.75
22.0,100.0,3300.0,1.39,773.0,4320.0,91.7,0.3,870052.0,865684.0,6.75
23.0,100.0,3300.0,1.46,803.0,4248.0,96.8,0.3,870052.0,865684.0,6.75
24.0,100.0,3299.999,1.76,957.0,4104.0,81.9,0.3,870052.0,866128.0,6.75
25.0,93.8,3300.0,1.29,784.0,6120.0,663.1,0.3,867836.0,863836.0,6.75
26.0,100.0,3299.999,1.08,821.0,4464.0,101.0,0.3,867836.0,863836.0,6.75
27.0,100.0,3300.0,1.05,782.0,4824.0,96.5,0.3,867836.0,863836.0,6.75
28.0,93.8,3299.999,0.96,679.0,4608.0,85.2,0.3,867836.0,863836.0,6.75
29.0,100.0,3300.0,1.07,807.0,5040.0,99.1,0.3,867836.0,863836.0,6.75
30.0,100.0,3300.0,1.03,760.0,4968.0,95.0,0.3,867836.0,863976.0,6.75
31.0,100.0,3299.999,1.08,770.0,5040.0,95.1,0.3,867836.0,863976.0,6.75
32.0,93.8,3300.0,1.07,816.0,5328.0,100.1,0.3,867836.0,863976.0,6.75
33.0,100.0,3299.999,1.03,756.0,5040.0,95.2,0.3,867836.0,863976.0,6.75
34.0,100.0,3300.0,1.16,1190.0,6048.0,241.3,0.3,871660.0,866880.0,6.75
35.0,100.0,3300.0,1.49,1264.0,4752.0,142.0,0.3,871660.0,867672.0,6.75
36.0,100.0,3299.999,1.68,2168.0,4968.0,278.9,0.3,871660.0,867672.0,6.75
37.0,100.0,3300.0,1.33,1283.0,4896.0,155.0,0.3,871660.0,867672.0,6.75
38.0,100.0,3299.999,1.33,1250.0,4608.0,143.6,0.3,871660.0,867672.0,6.75
39.0,100.0,3300.013,1.4,1173.0,4608.0,130.5,0.3,871660.0,867672.0,6.75
