time,CPU_Utilization,Frequency,IPC,Misses,LLC,MBL,Memory_Footprint,Virt_Memory,Res_Memory,Allocated_Cache
0.0,100.0,3299.999,0.04,35.0,432.0,8.2,0.3,870052.0,866024.0,2.25
1.0,93.8,3300.0,1.24,9331.0,6624.0,1457.3,0.3,870052.0,866024.0,2.25
2.0,100.0,3299.999,1.65,5044.0,4824.0,690.5,0.3,870052.0,866024.0,2.25
3.0,100.0,3299.999,1.28,4360.0,4320.0,603.3,0.3,870052.0,866024.0,2.25
4.0,100.0,3300.001,1.29,4407.0,3816.0,600.0,0.3,870052.0,866024.0,2.25
5.0,100.0,3300.0,1.34,4081.0,3312.0,572.3,0.3,870052.0,866024.0,2.25
6.0,100.0,3300.0,1.46,4654.0,3312.0,650.1,0.3,870052.0,866164.0,2.25
7.0,100.0,3299.999,1.32,4029.0,2520.0,554.6,0.3,870052.0,866164.0,2.25
8.0,100.0,3299.999,1.31,4510.0,2880.0,614.0,0.3,870052.0,866164.0,2.25
9.0,100.0,3299.999,1.26,4239.0,2520.0,580.8,0.3,870052.0,866164.0,2.25
10.0,100.0,3300.001,1.35,4065.0,2448.0,564.9,0.3,870052.0,866164.0,2.25
11.0,100.0,3299.999,1.55,4844.0,2520.0,667.4,0.3,870052.0,866164.0,2.25
12.0,100.0,3299.999,1.39,4373.0,2160.0,622.9,0.3,870052.0,866164.0,2.25
13.0,100.0,3300.0,1.31,4525.0,2448.0,616.9,0.3,870052.0,866164.0,2.25
14.0,93.8,3300.0,1.31,4146.0,2304.0,574.9,0.3,870052.0,866164.0,2.25
15.0,100.0,3300.0,1.31,4194.0,2448.0,594.7,0.3,870052.0,866164.0,2.25
16.0,100.0,3299.999,1.71,4825.0,2160.0,661.3,0.3,870052.0,866164.0,2.25
17.0,100.0,3299.999,1.28,4282.0,2232.0,594.8,0.3,870052.0,866164.0,2.25
18.0,100.0,3300.0,1.29,4440.0,2160.0,600.4,0.3,870052.0,866164.0,2.25
19.0,100.0,3300.0,1.34,4122.0,2088.0,573.3,0.3,870052.0,866164.0,2.25
20.0,100.0,3299.999,1.48,4611.0,1872.0,626.8,0.3,870052.0,866164.0,2.25
21.0,93.8,3300.0,1.56,4246.0,2088.0,602.9,0.3,870052.0,866164.0,2.25
22.0,100.0,3300.0,1.31,4436.0,1872.0,612.9,0.3,870052.0,866164.0,2.25
23.0,93.8,3299.999,1.26,4197.0,1944.0,568.1,0.3,870052.0,866164.0,2.25
24.0,100.0,3299.999,1.34,4136.0,1512.0,585.5,0.3,870052.0,866164.0,2.25
25.0,100.0,3300.0,1.62,5943.0,2232.0,731.2,0.3,870052.0,866436.0,2.25
26.0,100.0,3299.999,1.33,6852.0,1728.0,848.3,0.3,870052.0,866436.0,2.25
27.0,100.0,3300.0,1.11,3718.0,1944.0,1054.1,0.3,867836.0,864308.0,2.25
28.0,100.0,3299.999,0.99,3234.0,1800.0,386.4,0.3,867836.0,864308.0,2.25
29.0,100.0,3299.999,0.99,3280.0,1368.0,387.4,0.3,867836.0,864308.0,2.25
30.0,100.0,3299.999,0.95,3062.0,1512.0,352.0,0.3,867836.0,864308.0,2.25
31.0,100.0,3299.999,0.99,3269.0,1944.0,391.7,0.3,867836.0,864308.0,2.25
32.0,100.0,3299.999,0.94,3115.0,1728.0,362.8,0.3,867836.0,864460.0,2.25
33.0,100.0,3300.0,0.99,3229.0,1584.0,372.0,0.3,867836.0,864460.0,2.25
34.0,100.0,3299.999,0.99,3258.0,1872.0,385.2,0.3,867836.0,864460.0,2.25
35.0,100.0,3300.001,0.95,3043.0,1728.0,355.8,0.3,867836.0,864460.0,2.25
36.0,100.0,3299.999,0.98,3273.0,1872.0,391.8,0.3,871660.0,867364.0,2.25
37.0,100.0,3299.999,1.24,6194.0,1656.0,808.4,0.3,871660.0,867364.0,2.25
38.0,100.0,3299.999,1.57,11384.0,1368.0,960.5,0.3,871660.0,868156.0,2.25
39.0,100.0,3300.0,1.28,11108.0,1656.0,998.6,0.3,871660.0,868156.0,2.25
