time,CPU_Utilization,Frequency,IPC,Misses,LLC,MBL,Memory_Footprint,Virt_Memory,Res_Memory,Allocated_Cache
0.0,100.0,3299.999,2.42,0.0,0.0,0.0,0.0,9288.0,7092.0,11.25
1.0,100.0,3299.999,2.17,26.0,936.0,0.5,0.0,10532.0,8020.0,11.25
2.0,100.0,3300.0,2.1,33.0,1728.0,0.6,0.0,10532.0,8400.0,11.25
3.0,100.0,3299.999,2.17,27.0,1872.0,0.3,0.0,10532.0,8400.0,11.25
4.0,100.0,3300.0,1.96,26.0,2160.0,0.2,0.0,10532.0,8400.0,11.25
5.0,100.0,3300.0,2.14,27.0,1944.0,0.4,0.0,10532.0,8400.0,11.25
6.0,100.0,3300.0,2.26,27.0,1728.0,0.4,0.0,10532.0,8400.0,11.25
7.0,100.0,3299.999,1.81,26.0,1800.0,0.2,0.0,10532.0,8400.0,11.25
8.0,100.0,3299.999,1.96,31.0,2088.0,0.4,0.0,10532.0,8400.0,11.25
9.0,100.0,3299.999,2.13,26.0,1872.0,0.4,0.0,10532.0,8400.0,11.25
10.0,100.0,3300.0,2.25,28.0,1728.0,0.8,0.0,10532.0,8400.0,11.25
11.0,100.0,3300.0,2.07,27.0,2016.0,0.5,0.0,10532.0,8400.0,11.25
12.0,100.0,3299.999,1.88,26.0,2016.0,0.4,0.0,10532.0,8400.0,11.25
13.0,100.0,3300.0,2.01,24.0,2232.0,0.4,0.0,10532.0,8400.0,11.25
14.0,100.0,3299.999,1.99,26.0,2016.0,0.6,0.0,10532.0,8400.0,11.25
15.0,100.0,3300.0,2.14,26.0,1800.0,0.5,0.0,10532.0,8400.0,11.25
16.0,100.0,3300.0,2.16,26.0,2160.0,0.3,0.0,10532.0,8400.0,11.25
17.0,100.0,3299.999,2.31,27.0,2232.0,0.3,0.0,10532.0,8400.0,11.25
18.0,100.0,3300.0,2.31,31.0,2880.0,0.4,0.0,10872.0,8576.0,11.25
19.0,100.0,3299.999,2.09,28.0,2952.0,0.2,0.0,10872.0,8576.0,11.25
20.0,100.0,3300.0,2.22,26.0,3024.0,0.4,0.0,10872.0,8576.0,11.25
21.0,93.8,3300.0,2.08,25.0,3168.0,0.2,0.0,10872.0,8576.0,11.25
22.0,100.0,3299.999,1.44,28.0,3096.0,0.4,0.0,10872.0,8576.0,11.25
23.0,100.0,3300.0,2.12,25.0,3240.0,0.2,0.0,10872.0,8576.0,11.25
24.0,100.0,3299.999,2.25,25.0,3096.0,0.2,0.0,10872.0,8576.0,11.25
25.0,100.0,3300.0,2.34,26.0,3024.0,0.2,0.0,10872.0,8576.0,11.25
26.0,100.0,3299.999,1.87,27.0,3024.0,0.3,0.0,10872.0,8576.0,11.25
27.0,100.0,3300.0,1.93,26.0,2880.0,0.2,0.0,10872.0,8576.0,11.25
28.0,100.0,3299.999,1.88,25.0,2952.0,0.2,0.0,10872.0,8576.0,11.25
29.0,100.0,3300.0,1.94,35.0,3240.0,0.3,0.0,10872.0,8576.0,11.25
30.0,100.0,3299.999,2.0,28.0,3096.0,0.1,0.0,10872.0,8576.0,11.25
31.0,100.0,3299.999,1.55,27.0,3024.0,0.2,0.0,10872.0,8576.0,11.25
32.0,100.0,3300.0,2.12,26.0,2952.0,0.4,0.0,10872.0,8576.0,11.25
33.0,100.0,3300.0,1.97,26.0,2592.0,0.4,0.0,10872.0,8576.0,11.25
34.0,100.0,3300.0,2.25,28.0,2952.0,0.5,0.0,10872.0,8576.0,11.25
35.0,100.0,3299.999,2.31,26.0,2880.0,0.5,0.0,10872.0,8576.0,11.25
36.0,100.0,3300.0,2.1,26.0,2880.0,0.4,0.0,10872.0,8576.0,11.25
37.0,100.0,3299.999,1.72,26.0,3024.0,0.3,0.0,10872.0,8576.0,11.25
38.0,100.0,3300.0,2.09,29.0,3096.0,0.2,0.0,10872.0,8576.0,11.25
39.0,100.0,3300.0,2.03,25.0,3024.0,0.2,0.0,10872.0,8576.0,11.25
