time,CPU_Utilization,Frequency,IPC,Misses,LLC,MBL,Memory_Footprint,Virt_Memory,Res_Memory,Allocated_Cache
0.0,100.0,3299.999,2.43,0.0,0.0,0.0,0.0,9288.0,7088.0,24.75
1.0,100.0,3300.0,2.16,34.0,1008.0,2.0,0.0,10532.0,8016.0,24.75
2.0,100.0,3300.0,2.1,31.0,2304.0,0.4,0.0,10532.0,8396.0,24.75
3.0,100.0,3299.999,1.9,26.0,2304.0,0.3,0.0,10532.0,8396.0,24.75
4.0,100.0,3300.0,2.03,25.0,2376.0,0.3,0.0,10532.0,8396.0,24.75
5.0,100.0,3300.0,2.11,25.0,2376.0,0.4,0.0,10532.0,8396.0,24.75
6.0,100.0,3299.999,2.31,25.0,1944.0,0.3,0.0,10532.0,8396.0,24.75
7.0,100.0,3299.999,1.8,26.0,2016.0,0.4,0.0,10532.0,8396.0,24.75
8.0,93.8,3299.999,1.96,25.0,2304.0,0.5,0.0,10532.0,8396.0,24.75
9.0,100.0,3299.999,2.13,25.0,2304.0,0.4,0.0,10532.0,8396.0,24.75
10.0,100.0,3300.0,2.24,28.0,2232.0,0.4,0.0,10532.0,8396.0,24.75
11.0,100.0,3299.999,2.19,25.0,2088.0,0.5,0.0,10532.0,8396.0,24.75
12.0,100.0,3299.999,1.82,24.0,2016.0,0.6,0.0,10532.0,8396.0,24.75
13.0,100.0,3300.0,2.01,24.0,2160.0,0.3,0.0,10532.0,8396.0,24.75
14.0,100.0,3300.0,1.98,24.0,2160.0,0.3,0.0,10532.0,8396.0,24.75
15.0,100.0,3299.999,2.13,26.0,2232.0,0.4,0.0,10532.0,8396.0,24.75
16.0,100.0,3299.999,1.41,28.0,2232.0,0.3,0.0,10532.0,8396.0,24.75
17.0,100.0,3299.999,2.14,25.0,2376.0,0.4,0.0,10532.0,8396.0,24.75
18.0,100.0,3300.0,2.31,26.0,2160.0,0.5,0.0,10856.0,8488.0,24.75
19.0,100.0,3299.999,2.2,29.0,3528.0,0.8,0.0,10872.0,8572.0,24.75
20.0,100.0,3299.999,2.11,29.0,3384.0,0.5,0.0,10872.0,8572.0,24.75
21.0,100.0,3300.0,2.28,26.0,3384.0,0.3,0.0,10872.0,8572.0,24.75
22.0,100.0,3299.999,1.85,25.0,3384.0,0.4,0.0,10872.0,8572.0,24.75
23.0,100.0,3299.999,2.09,25.0,3384.0,0.4,0.0,10872.0,8572.0,24.75
24.0,100.0,3300.0,2.21,25.0,3600.0,0.3,0.0,10872.0,8572.0,24.75
25.0,100.0,3299.999,2.31,25.0,2448.0,0.5,0.0,10872.0,8572.0,24.75
26.0,100.0,3299.999,1.97,25.0,2232.0,0.4,0.0,10872.0,8572.0,24.75
27.0,100.0,3300.0,1.99,24.0,2304.0,0.4,0.0,10872.0,8572.0,24.75
28.0,100.0,3299.999,1.78,25.0,2520.0,0.4,0.0,10872.0,8572.0,24.75
29.0,93.8,3299.999,1.94,25.0,2592.0,0.4,0.0,10872.0,8572.0,24.75
30.0,100.0,3299.999,1.99,26.0,2736.0,0.5,0.0,10872.0,8572.0,24.75
31.0,100.0,3299.999,2.1,26.0,2592.0,0.5,0.0,10872.0,8572.0,24.75
32.0,100.0,3300.0,2.23,26.0,2736.0,0.4,0.0,10872.0,8572.0,24.75
33.0,100.0,3300.0,2.22,25.0,2880.0,0.5,0.0,10872.0,8572.0,24.75
34.0,100.0,3299.999,2.27,25.0,2736.0,0.3,0.0,10872.0,8572.0,24.75
35.0,100.0,3300.0,2.31,25.0,2448.0,0.3,0.0,10872.0,8572.0,24.75
36.0,100.0,3300.0,2.14,25.0,2592.0,0.3,0.0,10872.0,8572.0,24.75
37.0,100.0,3299.999,1.66,25.0,2880.0,0.3,0.0,10872.0,8572.0,24.75
38.0,100.0,3300.0,2.16,26.0,2448.0,0.3,0.0,10872.0,8572.0,24.75
39.0,100.0,3299.999,1.96,25.0,2664.0,0.4,0.0,10872.0,8572.0,24.75
40.0,93.8,3299.999,1.71,26.0,2376.0,0.6,0.0,10872.0,8572.0,24.75
41.0,100.0,3300.0,2.15,27.0,2520.0,0.4,0.0,10872.0,8572.0,24.75
42.0,100.0,3300.0,1.86,24.0,2232.0,0.3,0.0,10872.0,8572.0,24.75
43.0,100.0,3299.999,1.95,26.0,2520.0,0.3,0.0,10872.0,8572.0,24.75
44.0,100.0,3299.999,2.1,25.0,2376.0,0.4,0.0,10872.0,8572.0,24.75
45.0,100.0,3300.0,2.11,25.0,2232.0,0.3,0.0,10872.0,8572.0,24.75
46.0,100.0,3300.0,2.16,25.0,2304.0,0.3,0.0,10872.0,8572.0,24.75
47.0,100.0,3300.0,1.43,27.0,2160.0,0.3,0.0,10872.0,8572.0,24.75
48.0,93.8,3299.999,2.08,26.0,2376.0,0.4,0.0,10872.0,8572.0,24.75
49.0,100.0,3299.999,2.22,25.0,2448.0,0.4,0.0,10872.0,8572.0,24.75
50.0,100.0,3299.999,2.21,28.0,2304.0,0.3,0.0,10872.0,8572.0,24.75
51.0,100.0,3300.0,2.29,25.0,2376.0,0.4,0.0,10872.0,8572.0,24.75
52.0,100.0,3299.999,2.31,25.0,2376.0,0.4,0.0,10872.0,8572.0,24.75
53.0,100.0,3300.0,2.25,24.0,2592.0,0.4,0.0,10872.0,8572.0,24.75
54.0,100.0,3299.999,2.21,38.0,5760.0,3.8,0.0,11040.0,9264.0,24.75
55.0,93.3,3299.999,1.47,294.0,19440.0,44.5,0.0,14280.0,12352.0,24.75
56.0,100.0,3300.0,1.35,56.0,19368.0,5.5,0.0,15164.0,13292.0,24.75
57.0,100.0,3300.0,1.6,472.0,19800.0,56.0,0.0,11040.0,9268.0,24.75
58.0,100.0,3300.0,1.25,37.0,18936.0,3.0,0.0,11040.0,9268.0,24.75
59.0,100.0,3299.999,1.66,131.0,19656.0,12.8,0.0,17868.0,15212.0,24.75
60.0,100.0,3299.999,1.55,611.0,20304.0,66.0,0.0,14416.0,12492.0,24.75
61.0,100.0,3300.0,1.37,51.0,19080.0,3.9,0.0,17736.0,15992.0,24.75
62.0,100.0,3299.999,1.67,104.0,19368.0,9.7,0.0,13616.0,11780.0,24.75
63.0,100.0,3300.0,1.64,832.0,19872.0,93.3,0.0,14820.0,12896.0,24.75
64.0,93.3,3299.999,1.25,34.0,20304.0,2.2,0.0,10700.0,8932.0,24.75
65.0,100.0,3299.999,1.42,57.0,19800.0,6.7,0.0,18944.0,15600.0,24.75
66.0,100.0,3300.0,1.82,553.0,20016.0,56.1,0.0,12120.0,10324.0,24.75
67.0,100.0,3300.0,1.28,229.0,19296.0,23.6,0.0,13616.0,11644.0,24.75
68.0,100.0,3299.999,1.29,33.0,19296.0,1.1,0.0,15164.0,13420.0,24.75
69.0,100.0,3300.0,1.52,58.0,19152.0,4.3,0.0,14960.0,10976.0,24.75
70.0,100.0,3299.999,1.8,393.0,19944.0,43.2,0.0,10632.0,8880.0,24.75
71.0,100.0,3300.001,1.59,627.0,20088.0,68.1,0.0,11116.0,9416.0,24.75
72.0,100.0,3299.999,1.53,232.0,21816.0,40.1,0.0,15168.0,13304.0,24.75
73.0,100.0,3299.999,1.32,39.0,21384.0,2.2,0.0,10908.0,9016.0,24.75
74.0,100.0,3300.0,1.47,53.0,21096.0,5.8,0.0,13140.0,11448.0,24.75
75.0,100.0,3300.0,1.61,75.0,21096.0,7.7,0.0,15028.0,13200.0,24.75
76.0,100.0,3299.999,1.49,400.0,21456.0,57.4,0.0,15168.0,13304.0,24.75
77.0,100.0,3299.999,1.29,32.0,20880.0,1.6,0.0,15168.0,13304.0,24.75
78.0,100.0,3300.0,1.39,32.0,21096.0,1.4,0.0,18484.0,16668.0,24.75
79.0,100.0,3300.0,1.49,54.0,20592.0,5.8,0.0,11520.0,9612.0,24.75
80.0,100.0,3299.999,1.57,62.0,21240.0,8.4,0.0,18948.0,8604.0,24.75
81.0,100.0,3300.0,1.66,229.0,21384.0,35.7,0.0,12328.0,10636.0,24.75
82.0,100.0,3300.0,1.53,418.0,21672.0,63.8,0.0,15168.0,11200.0,24.75
83.0,100.0,3299.999,1.29,32.0,20808.0,1.5,0.0,15168.0,13304.0,24.75
84.0,100.0,3300.0,1.3,31.0,21168.0,0.5,0.0,10844.0,9152.0,24.75
85.0,100.0,3299.999,1.43,32.0,20520.0,0.6,0.0,14704.0,11388.0,24.75
86.0,100.0,3300.0,1.49,50.0,20952.0,4.5,0.0,10976.0,9352.0,24.75
87.0,100.0,3300.0,1.53,38.0,20520.0,1.1,0.0,13140.0,11388.0,24.75
88.0,100.0,3300.0,1.61,58.0,20880.0,5.5,0.0,11520.0,9956.0,24.75
89.0,100.0,3299.999,1.68,257.0,21528.0,32.0,0.0,25408.0,23712.0,24.75
90.0,100.0,3300.0,1.53,580.0,21600.0,79.7,0.0,11520.0,9956.0,24.75
91.0,100.0,3299.999,1.25,33.0,21384.0,1.5,0.0,15168.0,13304.0,24.75
92.0,100.0,3299.999,1.28,32.0,21024.0,1.5,0.0,11520.0,9144.0,24.75
93.0,100.0,3300.0,1.28,29.0,21096.0,1.1,0.0,10908.0,9136.0,24.75
94.0,93.3,3299.999,1.43,31.0,21168.0,0.8,0.0,11720.0,10156.0,24.75
95.0,100.0,3299.999,1.37,52.0,21024.0,5.3,0.0,10976.0,9412.0,24.75
96.0,93.3,3299.999,1.51,37.0,20808.0,0.8,0.0,10976.0,9352.0,24.75
97.0,100.0,3299.999,1.55,57.0,21816.0,5.9,0.0,12872.0,10976.0,24.75
98.0,100.0,3300.0,1.64,79.0,21384.0,6.6,0.0,18280.0,16476.0,24.75
99.0,100.0,3300.0,1.69,477.0,21960.0,64.3,0.0,10844.0,9152.0,24.75
100.0,100.0,3300.0,1.32,210.0,15192.0,34.7,0.0,15032.0,13296.0,24.75
101.0,93.8,3300.0,1.27,32.0,15480.0,0.8,0.0,15168.0,13304.0,24.75
102.0,100.0,3300.0,1.31,32.0,15336.0,0.7,0.0,12868.0,10996.0,24.75
103.0,100.0,3300.0,1.24,29.0,15624.0,0.6,0.0,10844.0,9152.0,24.75
104.0,100.0,3300.0,1.39,31.0,15552.0,0.8,0.0,10908.0,9004.0,24.75
105.0,93.3,3300.0,1.41,50.0,17136.0,4.4,0.0,10908.0,9016.0,24.75
106.0,100.0,3300.0,1.43,40.0,17064.0,1.5,0.0,11652.0,10088.0,24.75
107.0,100.0,3299.999,1.52,37.0,16992.0,0.8,0.0,14292.0,10704.0,24.75
108.0,93.3,3300.0,1.55,60.0,18288.0,7.7,0.0,12868.0,11184.0,24.75
109.0,93.3,3299.999,1.63,82.0,18792.0,3.4,0.0,12868.0,10928.0,24.75
110.0,100.0,3300.0,1.65,272.0,20736.0,35.9,0.0,13828.0,12052.0,24.75
111.0,100.0,3299.999,1.85,651.0,21888.0,82.8,0.0,14680.0,9480.0,24.75
112.0,100.0,3300.0,2.09,80.0,22104.0,3.6,0.0,14680.0,9480.0,24.75
113.0,100.0,3299.999,2.18,46.0,21384.0,1.6,0.0,14680.0,9480.0,24.75
114.0,100.0,3299.999,1.87,40.0,21744.0,0.8,0.0,14680.0,9480.0,24.75
115.0,100.0,3300.0,1.95,38.0,21168.0,2.0,0.0,14680.0,9480.0,24.75
116.0,100.0,3300.0,2.12,33.0,21168.0,1.5,0.0,14680.0,9480.0,24.75
117.0,100.0,3299.999,2.26,31.0,20880.0,2.0,0.0,14680.0,9480.0,24.75
118.0,100.0,3300.0,2.15,31.0,20952.0,0.6,0.0,14680.0,9480.0,24.75
119.0,100.0,3299.999,1.8,30.0,21096.0,0.6,0.0,14680.0,9480.0,24.75
120.0,93.8,3300.0,2.01,28.0,20736.0,0.6,0.0,14680.0,9480.0,24.75
121.0,100.0,3300.0,1.79,27.0,21024.0,0.6,0.0,14680.0,9480.0,24.75
122.0,100.0,3299.999,1.97,29.0,20664.0,1.0,0.0,14680.0,9480.0,24.75
123.0,100.0,3299.999,1.97,28.0,20808.0,0.4,0.0,14680.0,9480.0,24.75
124.0,100.0,3299.999,1.4,31.0,20520.0,0.8,0.0,14680.0,9480.0,24.75
125.0,100.0,3299.998,2.21,27.0,21024.0,0.8,0.0,14680.0,9480.0,24.75
126.0,100.0,3300.0,2.21,28.0,20520.0,0.9,0.0,14680.0,9480.0,24.75
127.0,100.0,3299.999,2.26,26.0,20952.0,0.7,0.0,14680.0,9480.0,24.75
128.0,93.8,3300.0,2.3,26.0,20376.0,0.5,0.0,14680.0,9480.0,24.75
129.0,100.0,3299.999,2.17,24.0,20232.0,0.7,0.0,14680.0,9480.0,24.75
130.0,100.0,3300.0,1.67,26.0,19944.0,0.6,0.0,14680.0,9480.0,24.75
131.0,100.0,3299.999,2.13,25.0,20592.0,0.4,0.0,14680.0,9480.0,24.75
132.0,100.0,3300.0,2.02,24.0,20232.0,0.6,0.0,14680.0,9480.0,24.75
133.0,100.0,3299.999,1.67,24.0,20016.0,0.4,0.0,14680.0,9480.0,24.75
134.0,100.0,3299.999,2.16,25.0,20016.0,0.7,0.0,14680.0,9480.0,24.75
135.0,100.0,3300.0,1.9,24.0,20520.0,0.8,0.0,14680.0,9480.0,24.75
136.0,100.0,3299.999,1.88,28.0,20016.0,0.8,0.0,14680.0,9480.0,24.75
137.0,100.0,3300.0,2.11,26.0,19296.0,0.7,0.0,14680.0,9480.0,24.75
138.0,100.0,3299.999,2.11,26.0,20016.0,1.3,0.0,14680.0,9480.0,24.75
139.0,100.0,3300.0,2.15,26.0,20160.0,0.8,0.0,14680.0,9480.0,24.75
140.0,100.0,3299.999,2.23,25.0,19800.0,0.4,0.0,14680.0,9480.0,24.75
141.0,100.0,3300.0,2.2,24.0,19728.0,0.3,0.0,14680.0,9480.0,24.75
142.0,93.8,3300.0,2.22,26.0,19944.0,0.4,0.0,14680.0,9480.0,24.75
143.0,100.0,3300.0,2.22,28.0,20160.0,0.3,0.0,14680.0,9480.0,24.75
144.0,100.0,3300.0,2.31,24.0,20160.0,0.4,0.0,14680.0,9480.0,24.75
145.0,93.8,3300.0,2.26,25.0,20088.0,0.4,0.0,14680.0,9480.0,24.75
146.0,100.0,3299.999,2.3,27.0,20160.0,0.3,0.0,14680.0,9480.0,24.75
147.0,100.0,3300.0,1.93,35.0,19944.0,2.5,0.0,18772.0,13796.0,24.75
148.0,93.3,3300.0,1.43,208.0,21744.0,29.4,0.0,16004.0,11156.0,24.75
149.0,93.8,3299.999,1.51,80.0,21456.0,5.6,0.0,18772.0,13864.0,24.75
150.0,100.0,3300.0,1.19,319.0,21816.0,28.3,0.0,17500.0,12740.0,24.75
151.0,100.0,3299.999,1.25,35.0,21240.0,1.2,0.0,14380.0,9576.0,24.75
152.0,100.0,3300.0,1.64,87.0,21240.0,6.0,0.0,17432.0,12612.0,24.75
153.0,100.0,3300.004,1.54,452.0,21960.0,48.9,0.0,18840.0,13992.0,24.75
154.0,100.0,3300.0,1.31,34.0,21456.0,1.1,0.0,16276.0,11556.0,24.75
155.0,100.0,3299.999,1.61,63.0,21456.0,6.4,0.0,21608.0,16804.0,24.75
156.0,100.0,3299.999,1.76,603.0,21816.0,62.9,0.0,18840.0,13992.0,24.75
157.0,93.8,3300.0,1.25,36.0,21528.0,1.8,0.0,16004.0,11144.0,24.75
158.0,93.8,3299.999,1.4,42.0,21888.0,2.2,0.0,17904.0,11420.0,24.75
159.0,100.0,3300.0,1.37,88.0,21456.0,7.5,0.0,17432.0,12612.0,24.75
160.0,100.0,3300.0,1.53,488.0,17208.0,54.8,0.0,18840.0,13992.0,24.75
161.0,100.0,3299.999,1.24,34.0,17424.0,1.0,0.0,18840.0,13992.0,24.75
162.0,100.0,3300.0,1.3,39.0,17496.0,1.8,0.0,18364.0,13556.0,24.75
163.0,100.0,3300.0,1.63,65.0,18432.0,5.6,0.0,16548.0,11612.0,24.75
164.0,100.0,3299.999,1.88,564.0,21096.0,65.2,0.0,22452.0,14364.0,24.75
165.0,100.0,3300.0,1.48,182.0,21528.0,16.8,0.0,31632.0,23656.0,24.75
166.0,100.0,3299.999,1.45,195.0,21528.0,23.4,0.0,22440.0,14352.0,24.75
167.0,100.0,3299.999,1.35,33.0,21096.0,1.5,0.0,21976.0,12436.0,24.75
168.0,100.0,3300.0,1.52,41.0,20952.0,4.1,0.0,20144.0,12024.0,24.75
169.0,100.0,3299.999,1.67,223.0,20952.0,24.1,0.0,22440.0,14352.0,24.75
170.0,100.0,3300.0,1.38,200.0,21528.0,25.3,0.0,19740.0,11780.0,24.75
171.0,100.0,3300.0,1.28,31.0,21384.0,0.8,0.0,18388.0,10464.0,24.75
172.0,100.0,3299.999,1.41,36.0,21024.0,2.5,0.0,17980.0,10064.0,24.75
173.0,100.0,3299.999,1.51,37.0,20664.0,3.6,0.0,20144.0,12028.0,24.75
174.0,100.0,3300.014,1.59,68.0,21240.0,5.1,0.0,20276.0,10976.0,24.75
175.0,100.0,3299.999,1.69,361.0,21744.0,45.5,0.0,22440.0,14352.0,24.75
176.0,100.0,3300.0,1.41,194.0,21960.0,26.3,0.0,18116.0,10200.0,24.75
177.0,100.0,3300.0,1.32,30.0,21456.0,1.3,0.0,18792.0,11004.0,24.75
178.0,100.0,3300.0,1.3,29.0,21240.0,1.1,0.0,18252.0,9792.0,24.75
179.0,100.0,3299.999,1.45,32.0,20952.0,1.3,0.0,19604.0,11644.0,24.75
180.0,93.3,3299.999,1.53,41.0,21528.0,4.7,0.0,17980.0,10064.0,24.75
181.0,93.3,3300.0,1.54,33.0,20664.0,1.3,0.0,20140.0,12228.0,24.75
182.0,100.0,3299.999,1.64,79.0,21096.0,6.3,0.0,26828.0,18556.0,24.75
183.0,100.0,3299.999,1.71,494.0,21744.0,64.3,0.0,18116.0,10200.0,24.75
184.0,100.0,3300.0,1.36,197.0,21528.0,25.7,0.0,20140.0,12036.0,24.75
185.0,93.8,3299.999,1.28,33.0,20808.0,1.5,0.0,22440.0,14352.0,24.75
186.0,100.0,3299.999,1.26,29.0,20232.0,0.6,0.0,18116.0,10200.0,24.75
187.0,100.0,3300.0,1.34,31.0,20304.0,0.6,0.0,17708.0,9792.0,24.75
188.0,93.3,3300.0,1.39,32.0,20664.0,1.0,0.0,17980.0,10064.0,24.75
189.0,100.0,3300.0,1.43,39.0,20304.0,2.7,0.0,25552.0,17504.0,24.75
190.0,93.3,3299.999,1.4,35.0,20808.0,0.9,0.0,18248.0,10400.0,24.75
191.0,93.8,3299.999,1.51,72.0,20520.0,7.6,0.0,20140.0,12036.0,24.75
192.0,93.3,3300.0,1.64,77.0,20808.0,1.8,0.0,19600.0,11752.0,24.75
193.0,93.3,3300.0,1.65,501.0,21600.0,64.6,0.0,22440.0,14352.0,24.75
194.0,100.0,3299.999,1.27,41.0,21312.0,2.2,0.0,18524.0,10716.0,24.75
195.0,93.3,3300.0,1.29,30.0,21096.0,0.4,0.0,18792.0,11004.0,24.75
196.0,100.0,3300.0,1.26,29.0,21024.0,0.9,0.0,17980.0,10192.0,24.75
197.0,100.0,3300.0,1.31,30.0,20664.0,0.4,0.0,18388.0,10464.0,24.75
198.0,100.0,3300.0,1.41,30.0,20808.0,0.6,0.0,18252.0,10316.0,24.75
199.0,100.0,3299.999,1.35,37.0,20736.0,3.2,0.0,19604.0,11644.0,24.75
200.0,100.0,3300.0,1.5,35.0,20736.0,0.6,0.0,18924.0,11136.0,24.75
201.0,93.3,3300.0,1.52,35.0,21024.0,1.0,0.0,20140.0,12352.0,24.75
202.0,100.0,3300.0,1.58,70.0,20664.0,5.4,0.0,20144.0,12024.0,24.75
203.0,100.0,3299.999,1.63,80.0,20736.0,2.7,0.0,20140.0,12036.0,24.75
204.0,100.0,3300.0,1.68,248.0,21528.0,33.5,0.0,21100.0,13100.0,24.75
205.0,100.0,3299.999,1.92,548.0,21672.0,68.1,0.0,18144.0,10256.0,24.75
206.0,100.0,3299.999,2.12,56.0,21672.0,2.7,0.0,18144.0,10256.0,24.75
207.0,100.0,3300.0,2.21,43.0,21600.0,2.0,0.0,18144.0,10256.0,24.75
208.0,100.0,3299.999,2.02,31.0,20736.0,0.8,0.0,18144.0,10256.0,24.75
209.0,100.0,3299.999,1.96,33.0,21024.0,1.5,0.0,18144.0,10256.0,24.75
210.0,100.0,3300.0,2.16,36.0,20952.0,3.7,0.0,18144.0,10256.0,24.75
211.0,100.0,3299.999,2.28,30.0,21240.0,0.8,0.0,18144.0,10256.0,24.75
212.0,100.0,3300.0,2.28,30.0,20232.0,0.8,0.0,18144.0,10256.0,24.75
213.0,100.0,3299.999,1.8,27.0,20304.0,0.7,0.0,18144.0,10256.0,24.75
214.0,100.0,3300.0,1.63,28.0,20880.0,0.3,0.0,18144.0,10256.0,24.75
215.0,100.0,3299.999,1.98,28.0,20304.0,0.6,0.0,18144.0,10256.0,24.75
216.0,100.0,3300.0,1.85,26.0,20592.0,1.1,0.0,18144.0,10256.0,24.75
217.0,100.0,3300.0,2.09,27.0,20304.0,0.8,0.0,18144.0,10256.0,24.75
218.0,100.0,3300.0,2.17,28.0,20304.0,1.2,0.0,18144.0,10256.0,24.75
219.0,100.0,3299.999,2.23,27.0,20376.0,0.8,0.0,18144.0,10256.0,24.75
220.0,100.0,3299.999,2.22,30.0,13968.0,5.7,0.0,18144.0,10256.0,24.75
221.0,100.0,3299.999,2.33,27.0,13968.0,0.7,0.0,18144.0,10256.0,24.75
222.0,100.0,3299.999,2.27,28.0,14040.0,0.5,0.0,18144.0,10256.0,24.75
223.0,100.0,3300.0,1.96,26.0,13608.0,0.6,0.0,18144.0,10256.0,24.75
224.0,100.0,3300.0,1.76,27.0,13896.0,0.6,0.0,18144.0,10256.0,24.75
225.0,100.0,3300.0,2.11,27.0,13680.0,0.6,0.0,18144.0,10256.0,24.75
226.0,93.8,3300.0,1.65,26.0,13824.0,0.6,0.0,18144.0,10256.0,24.75
227.0,93.8,3300.0,2.11,26.0,13752.0,0.4,0.0,18144.0,10256.0,24.75
228.0,100.0,3299.999,2.08,24.0,13680.0,0.7,0.0,18144.0,10256.0,24.75
229.0,100.0,3299.999,1.8,26.0,14040.0,0.5,0.0,18144.0,10256.0,24.75
230.0,100.0,3300.0,2.05,26.0,13824.0,0.5,0.0,18144.0,10256.0,24.75
231.0,100.0,3299.999,2.13,26.0,13608.0,0.6,0.0,18144.0,10256.0,24.75
232.0,100.0,3299.999,2.11,25.0,13608.0,1.1,0.0,18144.0,10256.0,24.75
233.0,100.0,3299.999,2.25,26.0,14256.0,0.6,0.0,18144.0,10256.0,24.75
234.0,100.0,3299.999,2.18,26.0,13608.0,0.8,0.0,18144.0,10256.0,24.75
235.0,100.0,3300.0,2.22,26.0,13968.0,0.4,0.0,18144.0,10256.0,24.75
236.0,93.8,3299.999,2.2,26.0,14112.0,0.8,0.0,18144.0,10256.0,24.75
237.0,100.0,3300.0,2.27,26.0,13752.0,0.7,0.0,18144.0,10256.0,24.75
238.0,100.0,3299.999,2.15,27.0,13536.0,0.4,0.0,18144.0,10256.0,24.75
239.0,100.0,3299.999,2.17,27.0,13824.0,0.6,0.0,18144.0,10256.0,24.75
240.0,100.0,3299.999,2.24,28.0,13680.0,0.4,0.0,22468.0,14476.0,24.75
241.0,100.0,3299.999,1.58,231.0,20736.0,36.6,0.0,19872.0,12384.0,24.75
242.0,100.0,3300.0,1.31,52.0,20880.0,2.5,0.0,19872.0,12120.0,24.75
243.0,100.0,3299.999,1.65,355.0,21384.0,40.8,0.0,22572.0,14956.0,24.75
244.0,93.3,3299.999,1.21,33.0,20664.0,1.3,0.0,21704.0,12384.0,24.75
245.0,100.0,3299.999,1.53,82.0,21312.0,8.3,0.0,21232.0,13704.0,24.75
246.0,100.0,3300.0,1.69,488.0,21024.0,64.2,0.0,22572.0,14956.0,24.75
247.0,100.0,3300.0,1.28,35.0,20592.0,1.7,0.0,19196.0,10804.0,24.75
248.0,93.3,3300.0,1.51,45.0,20880.0,4.2,0.0,23112.0,14168.0,24.75
249.0,100.0,3300.0,1.88,523.0,21384.0,74.0,0.0,22572.0,14956.0,24.75
250.0,93.3,3299.999,1.25,155.0,20592.0,17.7,0.0,22572.0,14956.0,24.75
251.0,100.0,3300.0,1.33,42.0,20952.0,3.3,0.0,18320.0,10724.0,24.75
252.0,100.0,3299.999,1.68,84.0,20952.0,9.5,0.0,26016.0,18512.0,24.75
253.0,100.0,3300.0,1.57,464.0,21384.0,58.8,0.0,22572.0,14956.0,24.75
254.0,100.0,3300.0,1.23,33.0,20664.0,1.3,0.0,22572.0,14956.0,24.75
255.0,100.0,3300.0,1.35,39.0,21024.0,3.9,0.0,20680.0,12324.0,24.75
256.0,100.0,3300.0,1.63,69.0,20952.0,7.2,0.0,26288.0,18312.0,24.75
257.0,100.0,3300.0,1.87,619.0,21888.0,77.7,0.0,18128.0,10728.0,24.75
258.0,100.0,3300.0,1.48,89.0,21312.0,10.0,0.0,39240.0,30564.0,24.75
259.0,100.0,3300.0,1.42,186.0,21528.0,27.4,0.0,18116.0,10716.0,24.75
260.0,100.0,3300.0,1.36,35.0,21168.0,1.6,0.0,18184.0,10912.0,24.75
261.0,100.0,3300.0,1.52,43.0,21312.0,2.5,0.0,20412.0,12948.0,24.75
262.0,93.8,3299.999,1.67,233.0,21528.0,28.3,0.0,18116.0,10716.0,24.75
263.0,100.0,3299.999,1.36,190.0,21240.0,24.1,0.0,18116.0,10716.0,24.75
264.0,100.0,3299.999,1.28,30.0,21312.0,1.0,0.0,17708.0,10308.0,24.75
265.0,100.0,3300.0,1.45,39.0,20880.0,5.1,0.0,18728.0,11436.0,24.75
266.0,100.0,3300.0,1.5,37.0,21240.0,1.4,0.0,18388.0,10980.0,24.75
267.0,100.0,3299.999,1.6,74.0,20952.0,12.6,0.0,20412.0,13012.0,24.75
268.0,100.0,3299.999,1.69,367.0,21600.0,51.6,0.0,22440.0,14868.0,24.75
269.0,100.0,3300.0,1.38,187.0,21528.0,23.2,0.0,20140.0,12552.0,24.75
270.0,93.3,3299.999,1.32,33.0,21456.0,1.1,0.0,22440.0,14868.0,24.75
271.0,100.0,3299.999,1.32,29.0,20880.0,0.4,0.0,17708.0,10308.0,24.75
272.0,100.0,3299.999,1.41,32.0,20808.0,0.7,0.0,19604.0,12160.0,24.75
273.0,100.0,3299.999,1.52,40.0,20664.0,3.7,0.0,18924.0,10436.0,24.75
274.0,100.0,3300.0,1.54,36.0,21384.0,1.0,0.0,20140.0,12808.0,24.75
275.0,87.5,3300.0,1.63,81.0,21240.0,8.1,0.0,19336.0,10428.0,24.75
276.0,100.0,3299.999,1.71,500.0,22032.0,71.6,0.0,22440.0,14868.0,24.75
277.0,100.0,3300.0,1.35,197.0,21528.0,22.0,0.0,18792.0,11520.0,24.75
278.0,100.0,3300.0,1.28,31.0,21168.0,1.2,0.0,22440.0,14868.0,24.75
279.0,100.0,3299.999,1.26,30.0,20736.0,0.8,0.0,18660.0,11240.0,24.75
280.0,93.8,3300.0,1.34,34.0,16272.0,4.0,0.0,18184.0,10568.0,24.75
281.0,93.3,3299.999,1.4,40.0,16704.0,4.4,0.0,17980.0,10580.0,24.75
282.0,100.0,3299.999,1.43,38.0,16992.0,2.1,0.0,18248.0,10916.0,24.75
283.0,100.0,3300.0,1.52,34.0,16992.0,1.3,0.0,20140.0,12744.0,24.75
284.0,100.0,3299.999,1.59,79.0,17928.0,8.4,0.0,19600.0,12012.0,24.75
285.0,100.0,3299.999,1.64,79.0,17928.0,2.4,0.0,19060.0,11660.0,24.75
286.0,100.0,3300.0,1.58,526.0,20592.0,77.1,0.0,18116.0,10716.0,24.75
287.0,100.0,3299.999,1.28,37.0,20304.0,2.3,0.0,22440.0,14868.0,24.75
288.0,100.0,3300.0,1.28,31.0,20304.0,0.8,0.0,22440.0,14868.0,24.75
289.0,100.0,3299.999,1.28,31.0,20520.0,0.6,0.0,20140.0,12552.0,24.75
290.0,93.3,3300.0,1.29,32.0,19512.0,1.1,0.0,19060.0,11660.0,24.75
291.0,93.3,3299.999,1.44,32.0,19368.0,0.9,0.0,17708.0,10308.0,24.75
292.0,100.0,3300.0,1.35,40.0,19512.0,4.0,0.0,17980.0,10580.0,24.75
293.0,100.0,3300.0,1.52,35.0,19296.0,0.9,0.0,17980.0,10580.0,24.75
294.0,100.0,3299.999,1.52,35.0,19512.0,1.3,0.0,18924.0,11652.0,24.75
295.0,100.0,3300.0,1.6,72.0,19512.0,7.9,0.0,26828.0,17488.0,24.75
296.0,100.0,3299.999,1.63,72.0,19872.0,5.7,0.0,18928.0,11528.0,24.75
297.0,93.3,3300.0,1.69,370.0,20952.0,53.6,0.0,22300.0,14968.0,24.75
298.0,100.0,3299.999,1.96,432.0,21600.0,48.7,0.0,18144.0,10772.0,24.75
299.0,100.0,3300.0,2.13,59.0,21312.0,3.9,0.0,18144.0,10772.0,24.75
