time,CPU_Utilization,Frequency,IPC,Misses,LLC,MBL,Memory_Footprint,Virt_Memory,Res_Memory,Allocated_Cache
0.0,100.0,3300.0,1.95,0.0,0.0,0.0,0.0,9428.0,7036.0,18.0
1.0,100.0,3299.999,2.16,48.0,504.0,2.3,0.0,10532.0,8344.0,18.0
2.0,100.0,3299.999,2.1,60.0,864.0,2.0,0.0,10532.0,8344.0,18.0
3.0,93.8,3300.0,2.18,34.0,1008.0,0.9,0.0,10532.0,8344.0,18.0
4.0,100.0,3299.999,1.97,26.0,1152.0,1.0,0.0,10532.0,8344.0,18.0
5.0,100.0,3300.0,2.16,31.0,864.0,0.6,0.0,10532.0,8344.0,18.0
6.0,100.0,3299.999,2.24,30.0,1368.0,0.6,0.0,10532.0,8344.0,18.0
7.0,100.0,3300.0,1.85,27.0,1224.0,0.3,0.0,10532.0,8344.0,18.0
8.0,100.0,3299.999,1.62,28.0,1368.0,0.6,0.0,10532.0,8344.0,18.0
9.0,100.0,3299.999,1.39,27.0,1008.0,0.4,0.0,10532.0,8344.0,18.0
10.0,100.0,3300.0,1.91,27.0,1080.0,0.8,0.0,10532.0,8344.0,18.0
11.0,100.0,3299.999,2.32,31.0,1224.0,0.5,0.0,10532.0,8344.0,18.0
12.0,100.0,3299.999,1.98,29.0,1440.0,1.0,0.0,10532.0,8344.0,18.0
13.0,100.0,3299.999,1.89,25.0,1152.0,0.4,0.0,10532.0,8344.0,18.0
14.0,100.0,3300.0,1.95,29.0,1584.0,0.8,0.0,10532.0,8344.0,18.0
15.0,100.0,3300.0,2.11,26.0,1440.0,0.4,0.0,10532.0,8344.0,18.0
16.0,100.0,3299.999,2.18,26.0,1440.0,0.8,0.0,10532.0,8344.0,18.0
17.0,100.0,3300.0,2.23,35.0,1152.0,1.4,0.0,10532.0,8344.0,18.0
18.0,100.0,3300.0,2.32,28.0,1152.0,0.6,0.0,10856.0,8464.0,18.0
19.0,100.0,3300.0,2.18,50.0,3096.0,3.0,0.0,10872.0,8520.0,18.0
20.0,100.0,3299.999,2.12,27.0,2160.0,1.2,0.0,10872.0,8520.0,18.0
21.0,100.0,3300.0,2.33,28.0,1512.0,1.2,0.0,10872.0,8520.0,18.0
22.0,100.0,3300.0,1.82,25.0,1584.0,1.1,0.0,10872.0,8520.0,18.0
23.0,93.8,3299.999,2.1,28.0,1584.0,1.3,0.0,10872.0,8520.0,18.0
24.0,100.0,3299.999,2.2,29.0,1368.0,0.6,0.0,10872.0,8520.0,18.0
25.0,100.0,3299.999,2.32,29.0,1296.0,0.6,0.0,10872.0,8520.0,18.0
26.0,100.0,3300.0,2.06,25.0,1368.0,0.8,0.0,10872.0,8520.0,18.0
27.0,100.0,3300.0,1.93,23.0,1008.0,0.8,0.0,10872.0,8520.0,18.0
28.0,100.0,3299.999,1.77,28.0,1440.0,0.2,0.0,10872.0,8520.0,18.0
29.0,100.0,3299.999,2.03,26.0,1080.0,0.6,0.0,10872.0,8520.0,18.0
30.0,100.0,3300.0,1.91,27.0,1152.0,0.4,0.0,10872.0,8520.0,18.0
31.0,100.0,3299.999,2.1,25.0,1080.0,0.4,0.0,10872.0,8520.0,18.0
32.0,100.0,3300.0,2.23,28.0,1008.0,0.4,0.0,10872.0,8520.0,18.0
33.0,100.0,3299.999,2.22,24.0,1152.0,0.8,0.0,10872.0,8520.0,18.0
34.0,100.0,3299.999,2.27,29.0,1584.0,1.1,0.0,10872.0,8520.0,18.0
35.0,100.0,3300.0,2.31,27.0,1656.0,0.6,0.0,10872.0,8520.0,18.0
36.0,100.0,3300.0,2.16,27.0,1512.0,0.8,0.0,10872.0,8520.0,18.0
37.0,100.0,3300.0,1.68,24.0,1296.0,0.4,0.0,10872.0,8520.0,18.0
38.0,100.0,3300.0,2.15,27.0,1296.0,1.3,0.0,10872.0,8520.0,18.0
39.0,100.0,3299.999,2.02,27.0,1656.0,0.5,0.0,10872.0,8520.0,18.0
