time,CPU_Utilization,Frequency,IPC,Misses,LLC,MBL,Memory_Footprint,Virt_Memory,Res_Memory,Allocated_Cache
0.0,100.0,3299.999,2.22,2.0,0.0,0.1,0.0,9288.0,6992.0,6.75
1.0,100.0,3300.0,2.17,51.0,1296.0,1.9,0.0,10532.0,7920.0,6.75
2.0,100.0,3299.999,2.1,41.0,1728.0,0.4,0.0,10532.0,8300.0,6.75
3.0,100.0,3299.999,2.18,29.0,1800.0,0.1,0.0,10532.0,8300.0,6.75
4.0,93.8,3299.999,1.97,29.0,1944.0,0.1,0.0,10532.0,8300.0,6.75
5.0,100.0,3300.0,2.15,35.0,1728.0,0.4,0.0,10532.0,8300.0,6.75
6.0,100.0,3300.0,2.25,37.0,1872.0,0.0,0.0,10532.0,8300.0,6.75
7.0,100.0,3299.999,1.82,29.0,1584.0,0.0,0.0,10532.0,8300.0,6.75
8.0,100.0,3299.999,1.98,34.0,2016.0,0.0,0.0,10532.0,8300.0,6.75
9.0,100.0,3300.0,2.13,37.0,1872.0,0.0,0.0,10532.0,8300.0,6.75
10.0,100.0,3299.999,2.26,39.0,1584.0,0.0,0.0,10532.0,8300.0,6.75
11.0,100.0,3300.0,2.06,38.0,1728.0,0.0,0.0,10532.0,8300.0,6.75
12.0,100.0,3300.0,1.9,30.0,1656.0,0.0,0.0,10532.0,8300.0,6.75
13.0,100.0,3299.999,2.01,32.0,2016.0,0.1,0.0,10532.0,8300.0,6.75
14.0,100.0,3299.999,1.88,38.0,1800.0,0.0,0.0,10532.0,8300.0,6.75
15.0,100.0,3300.0,2.03,37.0,1800.0,0.4,0.0,10532.0,8300.0,6.75
16.0,100.0,3299.999,2.16,36.0,1800.0,0.3,0.0,10532.0,8300.0,6.75
17.0,100.0,3299.999,2.3,41.0,1728.0,0.0,0.0,10532.0,8300.0,6.75
18.0,100.0,3299.999,2.34,48.0,2448.0,0.4,0.0,10872.0,8476.0,6.75
19.0,100.0,3300.0,2.09,38.0,2664.0,0.4,0.0,10872.0,8476.0,6.75
20.0,100.0,3299.999,2.18,29.0,2592.0,0.1,0.0,10872.0,8476.0,6.75
21.0,93.8,3300.0,2.11,29.0,2592.0,0.0,0.0,10872.0,8476.0,6.75
22.0,100.0,3300.0,1.92,29.0,2736.0,0.0,0.0,10872.0,8476.0,6.75
23.0,100.0,3299.999,2.14,32.0,2448.0,0.0,0.0,10872.0,8476.0,6.75
24.0,100.0,3300.0,1.63,32.0,2592.0,0.0,0.0,10872.0,8476.0,6.75
25.0,100.0,3300.0,2.17,36.0,2592.0,0.0,0.0,10872.0,8476.0,6.75
26.0,100.0,3299.999,1.91,33.0,2808.0,0.0,0.0,10872.0,8476.0,6.75
27.0,100.0,3300.0,2.03,30.0,2664.0,0.0,0.0,10872.0,8476.0,6.75
28.0,100.0,3299.999,1.77,28.0,2664.0,0.0,0.0,10872.0,8476.0,6.75
29.0,100.0,3300.0,1.94,32.0,2160.0,0.1,0.0,10872.0,8476.0,6.75
30.0,100.0,3300.001,1.98,32.0,2592.0,0.0,0.0,10872.0,8476.0,6.75
31.0,100.0,3299.999,2.1,34.0,2664.0,0.0,0.0,10872.0,8476.0,6.75
32.0,100.0,3300.0,2.23,32.0,2376.0,0.0,0.0,10872.0,8476.0,6.75
33.0,100.0,3300.0,2.21,32.0,2736.0,0.0,0.0,10872.0,8476.0,6.75
34.0,100.0,3300.0,2.29,34.0,2160.0,0.0,0.0,10872.0,8476.0,6.75
35.0,100.0,3299.999,2.3,34.0,2520.0,0.0,0.0,10872.0,8476.0,6.75
36.0,100.0,3299.999,2.14,37.0,2232.0,0.6,0.0,10872.0,8476.0,6.75
37.0,100.0,3299.999,1.67,29.0,2304.0,0.0,0.0,10872.0,8476.0,6.75
38.0,93.8,3300.0,2.14,28.0,2232.0,0.0,0.0,10872.0,8476.0,6.75
39.0,100.0,3299.999,1.92,28.0,2088.0,0.0,0.0,10872.0,8476.0,6.75
