time,CPU_Utilization,Frequency,IPC,Misses,LLC,MBL,Memory_Footprint,Virt_Memory,Res_Memory,Allocated_Cache
0.0,100.0,3300.0,1.92,0.0,0.0,0.0,0.0,9288.0,7048.0,13.5
1.0,93.3,3299.999,2.17,31.0,1224.0,0.8,0.0,10532.0,7976.0,13.5
2.0,100.0,3299.999,2.09,30.0,2016.0,0.1,0.0,10532.0,8356.0,13.5
3.0,100.0,3300.0,2.13,27.0,1656.0,0.1,0.0,10532.0,8356.0,13.5
4.0,100.0,3299.999,1.97,26.0,2016.0,0.1,0.0,10532.0,8356.0,13.5
5.0,100.0,3300.0,2.12,26.0,1800.0,0.4,0.0,10532.0,8356.0,13.5
6.0,100.0,3299.999,2.27,27.0,1944.0,0.4,0.0,10532.0,8356.0,13.5
7.0,100.0,3299.999,1.79,24.0,2088.0,0.1,0.0,10532.0,8356.0,13.5
8.0,100.0,3300.0,1.96,25.0,2232.0,0.1,0.0,10532.0,8356.0,13.5
9.0,100.0,3300.0,2.11,25.0,1800.0,0.1,0.0,10532.0,8356.0,13.5
10.0,100.0,3300.0,2.22,26.0,2448.0,0.2,0.0,10532.0,8356.0,13.5
11.0,100.0,3299.999,2.13,28.0,2160.0,0.2,0.0,10532.0,8356.0,13.5
12.0,100.0,3300.0,1.82,27.0,2304.0,0.2,0.0,10532.0,8356.0,13.5
13.0,93.8,3300.0,2.01,25.0,2232.0,0.2,0.0,10532.0,8356.0,13.5
14.0,100.0,3299.999,1.96,26.0,2520.0,0.5,0.0,10532.0,8356.0,13.5
15.0,100.0,3299.999,2.12,27.0,2520.0,0.8,0.0,10532.0,8356.0,13.5
16.0,100.0,3300.0,2.15,27.0,2160.0,0.1,0.0,10532.0,8356.0,13.5
17.0,100.0,3299.999,2.27,26.0,1944.0,0.1,0.0,10532.0,8356.0,13.5
18.0,100.0,3300.0,2.3,28.0,2232.0,0.2,0.0,10872.0,8532.0,13.5
19.0,100.0,3300.0,2.09,28.0,3384.0,0.5,0.0,10872.0,8532.0,13.5
20.0,100.0,3300.0,1.75,28.0,3312.0,0.1,0.0,10872.0,8532.0,13.5
21.0,100.0,3299.999,2.05,27.0,3456.0,0.1,0.0,10872.0,8532.0,13.5
22.0,100.0,3300.0,1.89,29.0,3456.0,0.0,0.0,10872.0,8532.0,13.5
23.0,100.0,3299.999,2.07,26.0,3672.0,0.1,0.0,10872.0,8532.0,13.5
24.0,100.0,3299.999,2.2,28.0,2808.0,0.5,0.0,10872.0,8532.0,13.5
25.0,100.0,3300.0,2.29,27.0,2736.0,0.1,0.0,10872.0,8532.0,13.5
26.0,100.0,3299.999,1.9,27.0,2808.0,0.1,0.0,10872.0,8532.0,13.5
27.0,100.0,3300.0,1.27,30.0,2880.0,0.1,0.0,10872.0,8532.0,13.5
28.0,100.0,3300.0,1.62,28.0,2448.0,0.0,0.0,10872.0,8532.0,13.5
29.0,100.0,3300.0,2.04,26.0,2880.0,0.1,0.0,10872.0,8532.0,13.5
30.0,100.0,3299.999,1.8,27.0,2664.0,0.1,0.0,10872.0,8532.0,13.5
31.0,100.0,3299.999,2.1,25.0,2664.0,0.1,0.0,10872.0,8532.0,13.5
32.0,100.0,3299.999,2.15,26.0,2880.0,0.1,0.0,10872.0,8532.0,13.5
33.0,93.8,3300.0,2.2,26.0,2736.0,0.1,0.0,10872.0,8532.0,13.5
34.0,100.0,3299.999,2.2,26.0,2448.0,0.0,0.0,10872.0,8532.0,13.5
35.0,100.0,3299.999,1.41,29.0,2376.0,0.1,0.0,10872.0,8532.0,13.5
36.0,100.0,3299.999,2.07,27.0,2160.0,0.1,0.0,10872.0,8532.0,13.5
37.0,100.0,3300.0,2.13,25.0,2808.0,0.1,0.0,10872.0,8532.0,13.5
38.0,100.0,3299.999,1.66,25.0,2232.0,0.1,0.0,10872.0,8532.0,13.5
39.0,93.8,3300.0,2.14,28.0,2952.0,0.1,0.0,10872.0,8532.0,13.5
