time,CPU_Utilization,Frequency,IPC,Misses,LLC,MBL,Memory_Footprint,Virt_Memory,Res_Memory,Allocated_Cache
0.0,100.0,3299.999,2.18,4.0,0.0,0.1,0.0,9288.0,7124.0,2.25
1.0,100.0,3299.999,2.17,141.0,720.0,7.4,0.0,10532.0,8052.0,2.25
2.0,100.0,3300.0,2.1,161.0,792.0,6.8,0.0,10532.0,8432.0,2.25
3.0,100.0,3300.0,2.18,187.0,864.0,3.4,0.0,10532.0,8432.0,2.25
4.0,100.0,3299.999,1.92,153.0,936.0,4.9,0.0,10532.0,8432.0,2.25
5.0,100.0,3300.0,2.15,288.0,936.0,9.0,0.0,10532.0,8432.0,2.25
6.0,100.0,3299.999,2.09,306.0,1008.0,13.2,0.0,10532.0,8432.0,2.25
7.0,100.0,3300.0,1.8,163.0,1080.0,9.6,0.0,10532.0,8432.0,2.25
8.0,100.0,3299.999,1.96,255.0,1152.0,16.3,0.0,10532.0,8432.0,2.25
9.0,100.0,3300.0,2.13,322.0,1224.0,14.9,0.0,10532.0,8432.0,2.25
10.0,93.8,3299.999,2.24,324.0,1224.0,14.3,0.0,10532.0,8432.0,2.25
11.0,100.0,3300.0,2.19,290.0,1080.0,13.6,0.0,10532.0,8432.0,2.25
12.0,100.0,3299.999,1.82,143.0,1224.0,7.9,0.0,10532.0,8432.0,2.25
13.0,100.0,3300.0,2.01,186.0,1224.0,11.7,0.0,10532.0,8432.0,2.25
14.0,100.0,3299.999,1.98,334.0,1008.0,9.8,0.0,10532.0,8432.0,2.25
15.0,100.0,3300.0,2.14,320.0,1152.0,7.8,0.0,10532.0,8432.0,2.25
16.0,100.0,3299.999,2.17,288.0,1080.0,11.0,0.0,10532.0,8432.0,2.25
17.0,100.0,3300.0,2.3,333.0,1296.0,12.7,0.0,10532.0,8432.0,2.25
18.0,100.0,3299.999,2.34,310.0,1296.0,18.7,0.0,10872.0,8608.0,2.25
19.0,100.0,3300.0,2.08,155.0,1152.0,5.1,0.0,10872.0,8608.0,2.25
20.0,100.0,3300.0,2.04,166.0,1224.0,1.1,0.0,10872.0,8608.0,2.25
21.0,100.0,3300.0,2.11,179.0,1080.0,2.2,0.0,10872.0,8608.0,2.25
22.0,100.0,3299.999,1.93,132.0,1584.0,2.9,0.0,10872.0,8608.0,2.25
23.0,100.0,3299.999,2.13,267.0,1224.0,6.9,0.0,10872.0,8608.0,2.25
24.0,100.0,3300.0,2.26,272.0,936.0,9.3,0.0,10872.0,8608.0,2.25
25.0,100.0,3299.999,1.73,229.0,1368.0,10.1,0.0,10872.0,8608.0,2.25
26.0,100.0,3299.999,1.78,184.0,1224.0,7.6,0.0,10872.0,8608.0,2.25
27.0,100.0,3300.0,1.96,153.0,1296.0,7.6,0.0,10872.0,8608.0,2.25
28.0,100.0,3299.999,1.78,151.0,1584.0,7.4,0.0,10872.0,8608.0,2.25
29.0,100.0,3299.999,1.96,246.0,1368.0,11.8,0.0,10872.0,8608.0,2.25
30.0,100.0,3300.0,1.97,264.0,1152.0,11.1,0.0,10872.0,8608.0,2.25
31.0,100.0,3300.0,2.1,345.0,1224.0,11.5,0.0,10872.0,8608.0,2.25
32.0,100.0,3299.999,2.22,287.0,1224.0,13.1,0.0,10872.0,8608.0,2.25
33.0,100.0,3299.999,2.22,280.0,1152.0,11.4,0.0,10872.0,8608.0,2.25
34.0,100.0,3300.0,2.26,276.0,936.0,10.1,0.0,10872.0,8608.0,2.25
35.0,100.0,3299.999,2.3,298.0,1152.0,9.4,0.0,10872.0,8608.0,2.25
36.0,100.0,3300.0,2.15,223.0,1152.0,7.2,0.0,10872.0,8608.0,2.25
37.0,100.0,3300.0,1.67,139.0,1080.0,4.8,0.0,10872.0,8608.0,2.25
38.0,100.0,3299.999,2.15,160.0,1440.0,5.2,0.0,10872.0,8608.0,2.25
39.0,100.0,3300.0,1.98,148.0,864.0,4.9,0.0,10872.0,8608.0,2.25
