time,CPU_Utilization,Frequency,IPC,Misses,LLC,MBL,Memory_Footprint,Virt_Memory,Res_Memory,Allocated_Cache
0.0,100.0,3299.999,2.05,3.0,0.0,0.0,0.0,9288.0,7044.0,20.25
1.0,100.0,3299.999,2.17,47.0,1296.0,2.2,0.0,10532.0,8352.0,20.25
2.0,100.0,3300.0,2.1,53.0,2304.0,1.3,0.0,10532.0,8352.0,20.25
3.0,100.0,3299.999,2.18,29.0,1656.0,1.3,0.0,10532.0,8352.0,20.25
4.0,93.8,3299.999,1.97,27.0,1800.0,0.6,0.0,10532.0,8352.0,20.25
5.0,93.8,3299.999,2.16,30.0,1656.0,0.7,0.0,10532.0,8352.0,20.25
6.0,100.0,3299.999,2.24,29.0,1656.0,0.4,0.0,10532.0,8352.0,20.25
7.0,100.0,3300.0,1.78,25.0,1656.0,0.5,0.0,10532.0,8352.0,20.25
8.0,100.0,3300.0,1.98,26.0,1368.0,0.6,0.0,10532.0,8352.0,20.25
9.0,100.0,3300.0,2.13,26.0,1368.0,0.4,0.0,10532.0,8352.0,20.25
10.0,100.0,3299.999,2.27,29.0,1728.0,1.1,0.0,10532.0,8352.0,20.25
11.0,100.0,3300.0,2.06,29.0,1944.0,1.4,0.0,10532.0,8352.0,20.25
12.0,100.0,3299.999,1.91,28.0,1584.0,1.2,0.0,10532.0,8352.0,20.25
13.0,100.0,3299.999,2.02,27.0,1728.0,0.6,0.0,10532.0,8352.0,20.25
14.0,100.0,3300.0,2.0,27.0,1656.0,0.6,0.0,10532.0,8352.0,20.25
15.0,100.0,3299.999,2.16,27.0,1440.0,0.6,0.0,10532.0,8352.0,20.25
16.0,100.0,3300.0,2.17,26.0,1656.0,0.8,0.0,10532.0,8352.0,20.25
17.0,100.0,3299.999,2.29,33.0,1800.0,0.8,0.0,10532.0,8352.0,20.25
18.0,100.0,3300.0,2.04,44.0,2376.0,1.5,0.0,10872.0,8528.0,20.25
19.0,100.0,3299.999,2.1,32.0,1872.0,0.9,0.0,10872.0,8528.0,20.25
20.0,100.0,3300.0,2.18,27.0,1800.0,0.4,0.0,10872.0,8528.0,20.25
21.0,100.0,3300.0,2.11,25.0,1440.0,0.7,0.0,10872.0,8528.0,20.25
22.0,100.0,3300.0,1.92,26.0,1368.0,0.4,0.0,10872.0,8528.0,20.25
23.0,100.0,3299.999,2.14,29.0,1440.0,0.3,0.0,10872.0,8528.0,20.25
24.0,100.0,3300.0,2.26,29.0,1368.0,0.5,0.0,10872.0,8528.0,20.25
25.0,100.0,3300.0,2.34,31.0,1224.0,0.4,0.0,10872.0,8528.0,20.25
26.0,100.0,3300.0,1.81,27.0,1080.0,0.6,0.0,10872.0,8528.0,20.25
27.0,100.0,3299.999,1.84,24.0,1080.0,0.6,0.0,10872.0,8528.0,20.25
28.0,100.0,3300.0,2.02,28.0,1224.0,0.4,0.0,10872.0,8528.0,20.25
29.0,100.0,3300.0,1.88,29.0,864.0,0.4,0.0,10872.0,8528.0,20.25
30.0,100.0,3299.999,2.03,26.0,1152.0,0.1,0.0,10872.0,8528.0,20.25
31.0,100.0,3300.0,2.14,25.0,1152.0,0.3,0.0,10872.0,8528.0,20.25
32.0,100.0,3299.999,2.22,26.0,1080.0,0.4,0.0,10872.0,8528.0,20.25
33.0,100.0,3299.999,2.23,27.0,1008.0,0.3,0.0,10872.0,8528.0,20.25
34.0,100.0,3300.0,2.32,30.0,1008.0,0.8,0.0,10872.0,8528.0,20.25
35.0,100.0,3300.0,2.27,26.0,1224.0,0.6,0.0,10872.0,8528.0,20.25
36.0,100.0,3300.0,2.04,28.0,1296.0,0.6,0.0,10872.0,8528.0,20.25
37.0,100.0,3299.999,1.7,27.0,1224.0,0.2,0.0,10872.0,8528.0,20.25
38.0,100.0,3299.999,2.1,26.0,1080.0,0.6,0.0,10872.0,8528.0,20.25
39.0,100.0,3299.999,1.66,24.0,1080.0,0.6,0.0,10872.0,8528.0,20.25
