time,CPU_Utilization,Frequency,IPC,Misses,LLC,MBL,Memory_Footprint,Virt_Memory,Res_Memory,Allocated_Cache
0.0,100.0,3299.999,2.23,0.0,0.0,0.2,0.0,9292.0,7052.0,15.75
1.0,100.0,3300.0,2.17,60.0,1656.0,4.9,0.0,9372.0,7448.0,15.75
2.0,100.0,3299.999,2.09,67.0,1584.0,1.8,0.0,10532.0,8356.0,15.75
3.0,100.0,3300.0,1.74,36.0,1224.0,3.5,0.0,10532.0,8356.0,15.75
4.0,100.0,3299.999,2.05,29.0,1152.0,0.8,0.0,10532.0,8356.0,15.75
5.0,100.0,3300.0,2.1,34.0,1152.0,3.4,0.0,10532.0,8356.0,15.75
6.0,100.0,3300.0,2.32,30.0,1080.0,0.4,0.0,10532.0,8356.0,15.75
7.0,100.0,3300.0,1.8,27.0,1512.0,3.8,0.0,10532.0,8356.0,15.75
8.0,100.0,3300.0,1.96,30.0,1008.0,0.6,0.0,10532.0,8356.0,15.75
9.0,100.0,3300.0,2.12,27.0,1008.0,0.4,0.0,10532.0,8356.0,15.75
10.0,100.0,3299.999,2.23,34.0,936.0,1.4,0.0,10532.0,8356.0,15.75
11.0,100.0,3300.0,2.2,27.0,1080.0,3.7,0.0,10532.0,8356.0,15.75
12.0,100.0,3299.999,1.85,26.0,1368.0,1.0,0.0,10532.0,8356.0,15.75
13.0,100.0,3300.0,1.98,31.0,1080.0,2.4,0.0,10532.0,8356.0,15.75
14.0,100.0,3299.999,1.97,40.0,1224.0,0.2,0.0,10532.0,8356.0,15.75
15.0,100.0,3300.0,2.14,31.0,1152.0,0.9,0.0,10532.0,8356.0,15.75
16.0,100.0,3300.0,2.17,28.0,1224.0,2.5,0.0,10532.0,8356.0,15.75
17.0,93.8,3300.0,2.3,32.0,1440.0,0.6,0.0,10532.0,8356.0,15.75
18.0,93.8,3299.999,2.32,40.0,1512.0,1.6,0.0,10872.0,8532.0,15.75
19.0,100.0,3300.0,2.1,40.0,1296.0,3.7,0.0,10872.0,8532.0,15.75
20.0,100.0,3300.0,2.12,28.0,1008.0,2.3,0.0,10872.0,8532.0,15.75
21.0,100.0,3300.0,2.1,26.0,1008.0,0.1,0.0,10872.0,8532.0,15.75
22.0,100.0,3299.999,1.92,26.0,864.0,3.2,0.0,10872.0,8532.0,15.75
23.0,93.8,3300.0,2.12,31.0,864.0,0.5,0.0,10872.0,8532.0,15.75
24.0,100.0,3299.998,2.25,29.0,936.0,3.0,0.0,10872.0,8532.0,15.75
25.0,100.0,3300.0,2.32,31.0,1008.0,0.7,0.0,10872.0,8532.0,15.75
26.0,100.0,3300.0,1.86,26.0,1008.0,1.2,0.0,10872.0,8532.0,15.75
27.0,100.0,3300.0,1.84,30.0,1152.0,1.2,0.0,10872.0,8532.0,15.75
28.0,93.8,3300.0,1.89,28.0,936.0,1.1,0.0,10872.0,8532.0,15.75
29.0,100.0,3299.999,1.92,35.0,1080.0,3.4,0.0,10872.0,8532.0,15.75
30.0,100.0,3299.999,2.0,26.0,792.0,2.7,0.0,10872.0,8532.0,15.75
31.0,100.0,3300.0,2.12,26.0,720.0,0.6,0.0,10872.0,8532.0,15.75
32.0,100.0,3300.0,2.21,26.0,1008.0,1.2,0.0,10872.0,8532.0,15.75
33.0,100.0,3300.0,2.21,27.0,936.0,1.1,0.0,10872.0,8532.0,15.75
34.0,100.0,3299.999,2.29,31.0,1008.0,1.5,0.0,10872.0,8532.0,15.75
35.0,100.0,3299.999,2.26,27.0,936.0,0.1,0.0,10872.0,8532.0,15.75
36.0,100.0,3300.0,2.13,27.0,1152.0,3.7,0.0,10872.0,8532.0,15.75
37.0,100.0,3299.999,1.63,26.0,1008.0,0.3,0.0,10872.0,8532.0,15.75
38.0,100.0,3300.0,2.1,28.0,1080.0,1.6,0.0,10872.0,8532.0,15.75
39.0,100.0,3300.0,1.79,29.0,1224.0,3.2,0.0,10872.0,8532.0,15.75
