time,CPU_Utilization,Frequency,IPC,Misses,LLC,MBL,Memory_Footprint,Virt_Memory,Res_Memory,Allocated_Cache
0.0,100.0,3300.0,2.38,3.0,0.0,0.1,0.0,9288.0,7080.0,22.5
1.0,93.8,3300.0,2.17,44.0,1224.0,2.5,0.0,10532.0,8008.0,22.5
2.0,100.0,3299.999,2.1,48.0,1368.0,2.2,0.0,10532.0,8388.0,22.5
3.0,100.0,3299.999,2.18,29.0,1368.0,0.9,0.0,10532.0,8388.0,22.5
4.0,100.0,3300.0,1.97,27.0,1800.0,0.4,0.0,10532.0,8388.0,22.5
5.0,100.0,3299.999,2.15,30.0,1584.0,0.2,0.0,10532.0,8388.0,22.5
6.0,100.0,3300.0,2.25,29.0,1656.0,0.1,0.0,10532.0,8388.0,22.5
7.0,100.0,3299.999,1.83,24.0,1368.0,0.4,0.0,10532.0,8388.0,22.5
8.0,100.0,3299.999,1.98,25.0,1440.0,0.9,0.0,10532.0,8388.0,22.5
9.0,100.0,3300.0,2.12,25.0,1584.0,0.7,0.0,10532.0,8388.0,22.5
10.0,100.0,3299.999,2.27,26.0,1296.0,0.4,0.0,10532.0,8388.0,22.5
11.0,100.0,3300.0,2.06,25.0,1656.0,0.3,0.0,10532.0,8388.0,22.5
12.0,100.0,3300.0,1.9,26.0,1440.0,0.3,0.0,10532.0,8388.0,22.5
13.0,100.0,3300.0,2.01,27.0,1440.0,0.1,0.0,10532.0,8388.0,22.5
14.0,100.0,3300.0,2.01,28.0,1440.0,0.4,0.0,10532.0,8388.0,22.5
15.0,100.0,3299.999,2.1,28.0,1512.0,1.3,0.0,10532.0,8388.0,22.5
16.0,100.0,3300.0,1.95,27.0,1440.0,1.1,0.0,10532.0,8388.0,22.5
17.0,100.0,3300.0,2.3,30.0,1296.0,0.5,0.0,10532.0,8388.0,22.5
18.0,100.0,3300.0,2.34,41.0,1872.0,0.4,0.0,10872.0,8564.0,22.5
19.0,100.0,3300.001,2.09,29.0,1440.0,0.3,0.0,10872.0,8564.0,22.5
20.0,100.0,3299.999,2.18,27.0,1368.0,0.1,0.0,10872.0,8564.0,22.5
21.0,100.0,3300.0,2.11,27.0,1800.0,0.5,0.0,10872.0,8564.0,22.5
22.0,100.0,3300.0,1.92,29.0,1512.0,0.2,0.0,10872.0,8564.0,22.5
23.0,100.0,3299.999,2.14,29.0,1440.0,0.4,0.0,10872.0,8564.0,22.5
24.0,100.0,3300.0,2.25,29.0,1080.0,0.4,0.0,10872.0,8564.0,22.5
25.0,100.0,3300.0,2.33,28.0,1080.0,0.1,0.0,10872.0,8564.0,22.5
26.0,100.0,3299.999,1.79,27.0,1296.0,0.4,0.0,10872.0,8564.0,22.5
27.0,100.0,3299.999,1.83,27.0,1440.0,0.4,0.0,10872.0,8564.0,22.5
28.0,100.0,3300.0,2.03,27.0,1512.0,0.1,0.0,10872.0,8564.0,22.5
29.0,100.0,3299.999,1.89,28.0,1296.0,0.7,0.0,10872.0,8564.0,22.5
30.0,100.0,3300.0,2.02,24.0,1440.0,0.7,0.0,10872.0,8564.0,22.5
31.0,100.0,3300.0,2.14,25.0,1296.0,0.2,0.0,10872.0,8564.0,22.5
32.0,100.0,3299.999,2.22,24.0,1368.0,0.0,0.0,10872.0,8564.0,22.5
33.0,100.0,3300.0,2.23,25.0,1008.0,0.6,0.0,10872.0,8564.0,22.5
34.0,100.0,3299.999,2.31,30.0,1296.0,0.9,0.0,10872.0,8564.0,22.5
35.0,93.8,3299.999,2.28,26.0,1224.0,0.4,0.0,10872.0,8564.0,22.5
36.0,100.0,3300.0,2.06,30.0,1152.0,0.3,0.0,10872.0,8564.0,22.5
37.0,100.0,3300.0,1.7,28.0,1296.0,0.7,0.0,10872.0,8564.0,22.5
38.0,100.0,3299.999,2.1,30.0,1368.0,0.6,0.0,10872.0,8564.0,22.5
39.0,100.0,3300.0,1.66,27.0,1440.0,0.4,0.0,10872.0,8564.0,22.5
