time,CPU_Utilization,Frequency,IPC,Misses,LLC,MBL,Memory_Footprint,Virt_Memory,Res_Memory,Allocated_Cache
0.0,93.8,3300.0,1.95,0.0,0.0,0.0,0.0,9428.0,7128.0,9.0
1.0,93.8,3299.999,2.17,38.0,936.0,0.6,0.0,10532.0,8056.0,9.0
2.0,100.0,3300.0,2.09,36.0,1584.0,0.3,0.0,10532.0,8436.0,9.0
3.0,100.0,3299.999,2.18,28.0,1656.0,0.2,0.0,10532.0,8436.0,9.0
4.0,100.0,3299.999,1.96,26.0,1944.0,0.1,0.0,10532.0,8436.0,9.0
5.0,100.0,3299.999,2.15,28.0,1944.0,0.1,0.0,10532.0,8436.0,9.0
6.0,100.0,3300.0,2.24,28.0,1872.0,0.0,0.0,10532.0,8436.0,9.0
7.0,93.8,3299.999,1.84,27.0,1800.0,0.0,0.0,10532.0,8436.0,9.0
8.0,100.0,3300.0,1.92,27.0,1944.0,0.0,0.0,10532.0,8436.0,9.0
9.0,100.0,3299.999,2.0,28.0,1800.0,0.0,0.0,10532.0,8436.0,9.0
10.0,100.0,3300.0,2.24,30.0,1656.0,0.0,0.0,10532.0,8436.0,9.0
11.0,100.0,3299.999,1.54,29.0,1584.0,0.0,0.0,10532.0,8436.0,9.0
12.0,100.0,3299.999,1.75,28.0,2088.0,0.0,0.0,10532.0,8436.0,9.0
13.0,100.0,3300.0,1.93,27.0,1944.0,0.1,0.0,10532.0,8436.0,9.0
14.0,100.0,3299.999,1.91,27.0,1656.0,0.0,0.0,10532.0,8436.0,9.0
15.0,100.0,3300.0,2.1,27.0,1584.0,0.0,0.0,10532.0,8436.0,9.0
16.0,93.8,3299.999,2.16,27.0,1800.0,0.0,0.0,10532.0,8436.0,9.0
17.0,100.0,3299.999,2.24,27.0,1800.0,0.1,0.0,10532.0,8436.0,9.0
18.0,100.0,3299.999,2.31,28.0,1512.0,0.0,0.0,10856.0,8556.0,9.0
19.0,100.0,3300.0,2.2,33.0,2592.0,0.6,0.0,10872.0,8612.0,9.0
20.0,100.0,3300.0,2.11,26.0,2664.0,0.1,0.0,10872.0,8612.0,9.0
21.0,100.0,3299.999,2.28,27.0,2376.0,0.0,0.0,10872.0,8612.0,9.0
22.0,100.0,3300.0,1.85,26.0,2448.0,0.1,0.0,10872.0,8612.0,9.0
23.0,100.0,3300.0,2.09,26.0,3024.0,0.2,0.0,10872.0,8612.0,9.0
24.0,100.0,3299.999,2.21,26.0,2808.0,0.0,0.0,10872.0,8612.0,9.0
25.0,100.0,3299.999,2.29,27.0,2664.0,0.1,0.0,10872.0,8612.0,9.0
26.0,100.0,3300.0,1.98,28.0,2808.0,0.0,0.0,10872.0,8612.0,9.0
27.0,100.0,3299.999,1.98,25.0,2808.0,0.0,0.0,10872.0,8612.0,9.0
28.0,100.0,3300.0,1.77,25.0,2952.0,0.0,0.0,10872.0,8612.0,9.0
29.0,100.0,3299.999,1.96,24.0,2664.0,0.0,0.0,10872.0,8612.0,9.0
30.0,100.0,3300.0,1.97,27.0,2592.0,0.1,0.0,10872.0,8612.0,9.0
31.0,100.0,3299.999,2.1,27.0,2736.0,0.2,0.0,10872.0,8612.0,9.0
32.0,100.0,3300.0,1.7,27.0,2592.0,0.1,0.0,10872.0,8612.0,9.0
33.0,100.0,3300.0,2.22,26.0,3024.0,0.1,0.0,10872.0,8612.0,9.0
34.0,100.0,3299.999,2.24,27.0,2376.0,0.4,0.0,10872.0,8612.0,9.0
35.0,100.0,3300.0,2.3,26.0,3312.0,0.6,0.0,10872.0,8612.0,9.0
36.0,100.0,3300.0,2.19,27.0,2664.0,0.5,0.0,10872.0,8612.0,9.0
37.0,100.0,3299.999,1.76,26.0,2592.0,0.4,0.0,10872.0,8612.0,9.0
38.0,100.0,3299.999,2.04,27.0,2808.0,0.0,0.0,10872.0,8612.0,9.0
39.0,100.0,3299.999,2.08,26.0,2664.0,0.0,0.0,10872.0,8612.0,9.0
