time,CPU_Utilization,Frequency,IPC,Misses,LLC,MBL,Memory_Footprint,Virt_Memory,Res_Memory,Allocated_Cache
0.0,100.0,3299.999,2.03,1.0,0.0,0.0,0.0,9288.0,7044.0,4.5
1.0,100.0,3299.999,2.15,62.0,648.0,6.2,0.0,10532.0,7972.0,4.5
2.0,100.0,3299.999,2.1,66.0,1080.0,4.1,0.0,10532.0,8352.0,4.5
3.0,100.0,3300.0,2.18,55.0,1008.0,2.7,0.0,10532.0,8352.0,4.5
4.0,100.0,3300.0,1.97,49.0,1728.0,2.0,0.0,10532.0,8352.0,4.5
5.0,100.0,3299.999,2.15,75.0,1440.0,2.7,0.0,10532.0,8352.0,4.5
6.0,100.0,3299.999,2.25,90.0,936.0,4.2,0.0,10532.0,8352.0,4.5
7.0,100.0,3299.999,1.83,53.0,1152.0,2.1,0.0,10532.0,8352.0,4.5
8.0,100.0,3299.999,1.98,80.0,1368.0,3.0,0.0,10532.0,8352.0,4.5
9.0,100.0,3299.999,2.14,80.0,792.0,2.8,0.0,10532.0,8352.0,4.5
10.0,100.0,3300.0,2.27,90.0,1224.0,5.6,0.0,10532.0,8352.0,4.5
11.0,100.0,3300.0,2.05,79.0,1368.0,4.1,0.0,10532.0,8352.0,4.5
12.0,93.8,3299.999,1.9,56.0,1368.0,2.0,0.0,10532.0,8352.0,4.5
13.0,100.0,3300.0,2.0,64.0,1368.0,3.2,0.0,10532.0,8352.0,4.5
14.0,100.0,3299.999,2.01,95.0,1440.0,3.3,0.0,10532.0,8352.0,4.5
15.0,100.0,3300.0,2.15,86.0,1296.0,3.8,0.0,10532.0,8352.0,4.5
16.0,100.0,3300.0,2.16,82.0,1152.0,3.7,0.0,10532.0,8352.0,4.5
17.0,100.0,3300.0,2.32,111.0,1296.0,7.1,0.0,10532.0,8352.0,4.5
18.0,100.0,3299.999,2.28,96.0,2160.0,5.8,0.0,10872.0,8528.0,4.5
19.0,100.0,3299.999,2.1,61.0,1728.0,3.1,0.0,10872.0,8528.0,4.5
20.0,100.0,3300.0,2.23,68.0,1584.0,3.9,0.0,10872.0,8528.0,4.5
21.0,100.0,3300.0,2.05,54.0,1368.0,2.8,0.0,10872.0,8528.0,4.5
22.0,100.0,3299.999,1.92,53.0,1512.0,1.1,0.0,10872.0,8528.0,4.5
23.0,100.0,3300.0,2.17,73.0,1152.0,1.1,0.0,10872.0,8528.0,4.5
24.0,100.0,3299.999,2.26,73.0,1296.0,1.8,0.0,10872.0,8528.0,4.5
25.0,100.0,3300.0,2.35,86.0,1512.0,5.8,0.0,10872.0,8528.0,4.5
26.0,100.0,3299.999,1.77,52.0,1296.0,1.7,0.0,10872.0,8528.0,4.5
27.0,100.0,3300.0,1.78,48.0,1944.0,1.3,0.0,10872.0,8528.0,4.5
28.0,100.0,3299.999,2.06,62.0,1512.0,2.4,0.0,10872.0,8528.0,4.5
29.0,100.0,3299.999,1.83,76.0,1440.0,2.2,0.0,10872.0,8528.0,4.5
30.0,100.0,3300.0,2.1,79.0,1656.0,0.8,0.0,10872.0,8528.0,4.5
31.0,100.0,3300.0,2.16,86.0,1800.0,2.0,0.0,10872.0,8528.0,4.5
32.0,100.0,3299.999,2.23,80.0,1800.0,1.3,0.0,10872.0,8528.0,4.5
33.0,100.0,3300.0,2.22,78.0,1728.0,1.3,0.0,10872.0,8528.0,4.5
34.0,100.0,3299.999,2.21,79.0,1440.0,4.0,0.0,10872.0,8528.0,4.5
35.0,100.0,3300.0,2.27,81.0,1512.0,3.0,0.0,10872.0,8528.0,4.5
36.0,100.0,3299.999,2.02,61.0,1368.0,1.8,0.0,10872.0,8528.0,4.5
37.0,100.0,3300.0,1.73,50.0,1728.0,1.1,0.0,10872.0,8528.0,4.5
38.0,100.0,3299.999,2.11,51.0,1584.0,0.4,0.0,10872.0,8528.0,4.5
39.0,100.0,3300.0,1.65,47.0,1296.0,0.6,0.0,10872.0,8528.0,4.5
