time,CPU_Utilization,Frequency,IPC,Misses,LLC,MBL,Memory_Footprint,Virt_Memory,Res_Memory,Allocated_Cache
0.0,100.0,3299.999,1.08,1.0,0.0,0.0,0.0,860904.0,14484.0,18.0
1.0,93.8,3300.0,0.9,864.0,6408.0,96.5,0.0,860904.0,14484.0,18.0
2.0,93.8,3299.999,0.68,625.0,7128.0,94.4,0.0,860904.0,14740.0,18.0
3.0,100.0,3300.002,0.62,3487.0,17064.0,769.4,0.2,860904.0,457108.0,18.0
4.0,93.8,3299.999,0.91,18439.0,17784.0,3302.9,0.3,860904.0,859728.0,18.0
5.0,100.0,3300.0,1.12,23241.0,17136.0,2212.5,0.3,860904.0,859728.0,18.0
6.0,100.0,3299.999,0.88,23820.0,17784.0,2278.8,0.3,860904.0,859728.0,18.0
7.0,100.0,3299.999,0.63,22973.0,17928.0,2203.9,0.3,860904.0,859728.0,18.0
8.0,100.0,3300.0,0.68,22263.0,17712.0,2145.9,0.3,860904.0,859728.0,18.0
9.0,100.0,3299.999,0.63,22014.0,17712.0,2096.3,0.3,860904.0,859728.0,18.0
10.0,100.0,3299.999,0.64,21835.0,17424.0,2072.0,0.3,860904.0,859728.0,18.0
11.0,100.0,3299.999,0.64,21623.0,18072.0,2046.1,0.3,860904.0,859728.0,18.0
12.0,100.0,3299.999,0.63,21312.0,17928.0,1981.5,0.3,860904.0,859728.0,18.0
13.0,93.8,3300.0,0.64,21229.0,17496.0,1926.1,0.3,860904.0,859728.0,18.0
14.0,100.0,3300.0,0.64,20120.0,17424.0,1827.2,0.3,860904.0,859728.0,18.0
15.0,100.0,3300.0,0.63,18452.0,17496.0,1714.3,0.3,860904.0,859728.0,18.0
16.0,100.0,3299.999,0.62,16903.0,17712.0,1583.5,0.3,860904.0,859728.0,18.0
17.0,100.0,3300.0,0.64,17387.0,17928.0,1606.4,0.3,860904.0,859728.0,18.0
18.0,100.0,3300.0,0.65,18177.0,16848.0,1676.9,0.3,860904.0,859728.0,18.0
19.0,100.0,3299.999,0.64,18370.0,16776.0,1675.8,0.3,860904.0,859728.0,18.0
20.0,100.0,3299.999,0.65,20677.0,17928.0,1958.7,0.3,860904.0,859728.0,18.0
21.0,100.0,3299.999,0.63,20413.0,17496.0,1933.5,0.3,860904.0,859728.0,18.0
22.0,100.0,3300.0,0.86,22956.0,17280.0,2486.9,0.3,860904.0,859728.0,18.0
23.0,100.0,3299.999,0.76,10253.0,16776.0,729.6,0.3,860904.0,859728.0,18.0
24.0,100.0,3299.999,0.74,10108.0,17280.0,712.2,0.3,860904.0,859728.0,18.0
25.0,100.0,3300.0,0.63,11088.0,17136.0,746.9,0.3,860904.0,859728.0,18.0
26.0,100.0,3300.0,0.6,11665.0,17568.0,842.5,0.3,860904.0,859728.0,18.0
27.0,100.0,3299.999,0.58,11955.0,16488.0,838.3,0.3,860904.0,859728.0,18.0
28.0,100.0,3299.999,0.56,11895.0,17352.0,868.0,0.3,860904.0,859728.0,18.0
29.0,100.0,3300.0,0.54,12389.0,16632.0,927.3,0.3,860904.0,859728.0,18.0
30.0,100.0,3299.999,0.52,12514.0,16056.0,964.5,0.3,860904.0,859728.0,18.0
31.0,100.0,3299.999,0.53,12768.0,17568.0,963.8,0.3,860904.0,859728.0,18.0
32.0,100.0,3299.999,0.51,12853.0,16560.0,937.8,0.3,860904.0,859728.0,18.0
33.0,100.0,3300.0,0.48,13177.0,16848.0,919.1,0.3,860904.0,859728.0,18.0
34.0,100.0,3299.999,0.49,13092.0,16920.0,867.8,0.3,860904.0,859728.0,18.0
35.0,100.0,3299.999,0.47,12892.0,16416.0,871.7,0.3,860904.0,859728.0,18.0
36.0,100.0,3300.0,0.42,11691.0,17064.0,826.8,0.3,860904.0,859728.0,18.0
37.0,100.0,3300.0,0.46,13254.0,16416.0,906.4,0.3,860904.0,859728.0,18.0
38.0,100.0,3299.999,0.45,13069.0,17352.0,878.1,0.3,860904.0,859728.0,18.0
39.0,100.0,3300.001,0.46,13546.0,16776.0,919.3,0.3,860904.0,859728.0,18.0
