time,CPU_Utilization,Frequency,IPC,Misses,LLC,MBL,Memory_Footprint,Virt_Memory,Res_Memory,Allocated_Cache
0.0,100.0,3300.0,1.08,1.0,0.0,0.0,0.0,860904.0,15060.0,6.75
1.0,93.8,3300.001,0.79,14123.0,5040.0,868.7,0.0,860904.0,15060.0,6.75
2.0,93.8,3300.0,0.61,12273.0,5760.0,734.5,0.0,860904.0,15316.0,6.75
3.0,100.0,3300.0,0.44,12882.0,5544.0,819.6,0.0,860904.0,17364.0,6.75
4.0,100.0,3299.999,0.76,17684.0,6264.0,2634.9,0.3,860904.0,859576.0,6.75
5.0,100.0,3299.999,0.79,24362.0,6984.0,3078.3,0.3,860904.0,859728.0,6.75
6.0,100.0,3300.0,1.23,23676.0,6624.0,2196.7,0.3,860904.0,859728.0,6.75
7.0,100.0,3300.0,0.69,24940.0,6552.0,2288.0,0.3,860904.0,859728.0,6.75
8.0,100.0,3299.999,0.63,24386.0,6912.0,2266.7,0.3,860904.0,859728.0,6.75
9.0,100.0,3299.999,0.6,23625.0,6840.0,2204.7,0.3,860904.0,859728.0,6.75
10.0,100.0,3299.999,0.6,23763.0,6624.0,2190.0,0.3,860904.0,859728.0,6.75
11.0,100.0,3300.0,0.61,23506.0,6408.0,2201.7,0.3,860904.0,859728.0,6.75
12.0,100.0,3299.999,0.6,23130.0,6336.0,2149.4,0.3,860904.0,859728.0,6.75
13.0,100.0,3300.0,0.59,23237.0,6624.0,2132.1,0.3,860904.0,859728.0,6.75
14.0,100.0,3299.999,0.6,23069.0,6840.0,2128.9,0.3,860904.0,859728.0,6.75
15.0,100.0,3300.0,0.59,22350.0,6120.0,2057.1,0.3,860904.0,859728.0,6.75
16.0,100.0,3300.0,0.6,21343.0,5976.0,1879.7,0.3,860904.0,859728.0,6.75
17.0,100.0,3299.999,0.58,20302.0,6408.0,1721.7,0.3,860904.0,859728.0,6.75
18.0,100.0,3299.999,0.6,20694.0,6120.0,1668.7,0.3,860904.0,859728.0,6.75
19.0,100.0,3300.0,0.58,22417.0,6552.0,1858.3,0.3,860904.0,859728.0,6.75
20.0,100.0,3299.999,0.6,23230.0,6768.0,1864.0,0.3,860904.0,859728.0,6.75
21.0,100.0,3300.001,0.6,24200.0,6840.0,1952.4,0.3,860904.0,859728.0,6.75
22.0,100.0,3300.0,0.6,23934.0,6696.0,2203.5,0.3,860904.0,859728.0,6.75
23.0,100.0,3300.0,0.59,24423.0,6480.0,2124.9,0.3,860904.0,859728.0,6.75
24.0,100.0,3300.0,0.81,25850.0,6840.0,2473.9,0.3,860904.0,859728.0,6.75
25.0,93.8,3299.999,0.64,17985.0,6624.0,1052.4,0.3,860904.0,859728.0,6.75
26.0,100.0,3299.999,0.64,17494.0,6552.0,1028.1,0.3,860904.0,859728.0,6.75
27.0,100.0,3300.0,0.52,19365.0,6624.0,1167.3,0.3,860904.0,859728.0,6.75
28.0,100.0,3300.0,0.53,18974.0,6480.0,1080.8,0.3,860904.0,859728.0,6.75
29.0,100.0,3300.0,0.5,19573.0,6696.0,1189.5,0.3,860904.0,859728.0,6.75
30.0,100.0,3299.999,0.46,20345.0,6768.0,1194.6,0.3,860904.0,859728.0,6.75
31.0,100.0,3300.0,0.46,19914.0,6336.0,1096.1,0.3,860904.0,859728.0,6.75
32.0,100.0,3300.0,0.45,20607.0,5904.0,1177.6,0.3,860904.0,859728.0,6.75
33.0,100.0,3299.999,0.43,20853.0,6192.0,1280.3,0.3,860904.0,859728.0,6.75
34.0,100.0,3300.0,0.38,18548.0,6552.0,1292.6,0.3,860904.0,859728.0,6.75
35.0,100.0,3299.999,0.42,20296.0,6624.0,1349.8,0.3,860904.0,859728.0,6.75
36.0,100.0,3299.999,0.42,21067.0,6264.0,1434.9,0.3,860904.0,859728.0,6.75
37.0,100.0,3299.999,0.4,21512.0,6840.0,1433.1,0.3,860904.0,859728.0,6.75
38.0,100.0,3300.0,0.4,20911.0,6912.0,1246.4,0.3,860904.0,859728.0,6.75
39.0,100.0,3299.999,0.4,21257.0,6264.0,1352.1,0.3,860904.0,859728.0,6.75
