time,CPU_Utilization,Frequency,IPC,Misses,LLC,MBL,Memory_Footprint,Virt_Memory,Res_Memory,Allocated_Cache
0.0,100.0,3300.0,1.07,0.0,0.0,0.0,0.0,860904.0,14728.0,22.5
1.0,100.0,3299.999,0.91,103.0,3384.0,0.8,0.0,860904.0,14728.0,22.5
2.0,100.0,3299.999,0.56,73.0,5688.0,2.1,0.0,860904.0,14984.0,22.5
3.0,93.3,3299.999,0.46,70.0,6408.0,0.8,0.1,860904.0,318088.0,22.5
4.0,100.0,3300.0,1.01,14313.0,22608.0,3183.0,0.3,860904.0,859828.0,22.5
5.0,100.0,3300.0,0.89,24026.0,22608.0,2278.5,0.3,860904.0,859828.0,22.5
6.0,100.0,3299.999,1.11,23235.0,22176.0,2189.4,0.3,860904.0,859828.0,22.5
7.0,100.0,3300.0,0.64,22897.0,22896.0,2097.7,0.3,860904.0,859828.0,22.5
8.0,100.0,3299.999,0.69,21898.0,22680.0,1983.5,0.3,860904.0,859828.0,22.5
9.0,100.0,3299.999,0.65,21554.0,22752.0,1983.6,0.3,860904.0,859828.0,22.5
10.0,100.0,3299.999,0.66,21542.0,22824.0,1992.9,0.3,860904.0,859828.0,22.5
11.0,100.0,3299.999,0.66,21341.0,22608.0,1969.5,0.3,860904.0,859828.0,22.5
12.0,100.0,3300.0,0.65,20845.0,22392.0,1880.4,0.3,860904.0,859828.0,22.5
13.0,100.0,3299.999,0.66,20701.0,22752.0,1879.1,0.3,860904.0,859828.0,22.5
14.0,100.0,3300.0,0.66,19687.0,22176.0,1787.7,0.3,860904.0,859828.0,22.5
15.0,100.0,3300.0,0.64,18113.0,22104.0,1644.9,0.3,860904.0,859828.0,22.5
16.0,100.0,3299.999,0.63,16496.0,22680.0,1562.7,0.3,860904.0,859828.0,22.5
17.0,100.0,3299.999,0.65,16989.0,22536.0,1580.7,0.3,860904.0,859828.0,22.5
18.0,100.0,3299.999,0.66,17802.0,22032.0,1660.4,0.3,860904.0,859828.0,22.5
19.0,100.0,3299.999,0.65,18076.0,22896.0,1672.0,0.3,860904.0,859828.0,22.5
20.0,100.0,3300.0,0.66,19930.0,22824.0,1919.1,0.3,860904.0,859828.0,22.5
21.0,100.0,3300.0,0.65,19661.0,22176.0,1886.8,0.3,860904.0,859828.0,22.5
22.0,100.0,3300.0,0.88,21799.0,22896.0,2341.5,0.3,860904.0,859828.0,22.5
23.0,100.0,3299.999,0.74,10274.0,22680.0,664.6,0.3,860904.0,859828.0,22.5
24.0,100.0,3299.999,0.74,10177.0,22824.0,662.3,0.3,860904.0,859828.0,22.5
25.0,100.0,3300.0,0.64,10877.0,22752.0,707.1,0.3,860904.0,859828.0,22.5
26.0,100.0,3299.999,0.61,11525.0,22104.0,746.9,0.3,860904.0,859828.0,22.5
27.0,100.0,3300.001,0.57,12025.0,21888.0,776.2,0.3,860904.0,859828.0,22.5
28.0,100.0,3300.0,0.55,11684.0,22680.0,758.6,0.3,860904.0,859828.0,22.5
29.0,100.0,3299.999,0.51,11338.0,22680.0,734.5,0.3,860904.0,859828.0,22.5
30.0,93.8,3299.999,0.52,12447.0,22176.0,801.8,0.3,860904.0,859828.0,22.5
31.0,100.0,3300.0,0.53,12696.0,22968.0,815.9,0.3,860904.0,859828.0,22.5
32.0,100.0,3300.0,0.51,12759.0,22464.0,815.8,0.3,860904.0,859828.0,22.5
33.0,100.0,3299.999,0.48,13123.0,22752.0,841.4,0.3,860904.0,859828.0,22.5
34.0,100.0,3299.999,0.47,12525.0,22680.0,803.1,0.3,860904.0,859828.0,22.5
35.0,100.0,3300.0,0.47,12848.0,22752.0,829.7,0.3,860904.0,859828.0,22.5
36.0,100.0,3300.0,0.47,13056.0,22824.0,835.5,0.3,860904.0,859828.0,22.5
37.0,93.8,3300.0,0.46,13188.0,22752.0,842.1,0.3,860904.0,859828.0,22.5
38.0,100.0,3300.0,0.45,13033.0,21456.0,837.8,0.3,860904.0,859828.0,22.5
39.0,100.0,3299.999,0.46,13667.0,23040.0,880.4,0.3,860904.0,859828.0,22.5
