time,CPU_Utilization,Frequency,IPC,Misses,LLC,MBL,Memory_Footprint,Virt_Memory,Res_Memory,Allocated_Cache
0.0,100.0,3300.0,1.12,2.0,0.0,0.0,0.0,860904.0,14476.0,15.75
1.0,100.0,3300.0,0.89,1781.0,5112.0,155.0,0.0,860904.0,14476.0,15.75
2.0,100.0,3300.0,0.68,1310.0,7200.0,115.2,0.0,860904.0,14732.0,15.75
3.0,100.0,3299.999,0.6,3981.0,15912.0,827.9,0.2,860904.0,493964.0,15.75
4.0,100.0,3300.0,0.93,18622.0,16272.0,3349.5,0.3,860904.0,859828.0,15.75
5.0,100.0,3299.999,1.11,23359.0,15408.0,2242.1,0.3,860904.0,859828.0,15.75
6.0,100.0,3300.0,0.89,24144.0,15840.0,2263.9,0.3,860904.0,859828.0,15.75
7.0,100.0,3299.999,0.63,23304.0,15984.0,2183.3,0.3,860904.0,859828.0,15.75
8.0,93.8,3299.999,0.68,22409.0,15840.0,2118.3,0.3,860904.0,859828.0,15.75
9.0,100.0,3299.999,0.63,22249.0,15840.0,2073.7,0.3,860904.0,859828.0,15.75
10.0,100.0,3300.0,0.64,22292.0,15912.0,2078.9,0.3,860904.0,859828.0,15.75
11.0,100.0,3299.999,0.65,21848.0,15912.0,2024.5,0.3,860904.0,859828.0,15.75
12.0,100.0,3299.999,0.63,21546.0,15696.0,2011.1,0.3,860904.0,859828.0,15.75
13.0,100.0,3300.001,0.64,21361.0,15408.0,1993.9,0.3,860904.0,859828.0,15.75
14.0,100.0,3299.999,0.64,20339.0,15624.0,1853.4,0.3,860904.0,859828.0,15.75
15.0,100.0,3299.999,0.63,18678.0,15048.0,1745.1,0.3,860904.0,859828.0,15.75
16.0,100.0,3300.0,0.62,17173.0,15696.0,1640.1,0.3,860904.0,859828.0,15.75
17.0,100.0,3299.999,0.64,17477.0,15624.0,1631.3,0.3,860904.0,859828.0,15.75
18.0,100.0,3300.0,0.65,18346.0,15984.0,1702.7,0.3,860904.0,859828.0,15.75
19.0,100.0,3299.999,0.64,18710.0,15264.0,1718.1,0.3,860904.0,859828.0,15.75
20.0,100.0,3299.999,0.64,20713.0,16056.0,1958.2,0.3,860904.0,859828.0,15.75
21.0,100.0,3300.0,0.62,20733.0,15048.0,2006.5,0.3,860904.0,859828.0,15.75
22.0,100.0,3300.0,0.86,23479.0,15768.0,2581.2,0.3,860904.0,859828.0,15.75
23.0,100.0,3300.0,0.77,10450.0,15480.0,752.5,0.3,860904.0,859828.0,15.75
24.0,100.0,3299.999,0.72,10106.0,15768.0,737.1,0.3,860904.0,859828.0,15.75
25.0,100.0,3299.999,0.62,11007.0,15696.0,824.8,0.3,860904.0,859828.0,15.75
26.0,100.0,3299.999,0.6,11987.0,15336.0,868.1,0.3,860904.0,859828.0,15.75
27.0,100.0,3300.0,0.59,12133.0,15624.0,886.0,0.3,860904.0,859828.0,15.75
28.0,100.0,3299.999,0.55,12230.0,15552.0,905.2,0.3,860904.0,859828.0,15.75
29.0,100.0,3300.0,0.55,12700.0,15984.0,968.1,0.3,860904.0,859828.0,15.75
30.0,100.0,3299.999,0.53,12798.0,15264.0,965.4,0.3,860904.0,859828.0,15.75
31.0,100.0,3299.999,0.53,13130.0,15264.0,964.1,0.3,860904.0,859828.0,15.75
32.0,100.0,3300.0,0.5,13142.0,15840.0,937.5,0.3,860904.0,859828.0,15.75
33.0,100.0,3299.999,0.49,13565.0,15696.0,1023.7,0.3,860904.0,859828.0,15.75
34.0,100.0,3300.0,0.46,12787.0,15120.0,937.6,0.3,860904.0,859828.0,15.75
35.0,100.0,3299.999,0.47,13129.0,15120.0,955.3,0.3,860904.0,859828.0,15.75
36.0,93.8,3300.001,0.47,13385.0,15120.0,1031.3,0.3,860904.0,859828.0,15.75
37.0,100.0,3299.999,0.47,13554.0,15120.0,1045.7,0.3,860904.0,859828.0,15.75
38.0,93.8,3299.999,0.45,13450.0,15624.0,1029.7,0.3,860904.0,859828.0,15.75
39.0,100.0,3300.001,0.46,13873.0,15552.0,1027.0,0.3,860904.0,859828.0,15.75
