time,CPU_Utilization,Frequency,IPC,Misses,LLC,MBL,Memory_Footprint,Virt_Memory,Res_Memory,Allocated_Cache
0.0,100.0,3299.999,0.64,2.0,0.0,0.1,0.0,860904.0,15004.0,13.5
1.0,100.0,3299.999,0.88,3816.0,7128.0,288.9,0.0,860904.0,15004.0,13.5
2.0,100.0,3300.0,0.67,3230.0,7632.0,245.3,0.0,860904.0,15260.0,13.5
3.0,100.0,3299.999,0.56,5314.0,13680.0,745.6,0.2,860904.0,443292.0,13.5
4.0,100.0,3300.0,0.96,17970.0,14112.0,3410.9,0.3,860904.0,859772.0,13.5
5.0,100.0,3300.0,1.01,24011.0,13248.0,2284.0,0.3,860904.0,859772.0,13.5
6.0,100.0,3299.999,0.97,23917.0,13608.0,2270.3,0.3,860904.0,859772.0,13.5
7.0,100.0,3300.0,0.62,23834.0,13320.0,2242.0,0.3,860904.0,859772.0,13.5
8.0,93.8,3300.001,0.66,22693.0,13464.0,2157.9,0.3,860904.0,859772.0,13.5
9.0,100.0,3299.999,0.62,22468.0,13752.0,2125.6,0.3,860904.0,859772.0,13.5
10.0,100.0,3299.999,0.63,22512.0,13464.0,2101.1,0.3,860904.0,859772.0,13.5
11.0,100.0,3300.0,0.63,22190.0,13536.0,2088.7,0.3,860904.0,859772.0,13.5
12.0,93.8,3299.999,0.61,21852.0,13536.0,2063.9,0.3,860904.0,859772.0,13.5
13.0,100.0,3300.0,0.63,21782.0,13608.0,2048.3,0.3,860904.0,859772.0,13.5
14.0,100.0,3300.0,0.62,21129.0,13464.0,1968.3,0.3,860904.0,859772.0,13.5
15.0,100.0,3299.999,0.63,19541.0,13680.0,1841.8,0.3,860904.0,859772.0,13.5
16.0,100.0,3300.0,0.61,17735.0,13752.0,1704.2,0.3,860904.0,859772.0,13.5
17.0,100.0,3299.999,0.63,17085.0,13680.0,1625.9,0.3,860904.0,859772.0,13.5
18.0,93.8,3299.999,0.62,18863.0,13752.0,1786.7,0.3,860904.0,859772.0,13.5
19.0,100.0,3300.001,0.63,18834.0,13032.0,1780.4,0.3,860904.0,859772.0,13.5
20.0,100.0,3299.999,0.65,20183.0,13752.0,1911.2,0.3,860904.0,859772.0,13.5
21.0,100.0,3300.0,0.62,21663.0,13536.0,2061.2,0.3,860904.0,859772.0,13.5
22.0,100.0,3299.999,0.76,29041.0,13104.0,3130.9,0.3,860904.0,859772.0,13.5
23.0,100.0,3300.0,0.8,9447.0,13464.0,697.8,0.3,860904.0,859772.0,13.5
24.0,100.0,3299.999,0.57,8723.0,13320.0,650.0,0.3,860904.0,859772.0,13.5
25.0,100.0,3300.0,0.68,11796.0,13104.0,825.0,0.3,860904.0,859772.0,13.5
26.0,100.0,3300.0,0.62,11876.0,13104.0,848.6,0.3,860904.0,859772.0,13.5
27.0,100.0,3300.0,0.6,12654.0,13464.0,941.4,0.3,860904.0,859772.0,13.5
28.0,100.0,3299.999,0.55,13097.0,13392.0,872.4,0.3,860904.0,859772.0,13.5
29.0,100.0,3300.0,0.42,9917.0,13464.0,647.6,0.3,860904.0,859772.0,13.5
30.0,100.0,3299.999,0.38,9408.0,12960.0,637.2,0.3,860904.0,859772.0,13.5
31.0,100.0,3300.0,0.48,12872.0,13248.0,891.2,0.3,860904.0,859772.0,13.5
32.0,93.8,3300.0,0.52,13886.0,13680.0,955.2,0.3,860904.0,859772.0,13.5
33.0,100.0,3299.999,0.51,13804.0,13104.0,906.1,0.3,860904.0,859772.0,13.5
34.0,93.8,3299.999,0.49,13975.0,13104.0,930.5,0.3,860904.0,859772.0,13.5
35.0,100.0,3300.0,0.48,14050.0,13248.0,941.7,0.3,860904.0,859772.0,13.5
36.0,100.0,3300.0,0.47,14040.0,12816.0,976.0,0.3,860904.0,859772.0,13.5
37.0,100.0,3300.0,0.47,14133.0,13248.0,958.5,0.3,860904.0,859772.0,13.5
38.0,100.0,3300.0,0.39,12449.0,13104.0,836.3,0.3,860904.0,859772.0,13.5
39.0,100.0,3300.0,0.44,13991.0,13536.0,920.3,0.3,860904.0,859772.0,13.5
