time,CPU_Utilization,Frequency,IPC,Misses,LLC,MBL,Memory_Footprint,Virt_Memory,Res_Memory,Allocated_Cache
0.0,100.0,3300.0,1.07,1.0,0.0,0.0,0.0,860904.0,14820.0,20.25
1.0,100.0,3299.999,0.91,219.0,3672.0,0.7,0.0,860904.0,14820.0,20.25
2.0,100.0,3299.999,0.68,141.0,5616.0,3.4,0.0,860904.0,15076.0,20.25
3.0,100.0,3299.999,0.63,3268.0,20520.0,722.9,0.2,860904.0,586468.0,20.25
4.0,100.0,3300.0,0.91,18732.0,21096.0,3232.8,0.3,860904.0,859772.0,20.25
5.0,100.0,3300.0,1.14,23293.0,20232.0,2261.1,0.3,860904.0,859772.0,20.25
6.0,100.0,3299.999,0.87,23646.0,20520.0,2270.5,0.3,860904.0,859772.0,20.25
7.0,100.0,3299.999,0.65,22720.0,19800.0,2114.0,0.3,860904.0,859772.0,20.25
8.0,100.0,3300.0,0.67,22039.0,20448.0,2072.3,0.3,860904.0,859772.0,20.25
9.0,100.0,3299.999,0.65,22005.0,20376.0,2071.5,0.3,860904.0,859772.0,20.25
10.0,100.0,3299.999,0.65,21708.0,20448.0,2010.6,0.3,860904.0,859772.0,20.25
11.0,100.0,3299.999,0.65,21238.0,20520.0,1993.4,0.3,860904.0,859772.0,20.25
12.0,100.0,3299.999,0.65,21061.0,20664.0,1928.6,0.3,860904.0,859772.0,20.25
13.0,100.0,3300.001,0.65,20825.0,20088.0,1908.2,0.3,860904.0,859772.0,20.25
14.0,100.0,3300.0,0.64,19567.0,20088.0,1799.4,0.3,860904.0,859772.0,20.25
15.0,100.0,3300.0,0.64,17986.0,20664.0,1676.4,0.3,860904.0,859772.0,20.25
16.0,100.0,3300.0,0.64,16304.0,19944.0,1572.3,0.3,860904.0,859772.0,20.25
17.0,100.0,3299.999,0.64,17571.0,20088.0,1639.1,0.3,860904.0,859772.0,20.25
18.0,100.0,3299.999,0.65,17907.0,20520.0,1682.2,0.3,860904.0,859772.0,20.25
19.0,100.0,3299.999,0.65,18505.0,20520.0,1744.7,0.3,860904.0,859772.0,20.25
20.0,100.0,3300.0,0.66,20787.0,20736.0,1988.6,0.3,860904.0,859772.0,20.25
21.0,100.0,3299.999,0.65,19415.0,20376.0,1834.2,0.3,860904.0,859772.0,20.25
22.0,100.0,3300.0,0.9,20260.0,20088.0,2165.3,0.3,860904.0,859772.0,20.25
23.0,100.0,3299.999,0.76,10269.0,19656.0,665.3,0.3,860904.0,859772.0,20.25
24.0,100.0,3300.0,0.69,10689.0,19800.0,690.6,0.3,860904.0,859772.0,20.25
25.0,100.0,3300.0,0.63,10805.0,20016.0,689.9,0.3,860904.0,859772.0,20.25
26.0,100.0,3299.999,0.61,11496.0,19800.0,747.7,0.3,860904.0,859772.0,20.25
27.0,100.0,3299.999,0.56,12035.0,20232.0,780.3,0.3,860904.0,859772.0,20.25
28.0,93.8,3300.001,0.56,12109.0,20160.0,785.7,0.3,860904.0,859772.0,20.25
29.0,100.0,3299.999,0.54,12551.0,20448.0,819.3,0.3,860904.0,859772.0,20.25
30.0,100.0,3300.0,0.52,12342.0,19800.0,789.4,0.3,860904.0,859772.0,20.25
31.0,100.0,3300.0,0.52,12668.0,20304.0,814.0,0.3,860904.0,859772.0,20.25
32.0,93.8,3299.999,0.5,12897.0,19800.0,838.2,0.3,860904.0,859772.0,20.25
33.0,93.8,3299.999,0.41,10835.0,20160.0,706.0,0.3,860904.0,859772.0,20.25
34.0,100.0,3300.0,0.45,12194.0,19944.0,787.4,0.3,860904.0,859772.0,20.25
35.0,100.0,3299.999,0.47,12971.0,19944.0,838.2,0.3,860904.0,859772.0,20.25
36.0,100.0,3299.999,0.47,13005.0,19872.0,838.5,0.3,860904.0,859772.0,20.25
37.0,100.0,3299.999,0.46,13121.0,19584.0,847.3,0.3,860904.0,859772.0,20.25
38.0,100.0,3300.0,0.45,13014.0,20520.0,847.1,0.3,860904.0,859772.0,20.25
39.0,100.0,3299.999,0.46,13610.0,20448.0,879.8,0.3,860904.0,859772.0,20.25
