time,CPU_Utilization,Frequency,IPC,Misses,LLC,MBL,Memory_Footprint,Virt_Memory,Res_Memory,Allocated_Cache
0.0,100.0,3299.999,1.1,1.0,0.0,0.0,0.0,860904.0,14880.0,11.25
1.0,100.0,3299.999,0.87,4626.0,6408.0,196.2,0.0,860904.0,14880.0,11.25
2.0,93.8,3300.0,0.67,3695.0,7128.0,140.4,0.0,860904.0,15136.0,11.25
3.0,100.0,3299.999,0.53,5249.0,11232.0,432.1,0.2,860904.0,480032.0,11.25
4.0,100.0,3299.999,0.97,17980.0,11880.0,3481.9,0.3,860904.0,859768.0,11.25
5.0,100.0,3299.999,0.98,24485.0,11232.0,2318.1,0.3,860904.0,859768.0,11.25
6.0,100.0,3300.0,1.0,23917.0,11448.0,2289.7,0.3,860904.0,859768.0,11.25
7.0,100.0,3299.999,0.61,23810.0,11232.0,2217.0,0.3,860904.0,859768.0,11.25
8.0,100.0,3300.0,0.66,23305.0,11448.0,2157.3,0.3,860904.0,859768.0,11.25
9.0,100.0,3300.0,0.62,22576.0,11520.0,2063.8,0.3,860904.0,859768.0,11.25
10.0,100.0,3299.999,0.62,22842.0,11304.0,2115.7,0.3,860904.0,859768.0,11.25
11.0,100.0,3300.0,0.64,22633.0,11232.0,2108.0,0.3,860904.0,859768.0,11.25
12.0,93.8,3299.999,0.61,22067.0,11520.0,2060.1,0.3,860904.0,859768.0,11.25
13.0,100.0,3300.0,0.63,22140.0,11448.0,2063.2,0.3,860904.0,859768.0,11.25
14.0,100.0,3300.0,0.61,21470.0,11160.0,1954.0,0.3,860904.0,859768.0,11.25
15.0,100.0,3299.999,0.63,19972.0,11232.0,1826.2,0.3,860904.0,859768.0,11.25
16.0,93.8,3300.0,0.61,18058.0,10656.0,1684.4,0.3,860904.0,859768.0,11.25
17.0,100.0,3299.999,0.62,17665.0,11376.0,1640.1,0.3,860904.0,859768.0,11.25
18.0,100.0,3300.0,0.61,19155.0,11088.0,1743.6,0.3,860904.0,859768.0,11.25
19.0,100.0,3300.0,0.63,19291.0,11160.0,1769.2,0.3,860904.0,859768.0,11.25
20.0,100.0,3299.999,0.64,20526.0,11448.0,1901.2,0.3,860904.0,859768.0,11.25
21.0,100.0,3300.0,0.62,22098.0,11160.0,2135.5,0.3,860904.0,859768.0,11.25
22.0,100.0,3299.999,0.63,28810.0,11376.0,2991.3,0.3,860904.0,859768.0,11.25
23.0,100.0,3300.0,0.89,12116.0,11088.0,926.1,0.3,860904.0,859768.0,11.25
24.0,100.0,3299.999,0.74,12159.0,11016.0,715.8,0.3,860904.0,859768.0,11.25
25.0,100.0,3300.0,0.65,12846.0,10512.0,755.9,0.3,860904.0,859768.0,11.25
26.0,100.0,3299.999,0.61,12842.0,11160.0,758.7,0.3,860904.0,859768.0,11.25
27.0,100.0,3300.0,0.59,13547.0,11016.0,803.7,0.3,860904.0,859768.0,11.25
28.0,100.0,3299.999,0.43,11561.0,10224.0,658.8,0.3,860904.0,859768.0,11.25
29.0,100.0,3299.999,0.54,13948.0,11160.0,795.9,0.3,860904.0,859768.0,11.25
30.0,100.0,3299.999,0.53,14342.0,11160.0,890.6,0.3,860904.0,859768.0,11.25
31.0,100.0,3299.999,0.5,14448.0,10368.0,865.2,0.3,860904.0,859768.0,11.25
32.0,100.0,3299.999,0.52,14834.0,10872.0,884.7,0.3,860904.0,859768.0,11.25
33.0,100.0,3299.999,0.49,14874.0,11448.0,882.8,0.3,860904.0,859768.0,11.25
34.0,100.0,3299.999,0.47,15180.0,11232.0,878.5,0.3,860904.0,859768.0,11.25
35.0,100.0,3300.0,0.47,15037.0,10152.0,864.1,0.3,860904.0,859768.0,11.25
36.0,100.0,3300.001,0.46,14773.0,10944.0,841.0,0.3,860904.0,859768.0,11.25
37.0,100.0,3300.0,0.46,15065.0,11376.0,851.1,0.3,860904.0,859768.0,11.25
38.0,100.0,3300.0,0.45,15145.0,11232.0,869.3,0.3,860904.0,859768.0,11.25
39.0,100.0,3299.999,0.44,15138.0,11232.0,847.6,0.3,860904.0,859768.0,11.25
