time,CPU_Utilization,Frequency,IPC,Misses,LLC,MBL,Memory_Footprint,Virt_Memory,Res_Memory,Allocated_Cache
0.0,100.0,3300.0,0.91,0.0,0.0,0.0,0.0,860904.0,15200.0,9.0
1.0,100.0,3300.001,0.8,8133.0,5616.0,359.7,0.0,860904.0,15200.0,9.0
2.0,100.0,3300.0,0.66,7131.0,6264.0,369.3,0.0,860904.0,15456.0,9.0
3.0,100.0,3300.001,0.46,7683.0,6552.0,345.6,0.1,860904.0,246880.0,9.0
4.0,100.0,3300.0,0.94,17075.0,8928.0,3247.3,0.3,860904.0,859776.0,9.0
5.0,100.0,3299.999,0.84,24777.0,9360.0,2604.1,0.3,860904.0,859776.0,9.0
6.0,100.0,3299.999,1.15,23463.0,9144.0,2259.0,0.3,860904.0,859776.0,9.0
7.0,100.0,3299.999,0.63,24188.0,8856.0,2305.9,0.3,860904.0,859776.0,9.0
8.0,100.0,3299.999,0.64,23486.0,9216.0,2233.3,0.3,860904.0,859776.0,9.0
9.0,100.0,3300.0,0.6,23074.0,9072.0,2185.7,0.3,860904.0,859776.0,9.0
10.0,100.0,3300.0,0.6,22933.0,9144.0,2189.0,0.3,860904.0,859776.0,9.0
11.0,100.0,3299.999,0.62,23077.0,9072.0,2156.8,0.3,860904.0,859776.0,9.0
12.0,100.0,3300.0,0.6,22482.0,9000.0,2117.0,0.3,860904.0,859776.0,9.0
13.0,100.0,3299.999,0.61,22502.0,8928.0,2099.2,0.3,860904.0,859776.0,9.0
14.0,100.0,3299.999,0.6,22310.0,8784.0,2072.0,0.3,860904.0,859776.0,9.0
15.0,100.0,3299.999,0.6,21171.0,9072.0,1963.3,0.3,860904.0,859776.0,9.0
16.0,100.0,3299.999,0.61,19473.0,8856.0,1774.3,0.3,860904.0,859776.0,9.0
17.0,100.0,3300.0,0.6,18085.0,9000.0,1672.3,0.3,860904.0,859776.0,9.0
18.0,100.0,3299.999,0.61,19129.0,8712.0,1706.1,0.3,860904.0,859776.0,9.0
19.0,100.0,3299.999,0.62,20037.0,9000.0,1778.3,0.3,860904.0,859776.0,9.0
20.0,100.0,3300.0,0.61,20646.0,9000.0,1792.5,0.3,860904.0,859776.0,9.0
21.0,100.0,3299.999,0.61,22401.0,9144.0,2027.4,0.3,860904.0,859776.0,9.0
22.0,100.0,3299.999,0.6,22587.0,8496.0,2114.3,0.3,860904.0,859776.0,9.0
23.0,100.0,3300.0,0.73,26772.0,8280.0,2801.3,0.3,860904.0,859776.0,9.0
24.0,100.0,3300.001,0.76,13131.0,8280.0,993.2,0.3,860904.0,859776.0,9.0
25.0,100.0,3300.0,0.69,14253.0,8496.0,889.3,0.3,860904.0,859776.0,9.0
26.0,100.0,3299.999,0.52,13439.0,8208.0,756.8,0.3,860904.0,859776.0,9.0
27.0,100.0,3300.0,0.53,13413.0,8496.0,801.4,0.3,860904.0,859776.0,9.0
28.0,100.0,3300.001,0.56,16049.0,8352.0,988.4,0.3,860904.0,859776.0,9.0
29.0,93.8,3299.999,0.52,16552.0,8280.0,1045.3,0.3,860904.0,859776.0,9.0
30.0,93.8,3300.0,0.39,12539.0,8208.0,804.5,0.3,860904.0,859776.0,9.0
31.0,93.8,3299.999,0.49,15996.0,8856.0,934.5,0.3,860904.0,859776.0,9.0
32.0,93.8,3300.0,0.48,17245.0,8424.0,1131.5,0.3,860904.0,859776.0,9.0
33.0,100.0,3300.0,0.47,17238.0,8640.0,1091.0,0.3,860904.0,859776.0,9.0
34.0,100.0,3300.0,0.48,16916.0,8568.0,995.4,0.3,860904.0,859776.0,9.0
35.0,100.0,3299.999,0.46,17451.0,7920.0,1002.1,0.3,860904.0,859776.0,9.0
36.0,100.0,3300.001,0.45,17332.0,8496.0,1037.1,0.3,860904.0,859776.0,9.0
37.0,100.0,3299.999,0.36,15315.0,8280.0,971.6,0.3,860904.0,859776.0,9.0
38.0,100.0,3300.0,0.4,16299.0,8136.0,994.2,0.3,860904.0,859776.0,9.0
39.0,100.0,3299.999,0.43,17506.0,8280.0,1047.9,0.3,860904.0,859776.0,9.0
