time,CPU_Utilization,Frequency,IPC,Misses,LLC,MBL,Memory_Footprint,Virt_Memory,Res_Memory,Allocated_Cache
0.0,100.0,3300.0,1.08,0.0,0.0,0.0,0.0,860904.0,14668.0,4.5
1.0,100.0,3300.0,0.7,20946.0,3744.0,1130.8,0.0,860904.0,14668.0,4.5
2.0,100.0,3299.999,0.54,18785.0,4464.0,927.9,0.0,860904.0,14924.0,4.5
3.0,100.0,3300.0,0.4,18676.0,4320.0,959.0,0.0,860904.0,14924.0,4.5
4.0,100.0,3300.0,0.31,21199.0,4248.0,996.0,0.1,860904.0,258636.0,4.5
5.0,93.8,3300.0,0.98,23920.0,4752.0,3962.7,0.3,860904.0,859832.0,4.5
6.0,100.0,3299.999,0.82,26541.0,4680.0,2498.1,0.3,860904.0,859832.0,4.5
7.0,100.0,3300.0,1.11,24889.0,4464.0,2246.6,0.3,860904.0,859832.0,4.5
8.0,100.0,3299.999,0.62,25632.0,4752.0,2345.8,0.3,860904.0,859832.0,4.5
9.0,100.0,3299.999,0.62,25159.0,3744.0,2324.1,0.3,860904.0,859832.0,4.5
10.0,100.0,3299.999,0.58,24460.0,4608.0,2284.7,0.3,860904.0,859832.0,4.5
11.0,100.0,3300.0,0.58,24489.0,4968.0,2238.6,0.3,860904.0,859832.0,4.5
12.0,100.0,3299.999,0.6,24621.0,4176.0,2238.9,0.3,860904.0,859832.0,4.5
13.0,100.0,3299.999,0.57,24233.0,4032.0,2216.7,0.3,860904.0,859832.0,4.5
14.0,93.8,3300.001,0.58,24418.0,4896.0,2199.2,0.3,860904.0,859832.0,4.5
15.0,100.0,3299.999,0.58,24578.0,4464.0,2146.9,0.3,860904.0,859832.0,4.5
16.0,100.0,3300.0,0.58,24637.0,4608.0,2106.6,0.3,860904.0,859832.0,4.5
17.0,100.0,3299.999,0.57,25335.0,4608.0,1943.5,0.3,860904.0,859832.0,4.5
18.0,100.0,3300.0,0.54,26817.0,4824.0,1958.9,0.3,860904.0,859832.0,4.5
19.0,100.0,3299.999,0.55,29723.0,4824.0,2124.6,0.3,860904.0,859832.0,4.5
20.0,93.8,3299.999,0.55,30422.0,4608.0,2248.2,0.3,860904.0,859832.0,4.5
21.0,100.0,3300.001,0.57,31996.0,3816.0,2243.6,0.3,860904.0,859832.0,4.5
22.0,100.0,3300.0,0.55,32315.0,4752.0,2335.4,0.3,860904.0,859832.0,4.5
23.0,100.0,3299.999,0.58,26670.0,4608.0,2308.4,0.3,860904.0,859832.0,4.5
24.0,100.0,3299.999,0.57,26719.0,4104.0,2351.0,0.3,860904.0,859832.0,4.5
25.0,100.0,3300.0,0.7,35093.0,4248.0,3183.6,0.3,860904.0,859832.0,4.5
26.0,100.0,3300.0,0.61,20040.0,4464.0,1088.3,0.3,860904.0,859832.0,4.5
27.0,93.8,3299.999,0.4,17207.0,4176.0,959.9,0.3,860904.0,859832.0,4.5
28.0,100.0,3300.0,0.54,20341.0,4248.0,1173.2,0.3,860904.0,859832.0,4.5
29.0,100.0,3299.999,0.43,23536.0,4320.0,1235.7,0.3,860904.0,859832.0,4.5
30.0,100.0,3300.0,0.46,22230.0,4320.0,1092.7,0.3,860904.0,859832.0,4.5
31.0,100.0,3300.0,0.41,24103.0,3960.0,1292.8,0.3,860904.0,859832.0,4.5
32.0,100.0,3299.999,0.41,23360.0,4680.0,1206.7,0.3,860904.0,859832.0,4.5
33.0,100.0,3300.0,0.39,24453.0,4392.0,1231.0,0.3,860904.0,859832.0,4.5
34.0,100.0,3299.999,0.39,23981.0,4392.0,1239.5,0.3,860904.0,859832.0,4.5
35.0,100.0,3300.0,0.39,24484.0,4320.0,1318.8,0.3,860904.0,859832.0,4.5
36.0,100.0,3299.999,0.36,25262.0,4032.0,1317.9,0.3,860904.0,859832.0,4.5
37.0,100.0,3299.999,0.36,24511.0,4176.0,1305.7,0.3,860904.0,859832.0,4.5
38.0,100.0,3299.999,0.36,25511.0,4176.0,1312.7,0.3,860904.0,859832.0,4.5
39.0,100.0,3299.999,0.36,24672.0,4464.0,1351.0,0.3,860904.0,859832.0,4.5
