time,CPU_Utilization,Frequency,IPC,Misses,LLC,MBL,Memory_Footprint,Virt_Memory,Res_Memory,Allocated_Cache
0.0,100.0,3300.0,0.86,2.0,0.0,0.0,0.0,860904.0,14740.0,24.75
0.0,100.0,3299.999,0.86,2.0,0.0,0.0,0.0,860904.0,14740.0,24.75
1.0,100.0,3300.0,0.91,185.0,4464.0,22.3,0.0,860904.0,14740.0,24.75
2.0,100.0,3299.999,0.68,89.0,7056.0,13.4,0.0,860904.0,14996.0,24.75
3.0,100.0,3300.0,0.63,3110.0,25128.0,698.9,0.3,860904.0,672404.0,24.75
4.0,100.0,3299.999,0.91,18320.0,25200.0,3209.9,0.3,860904.0,859832.0,24.75
5.0,100.0,3300.0,1.16,23116.0,25128.0,2155.7,0.3,860904.0,859832.0,24.75
6.0,100.0,3299.999,0.87,23096.0,25056.0,2132.6,0.3,860904.0,859832.0,24.75
7.0,100.0,3299.999,0.68,22207.0,25128.0,2050.2,0.3,860904.0,859832.0,24.75
8.0,100.0,3299.999,0.68,21391.0,24552.0,1991.0,0.3,860904.0,859832.0,24.75
9.0,100.0,3300.01,0.67,21129.0,25272.0,1960.6,0.3,860904.0,859832.0,24.75
10.0,100.0,3300.0,0.69,21079.0,25200.0,1946.5,0.3,860904.0,859832.0,24.75
11.0,100.0,3299.999,0.66,20531.0,24984.0,1905.8,0.3,860904.0,859832.0,24.75
12.0,100.0,3299.999,0.68,20488.0,25128.0,1894.4,0.3,860904.0,859832.0,24.75
13.0,100.0,3300.0,0.67,20022.0,25200.0,1863.6,0.3,860904.0,859832.0,24.75
14.0,93.8,3299.999,0.67,18454.0,24624.0,1712.0,0.3,860904.0,859832.0,24.75
15.0,100.0,3299.999,0.64,16650.0,24912.0,1538.7,0.3,860904.0,859832.0,24.75
16.0,100.0,3300.0,0.66,15816.0,25128.0,1472.1,0.3,860904.0,859832.0,24.75
17.0,100.0,3300.0,0.65,17206.0,24552.0,1630.4,0.3,860904.0,859832.0,24.75
18.0,100.0,3299.999,0.67,17487.0,24984.0,1635.3,0.3,860904.0,859832.0,24.75
19.0,100.0,3300.0,0.68,18869.0,24912.0,1753.1,0.3,860904.0,859832.0,24.75
20.0,100.0,3299.999,0.67,20262.0,25056.0,1974.4,0.3,860904.0,859832.0,24.75
21.0,100.0,3299.999,0.8,25151.0,24984.0,2741.3,0.3,860904.0,859832.0,24.75
22.0,100.0,3300.0,0.83,9287.0,23904.0,605.1,0.3,860904.0,859832.0,24.75
23.0,100.0,3300.0,0.75,10058.0,23904.0,644.6,0.3,860904.0,859832.0,24.75
24.0,100.0,3299.999,0.64,11111.0,25056.0,720.6,0.3,860904.0,859832.0,24.75
25.0,100.0,3300.0,0.61,11372.0,24768.0,740.7,0.3,860904.0,859832.0,24.75
26.0,100.0,3299.999,0.59,11456.0,24984.0,744.5,0.3,860904.0,859832.0,24.75
27.0,100.0,3300.0,0.55,11922.0,24696.0,780.0,0.3,860904.0,859832.0,24.75
28.0,100.0,3299.999,0.56,12302.0,24984.0,802.6,0.3,860904.0,859832.0,24.75
29.0,93.8,3299.999,0.53,12407.0,24120.0,809.9,0.3,860904.0,859832.0,24.75
30.0,100.0,3300.0,0.52,12824.0,24408.0,842.1,0.3,860904.0,859832.0,24.75
31.0,100.0,3300.0,0.52,12696.0,24912.0,828.1,0.3,860904.0,859832.0,24.75
32.0,93.8,3299.999,0.49,12960.0,24840.0,851.0,0.3,860904.0,859832.0,24.75
33.0,100.0,3299.999,0.48,12960.0,23760.0,854.0,0.3,860904.0,859832.0,24.75
34.0,100.0,3299.999,0.47,12785.0,24048.0,835.5,0.3,860904.0,859832.0,24.75
35.0,100.0,3299.999,0.47,13027.0,23976.0,853.0,0.3,860904.0,859832.0,24.75
36.0,100.0,3299.999,0.47,13116.0,24336.0,857.0,0.3,860904.0,859832.0,24.75
37.0,100.0,3300.0,0.45,13150.0,24192.0,867.2,0.3,860904.0,859832.0,24.75
38.0,100.0,3299.999,0.46,13434.0,25128.0,880.2,0.3,860904.0,859832.0,24.75
39.0,100.0,3299.999,0.46,14100.0,24336.0,923.8,0.3,860904.0,859832.0,24.75
40.0,100.0,3299.999,0.46,13907.0,25056.0,924.8,0.3,860904.0,859832.0,24.75
41.0,100.0,3299.999,0.45,13743.0,23976.0,909.7,0.3,860904.0,859832.0,24.75
42.0,100.0,3299.999,0.45,13896.0,24552.0,908.6,0.3,860904.0,859832.0,24.75
43.0,100.0,3300.0,0.45,14467.0,24696.0,956.6,0.3,860904.0,859832.0,24.75
44.0,100.0,3299.999,0.45,15291.0,24984.0,1004.6,0.3,860904.0,859832.0,24.75
45.0,100.0,3299.999,0.45,17156.0,24840.0,1128.9,0.3,860904.0,859832.0,24.75
46.0,100.0,3299.999,0.44,18880.0,24840.0,1234.2,0.3,860904.0,859832.0,24.75
47.0,100.0,3300.0,0.45,18366.0,24336.0,1202.6,0.3,860904.0,859832.0,24.75
48.0,100.0,3300.0,0.46,20195.0,24264.0,1312.0,0.3,860904.0,859832.0,24.75
49.0,100.0,3300.0,0.48,26202.0,25056.0,1709.4,0.3,860904.0,859832.0,24.75
50.0,100.0,3300.0,0.49,26581.0,24912.0,1741.4,0.3,860904.0,859832.0,24.75
51.0,100.0,3299.999,0.5,27589.0,24984.0,1811.0,0.3,860904.0,859832.0,24.75
52.0,100.0,3300.0,0.49,25178.0,24408.0,1637.6,0.3,860904.0,859832.0,24.75
53.0,100.0,3300.0,0.49,25511.0,24480.0,1659.9,0.3,860904.0,859832.0,24.75
54.0,93.8,3299.999,0.5,30304.0,24912.0,1985.4,0.3,860904.0,859832.0,24.75
55.0,93.8,3300.0,0.51,32926.0,24912.0,2167.0,0.3,860904.0,859832.0,24.75
56.0,100.0,3300.0,0.53,37044.0,24840.0,2433.7,0.3,860904.0,859832.0,24.75
57.0,93.8,3299.999,0.52,36075.0,24984.0,2371.8,0.3,860904.0,859832.0,24.75
58.0,93.8,3299.999,0.55,43222.0,24768.0,2826.9,0.3,860904.0,859832.0,24.75
59.0,93.8,3300.0,0.56,44036.0,25128.0,2864.2,0.3,860904.0,859832.0,24.75
60.0,100.0,3299.999,0.56,44358.0,25056.0,2872.4,0.3,860904.0,859832.0,24.75
61.0,100.0,3299.999,0.56,44358.0,24984.0,2872.0,0.3,860904.0,859832.0,24.75
62.0,100.0,3299.999,0.56,44395.0,24768.0,2875.7,0.3,860904.0,859832.0,24.75
63.0,100.0,3299.999,0.56,44406.0,25056.0,2878.5,0.3,860904.0,859832.0,24.75
64.0,93.8,3299.999,0.56,44154.0,25056.0,2857.7,0.3,860904.0,859832.0,24.75
65.0,100.0,3299.999,0.56,44370.0,24696.0,2872.8,0.3,860904.0,859832.0,24.75
66.0,100.0,3300.0,0.56,44382.0,24984.0,2872.7,0.3,860904.0,859832.0,24.75
67.0,100.0,3299.999,0.56,44422.0,25200.0,2876.6,0.3,860904.0,859832.0,24.75
68.0,100.0,3300.0,0.87,74379.0,24912.0,5822.9,0.3,860904.0,859832.0,24.75
69.0,100.0,3299.999,1.2,27315.0,24984.0,3018.4,0.3,860904.0,859832.0,24.75
70.0,100.0,3300.0,1.27,26160.0,25128.0,2190.3,0.3,860904.0,859832.0,24.75
71.0,100.0,3299.999,1.7,23371.0,24984.0,2012.2,0.3,860904.0,859832.0,24.75
72.0,100.0,3299.999,1.35,18360.0,24912.0,1562.0,0.3,860904.0,859832.0,24.75
73.0,100.0,3299.999,1.45,12758.0,24552.0,1084.0,0.3,860904.0,859832.0,24.75
74.0,100.0,3300.0,1.56,16804.0,24912.0,1402.5,0.3,860904.0,859832.0,24.75
75.0,100.0,3299.999,1.67,20326.0,24984.0,1707.6,0.3,860904.0,859832.0,24.75
76.0,100.0,3299.999,1.21,20679.0,24552.0,2174.4,0.3,860904.0,859832.0,24.75
77.0,100.0,3300.0,0.95,8778.0,24552.0,565.5,0.3,860904.0,859832.0,24.75
78.0,100.0,3299.999,0.74,9924.0,24624.0,646.8,0.3,860904.0,859832.0,24.75
79.0,100.0,3300.0,0.64,10927.0,24264.0,705.0,0.3,860904.0,859832.0,24.75
80.0,93.8,3300.0,0.63,10943.0,23904.0,709.7,0.3,860904.0,859832.0,24.75
81.0,100.0,3299.999,0.62,11221.0,24696.0,726.3,0.3,860904.0,859832.0,24.75
82.0,100.0,3299.999,0.56,11415.0,24768.0,749.5,0.3,860904.0,859832.0,24.75
83.0,93.8,3299.999,0.52,11740.0,24768.0,764.4,0.3,860904.0,859832.0,24.75
84.0,100.0,3299.999,0.54,11914.0,24840.0,772.9,0.3,860904.0,859832.0,24.75
85.0,100.0,3300.0,0.49,12718.0,24552.0,835.9,0.3,860904.0,859832.0,24.75
86.0,100.0,3300.0,0.49,12666.0,24696.0,828.6,0.3,860904.0,859832.0,24.75
87.0,100.0,3299.999,0.46,12491.0,24192.0,803.2,0.3,860904.0,859832.0,24.75
88.0,100.0,3299.999,0.43,12170.0,24408.0,798.9,0.3,860904.0,859832.0,24.75
89.0,100.0,3299.999,0.45,12686.0,24264.0,822.5,0.3,860904.0,859832.0,24.75
90.0,100.0,3300.0,0.43,12506.0,24912.0,814.3,0.3,860904.0,859832.0,24.75
91.0,100.0,3300.0,0.44,13419.0,24984.0,870.8,0.3,860904.0,859832.0,24.75
92.0,100.0,3299.999,0.43,13971.0,24480.0,904.2,0.3,860904.0,859832.0,24.75
93.0,100.0,3300.0,0.43,14289.0,24984.0,927.8,0.3,860904.0,859832.0,24.75
94.0,100.0,3299.999,0.42,14775.0,24624.0,952.5,0.3,860904.0,859832.0,24.75
95.0,100.0,3300.0,0.42,15782.0,24192.0,1009.5,0.3,860904.0,859832.0,24.75
96.0,100.0,3300.0,0.43,18421.0,24624.0,1184.1,0.3,860904.0,859832.0,24.75
97.0,100.0,3300.0,0.42,20251.0,24768.0,1300.6,0.3,860904.0,859832.0,24.75
98.0,100.0,3299.999,0.42,22010.0,24768.0,1416.4,0.3,860904.0,859832.0,24.75
99.0,100.0,3300.0,0.44,23190.0,24552.0,1496.0,0.3,860904.0,859832.0,24.75
100.0,100.0,3299.999,0.43,24457.0,24840.0,1561.0,0.3,860904.0,859832.0,24.75
101.0,100.0,3299.999,0.44,27504.0,24984.0,1760.1,0.3,860904.0,859832.0,24.75
102.0,100.0,3300.0,0.43,25076.0,24696.0,1602.1,0.3,860904.0,859832.0,24.75
103.0,93.8,3300.0,0.44,29460.0,24696.0,1889.4,0.3,860904.0,859832.0,24.75
104.0,93.8,3299.999,0.43,28685.0,24840.0,1843.3,0.3,860904.0,859832.0,24.75
105.0,100.0,3300.0,0.44,26676.0,24624.0,1710.6,0.3,860904.0,859832.0,24.75
106.0,100.0,3300.0,0.44,26603.0,24984.0,1712.2,0.3,860904.0,859832.0,24.75
107.0,100.0,3299.999,0.44,27015.0,24840.0,1741.1,0.3,860904.0,859832.0,24.75
108.0,100.0,3300.0,0.41,27186.0,24696.0,1756.1,0.3,860904.0,859832.0,24.75
109.0,100.0,3299.999,0.4,24457.0,24696.0,1567.1,0.3,860904.0,859832.0,24.75
110.0,100.0,3300.0,0.44,26325.0,24552.0,1693.7,0.3,860904.0,859832.0,24.75
111.0,100.0,3299.999,0.44,25675.0,24264.0,1661.8,0.3,860904.0,859832.0,24.75
112.0,100.0,3300.001,0.44,30395.0,24912.0,1958.8,0.3,860904.0,859832.0,24.75
113.0,100.0,3300.0,0.44,32433.0,24840.0,2078.5,0.3,860904.0,859832.0,24.75
114.0,100.0,3299.999,0.44,34407.0,24984.0,2196.6,0.3,860904.0,859832.0,24.75
115.0,100.0,3300.0,0.45,36456.0,25056.0,2311.4,0.3,860904.0,859832.0,24.75
116.0,100.0,3300.0,0.46,36906.0,25056.0,2345.8,0.3,860904.0,859832.0,24.75
117.0,100.0,3300.0,0.45,36636.0,25128.0,2328.4,0.3,860904.0,859832.0,24.75
118.0,100.0,3299.999,0.45,36734.0,24912.0,2324.5,0.3,860904.0,859832.0,24.75
119.0,100.0,3299.999,0.45,36727.0,25056.0,2331.6,0.3,860904.0,859832.0,24.75
120.0,100.0,3300.0,0.45,36756.0,25056.0,2325.4,0.3,860904.0,859832.0,24.75
121.0,93.8,3299.999,0.45,36787.0,24984.0,2328.7,0.3,860904.0,859832.0,24.75
122.0,100.0,3300.009,0.47,38639.0,24840.0,2429.2,0.3,860904.0,859832.0,24.75
123.0,100.0,3299.999,1.04,67649.0,24768.0,5902.0,0.3,860904.0,859832.0,24.75
124.0,100.0,3300.0,1.12,23807.0,24624.0,2367.0,0.3,860904.0,859832.0,24.75
125.0,100.0,3300.0,1.24,21174.0,24408.0,1817.5,0.3,860904.0,859832.0,24.75
126.0,93.8,3299.999,1.27,15325.0,24768.0,1253.7,0.3,860904.0,859832.0,24.75
127.0,100.0,3300.0,1.58,13086.0,24912.0,1093.1,0.3,860904.0,859832.0,24.75
128.0,100.0,3300.0,1.24,22297.0,24192.0,2369.0,0.3,860904.0,859832.0,24.75
129.0,100.0,3299.999,0.77,10849.0,24768.0,712.5,0.3,860904.0,859832.0,24.75
130.0,100.0,3300.0,0.6,12382.0,24840.0,808.7,0.3,860904.0,859832.0,24.75
131.0,100.0,3299.999,0.56,13492.0,24912.0,894.5,0.3,860904.0,859832.0,24.75
132.0,100.0,3300.0,0.52,12989.0,24624.0,853.4,0.3,860904.0,859832.0,24.75
133.0,100.0,3299.999,0.49,13708.0,24912.0,899.4,0.3,860904.0,859832.0,24.75
134.0,100.0,3300.0,0.47,14047.0,24840.0,929.0,0.3,860904.0,859832.0,24.75
135.0,100.0,3300.0,0.47,14511.0,24984.0,962.3,0.3,860904.0,859832.0,24.75
136.0,100.0,3299.999,0.46,15388.0,24336.0,1027.8,0.3,860904.0,859832.0,24.75
137.0,100.0,3299.999,0.46,16003.0,24552.0,1075.6,0.3,860904.0,859832.0,24.75
138.0,100.0,3300.0,0.47,18482.0,24624.0,1227.7,0.3,860904.0,859832.0,24.75
139.0,93.8,3299.999,0.48,20017.0,24264.0,1328.6,0.3,860904.0,859832.0,24.75
140.0,93.8,3300.0,0.48,24030.0,25056.0,1600.2,0.3,860904.0,859832.0,24.75
141.0,93.8,3300.0,0.48,24971.0,24624.0,1668.6,0.3,860904.0,859832.0,24.75
142.0,100.0,3300.0,0.49,28501.0,24696.0,1903.7,0.3,860904.0,859832.0,24.75
143.0,100.0,3300.0,0.5,32327.0,25128.0,2175.7,0.3,860904.0,859832.0,24.75
144.0,100.0,3299.999,0.5,35929.0,25056.0,2432.7,0.3,860904.0,859832.0,24.75
145.0,100.0,3300.0,0.51,38993.0,24912.0,2642.6,0.3,860904.0,859832.0,24.75
146.0,100.0,3299.999,0.51,40823.0,24984.0,2750.8,0.3,860904.0,859832.0,24.75
147.0,100.0,3299.999,0.51,40898.0,24696.0,2750.3,0.3,860904.0,859832.0,24.75
148.0,100.0,3300.0,0.52,41130.0,25272.0,2744.7,0.3,860904.0,859832.0,24.75
149.0,93.8,3299.999,0.51,41234.0,25056.0,2742.4,0.3,860904.0,859832.0,24.75
150.0,100.0,3300.0,0.51,41279.0,24912.0,2751.5,0.3,860904.0,859832.0,24.75
151.0,100.0,3300.0,0.51,41316.0,24840.0,2746.6,0.3,860904.0,859832.0,24.75
152.0,100.0,3300.0,0.74,78225.0,25272.0,5891.8,0.3,860904.0,859832.0,24.75
153.0,100.0,3299.999,1.03,22400.0,24696.0,2611.0,0.3,860904.0,859832.0,24.75
154.0,100.0,3299.999,1.52,24583.0,24552.0,2274.3,0.3,860904.0,859832.0,24.75
155.0,100.0,3299.999,1.18,13886.0,25056.0,1193.0,0.3,860904.0,859832.0,24.75
156.0,100.0,3300.0,1.39,20610.0,25056.0,1817.4,0.3,860904.0,859832.0,24.75
157.0,93.8,3300.0,1.64,15638.0,24552.0,1397.5,0.3,860904.0,859832.0,24.75
158.0,100.0,3299.999,1.22,21627.0,23904.0,2258.2,0.3,860904.0,859832.0,24.75
159.0,100.0,3299.999,0.7,11181.0,24264.0,723.1,0.3,860904.0,859832.0,24.75
160.0,100.0,3300.0,0.61,11648.0,24696.0,764.2,0.3,860904.0,859832.0,24.75
161.0,100.0,3300.0,0.61,12167.0,24336.0,799.9,0.3,860904.0,859832.0,24.75
162.0,100.0,3299.999,0.56,12332.0,24552.0,815.0,0.3,860904.0,859832.0,24.75
163.0,100.0,3300.0,0.5,12971.0,24336.0,849.9,0.3,860904.0,859832.0,24.75
164.0,100.0,3299.999,0.46,13845.0,24768.0,901.0,0.3,860904.0,859832.0,24.75
165.0,100.0,3300.0,0.44,15205.0,24984.0,990.9,0.3,860904.0,859832.0,24.75
166.0,100.0,3299.999,0.45,19904.0,24840.0,1295.4,0.3,860904.0,859832.0,24.75
167.0,100.0,3299.999,0.45,23699.0,24552.0,1536.0,0.3,860904.0,859832.0,24.75
168.0,100.0,3299.999,0.45,31169.0,24984.0,2038.4,0.3,860904.0,859832.0,24.75
169.0,100.0,3300.0,0.46,37917.0,25128.0,2460.6,0.3,860904.0,859832.0,24.75
170.0,100.0,3299.999,0.47,38495.0,24912.0,2497.8,0.3,860904.0,859832.0,24.75
171.0,100.0,3300.0,0.47,38707.0,24840.0,2506.9,0.3,860904.0,859832.0,24.75
172.0,100.0,3299.999,0.47,38706.0,25128.0,2507.8,0.3,860904.0,859832.0,24.75
173.0,100.0,3300.0,0.98,67219.0,24624.0,5639.2,0.3,860904.0,859832.0,24.75
174.0,100.0,3299.999,0.86,12108.0,24480.0,1449.5,0.3,860904.0,859832.0,24.75
175.0,100.0,3300.0,1.19,4880.0,24840.0,506.0,0.3,860904.0,859832.0,24.75
176.0,100.0,3300.0,0.92,23230.0,24840.0,2374.8,0.3,860904.0,859832.0,24.75
177.0,100.0,3299.999,0.63,13411.0,24696.0,880.8,0.3,860904.0,859832.0,24.75
178.0,93.8,3300.0,0.52,13894.0,24768.0,921.7,0.3,860904.0,859832.0,24.75
179.0,100.0,3299.999,0.49,15029.0,24696.0,994.6,0.3,860904.0,859832.0,24.75
180.0,100.0,3300.0,0.48,22934.0,24912.0,1515.0,0.3,860904.0,859832.0,24.75
181.0,100.0,3300.0,0.48,32588.0,24696.0,2149.5,0.3,860904.0,859832.0,24.75
182.0,100.0,3299.999,0.48,37623.0,24984.0,2470.9,0.3,860904.0,859832.0,24.75
183.0,100.0,3300.0,0.48,39468.0,24840.0,2573.4,0.3,860904.0,859832.0,24.75
184.0,100.0,3300.0,0.48,39523.0,24840.0,2576.5,0.3,860904.0,859832.0,24.75
185.0,100.0,3299.999,0.48,39458.0,25200.0,2574.2,0.3,860904.0,859832.0,24.75
186.0,100.0,3300.0,0.48,38175.0,24984.0,2513.4,0.3,860904.0,859832.0,24.75
187.0,100.0,3299.999,0.48,39397.0,24912.0,2567.2,0.3,860904.0,859832.0,24.75
188.0,100.0,3299.999,0.48,39434.0,24912.0,2574.5,0.3,860904.0,859832.0,24.75
189.0,100.0,3300.0,0.58,75515.0,25128.0,6435.9,0.3,860908.0,859832.0,24.75
190.0,100.0,3300.0,0.03,16422.0,24768.0,1036.5,0.3,860908.0,859832.0,24.75
