time,CPU_Utilization,Frequency,IPC,Misses,LLC,MBL,Memory_Footprint,Virt_Memory,Res_Memory,Allocated_Cache
0.0,100.0,3300.0,1.07,1.0,0.0,0.0,0.0,860904.0,15080.0,2.25
1.0,100.0,3300.0,0.58,27423.0,2016.0,1628.1,0.0,860904.0,15080.0,2.25
2.0,100.0,3299.999,0.45,25597.0,1944.0,1526.1,0.0,860904.0,15336.0,2.25
3.0,100.0,3300.0,0.36,23574.0,2016.0,1487.2,0.0,860904.0,15336.0,2.25
4.0,100.0,3299.999,0.29,24459.0,2160.0,1542.4,0.0,860904.0,15336.0,2.25
5.0,93.8,3299.999,0.23,26007.0,1872.0,1708.0,0.1,860904.0,152552.0,2.25
6.0,100.0,3299.999,0.8,34097.0,2520.0,4126.0,0.3,860904.0,859552.0,2.25
7.0,100.0,3299.999,0.75,37640.0,2808.0,3693.3,0.3,860904.0,859700.0,2.25
8.0,100.0,3300.0,1.19,29663.0,2592.0,2574.1,0.3,860904.0,859700.0,2.25
9.0,93.8,3299.999,0.66,28400.0,2520.0,2554.5,0.3,860904.0,859700.0,2.25
10.0,100.0,3299.999,0.6,28052.0,2304.0,2493.1,0.3,860904.0,859700.0,2.25
11.0,100.0,3299.999,0.59,27571.0,2232.0,2438.6,0.3,860904.0,859700.0,2.25
12.0,100.0,3299.999,0.57,27896.0,2448.0,2492.5,0.3,860904.0,859700.0,2.25
13.0,100.0,3299.999,0.57,28254.0,2664.0,2560.6,0.3,860904.0,859700.0,2.25
14.0,100.0,3300.0,0.58,28566.0,2160.0,2572.3,0.3,860904.0,859700.0,2.25
15.0,100.0,3299.999,0.55,28754.0,2592.0,2553.3,0.3,860904.0,859700.0,2.25
16.0,100.0,3300.0,0.56,29824.0,2592.0,2597.6,0.3,860904.0,859700.0,2.25
17.0,100.0,3299.999,0.55,30971.0,2376.0,2649.9,0.3,860904.0,859700.0,2.25
18.0,100.0,3300.0,0.53,35300.0,2376.0,2985.0,0.3,860904.0,859700.0,2.25
19.0,93.8,3300.0,0.52,41414.0,2520.0,3430.5,0.3,860904.0,859700.0,2.25
20.0,93.8,3299.999,0.5,46400.0,2520.0,3642.1,0.3,860904.0,859700.0,2.25
21.0,100.0,3300.0,0.52,51648.0,2376.0,3888.8,0.3,860904.0,859700.0,2.25
22.0,100.0,3299.999,0.51,46304.0,1944.0,3465.3,0.3,860904.0,859700.0,2.25
23.0,100.0,3300.0,0.53,51293.0,2160.0,3691.5,0.3,860904.0,859700.0,2.25
24.0,100.0,3300.0,0.52,49644.0,2520.0,3560.3,0.3,860904.0,859700.0,2.25
25.0,100.0,3299.999,0.57,33064.0,2448.0,2791.6,0.3,860904.0,859700.0,2.25
26.0,100.0,3300.0,0.56,31993.0,2520.0,2735.6,0.3,860904.0,859700.0,2.25
27.0,100.0,3299.999,0.63,50394.0,2232.0,4195.1,0.3,860904.0,859700.0,2.25
28.0,100.0,3300.0,0.5,21639.0,2232.0,1462.4,0.3,860904.0,859700.0,2.25
29.0,100.0,3300.0,0.44,25008.0,2016.0,1759.3,0.3,860904.0,859700.0,2.25
30.0,100.0,3299.999,0.36,23247.0,2304.0,1587.1,0.3,860904.0,859700.0,2.25
31.0,100.0,3300.0,0.41,24457.0,2376.0,1631.8,0.3,860904.0,859700.0,2.25
32.0,100.0,3300.001,0.33,26970.0,2664.0,1739.2,0.3,860904.0,859700.0,2.25
33.0,100.0,3299.999,0.35,25384.0,2232.0,1568.0,0.3,860904.0,859700.0,2.25
34.0,100.0,3300.0,0.32,26596.0,2304.0,1744.4,0.3,860904.0,859700.0,2.25
35.0,100.0,3299.999,0.32,27325.0,2376.0,1909.0,0.3,860904.0,859700.0,2.25
36.0,100.0,3300.0,0.31,26533.0,2232.0,1901.0,0.3,860904.0,859700.0,2.25
37.0,100.0,3300.0,0.28,26631.0,2448.0,1853.3,0.3,860904.0,859700.0,2.25
38.0,100.0,3299.999,0.29,26889.0,2520.0,1758.9,0.3,860904.0,859700.0,2.25
39.0,100.0,3299.999,0.26,25045.0,2232.0,1682.8,0.3,860904.0,859700.0,2.25
