time,CPU_Utilization,Frequency,IPC,Misses,LLC,MBL,Memory_Footprint,Virt_Memory,Res_Memory,Allocated_Cache
0.0,100.0,3299.999,2.48,5.0,216.0,0.8,0.1,218924.0,213176.0,24.75
0.0,100.0,3299.999,2.48,5.0,216.0,0.8,0.1,298124.0,294684.0,24.75
1.0,100.0,3300.001,1.64,9177.0,24912.0,1169.4,0.1,301476.0,295220.0,24.75
2.0,100.0,3299.999,0.86,8413.0,24912.0,777.1,0.1,290720.0,287644.0,24.75
3.0,100.0,3300.0,0.8,6925.0,24336.0,651.7,0.1,290720.0,287644.0,24.75
4.0,100.0,3299.999,0.64,998.0,21312.0,68.1,0.1,290720.0,287644.0,24.75
5.0,100.0,3300.0,0.65,1029.0,20448.0,77.8,0.1,290720.0,287644.0,24.75
6.0,100.0,3299.999,0.65,1110.0,20592.0,64.8,0.1,290720.0,287644.0,24.75
7.0,100.0,3300.0,0.65,957.0,20664.0,75.2,0.1,290720.0,287644.0,24.75
8.0,100.0,3300.0,0.64,1040.0,21024.0,57.0,0.1,290720.0,287644.0,24.75
9.0,100.0,3299.999,0.65,973.0,20160.0,57.7,0.1,290720.0,287644.0,24.75
10.0,100.0,3300.0,0.65,1111.0,20376.0,68.8,0.1,290720.0,287644.0,24.75
11.0,93.8,3299.999,0.65,965.0,19944.0,58.1,0.1,290720.0,287644.0,24.75
12.0,100.0,3300.0,0.64,1043.0,20304.0,61.5,0.1,290720.0,287644.0,24.75
13.0,100.0,3299.999,0.65,952.0,20448.0,60.8,0.1,290720.0,287644.0,24.75
14.0,100.0,3300.0,0.65,921.0,20952.0,57.4,0.1,290720.0,287644.0,24.75
15.0,100.0,3300.0,0.64,975.0,19152.0,57.1,0.1,290720.0,287644.0,24.75
16.0,100.0,3299.999,0.65,983.0,20880.0,63.4,0.1,290720.0,287644.0,24.75
17.0,100.0,3300.0,0.65,1028.0,20736.0,80.1,0.1,290720.0,287644.0,24.75
18.0,100.0,3299.999,0.65,1116.0,20952.0,74.2,0.1,290720.0,287644.0,24.75
19.0,100.0,3299.999,0.65,919.0,20376.0,56.8,0.1,290720.0,287644.0,24.75
20.0,100.0,3300.0,0.65,1089.0,20520.0,81.0,0.1,290720.0,287644.0,24.75
21.0,100.0,3300.0,0.64,1034.0,20376.0,72.4,0.1,290720.0,287644.0,24.75
22.0,100.0,3299.999,0.64,1568.0,23400.0,109.4,0.1,290720.0,287644.0,24.75
23.0,100.0,3299.999,0.64,1192.0,19152.0,104.4,0.1,290720.0,287644.0,24.75
24.0,100.0,3299.999,0.64,1171.0,18864.0,95.8,0.1,290720.0,287644.0,24.75
25.0,100.0,3300.0,0.65,1173.0,18648.0,96.4,0.1,290720.0,287644.0,24.75
26.0,100.0,3299.999,0.65,1182.0,18576.0,94.3,0.1,290720.0,287644.0,24.75
27.0,100.0,3300.0,0.65,1191.0,18432.0,93.7,0.1,290720.0,287644.0,24.75
28.0,100.0,3299.999,0.64,1167.0,19152.0,98.4,0.1,290720.0,287644.0,24.75
29.0,100.0,3300.0,0.65,1195.0,18864.0,99.0,0.1,290720.0,287644.0,24.75
30.0,100.0,3299.999,0.65,1149.0,18576.0,98.3,0.1,290720.0,287644.0,24.75
31.0,100.0,3300.0,0.64,1157.0,18792.0,92.7,0.1,290720.0,287644.0,24.75
32.0,100.0,3299.999,0.65,1169.0,18936.0,98.8,0.1,290720.0,287644.0,24.75
33.0,93.3,3300.0,0.64,1166.0,18720.0,97.0,0.1,290720.0,287644.0,24.75
34.0,100.0,3300.0,0.65,1245.0,18864.0,103.9,0.1,290720.0,287644.0,24.75
35.0,100.0,3299.999,0.64,1166.0,18504.0,99.1,0.1,290720.0,287644.0,24.75
36.0,100.0,3300.0,0.65,1173.0,19296.0,100.8,0.1,290720.0,287644.0,24.75
37.0,100.0,3300.0,0.65,1151.0,19080.0,95.6,0.1,290720.0,287644.0,24.75
38.0,100.0,3299.999,0.65,1159.0,19152.0,100.0,0.0,32292.0,29636.0,24.75
39.0,100.0,3300.0,1.77,1244.0,21312.0,180.1,0.0,32612.0,30164.0,24.75
40.0,100.0,3300.0,1.82,616.0,20520.0,81.1,0.0,32612.0,30428.0,24.75
41.0,93.8,3300.0,1.83,578.0,20016.0,72.5,0.0,32612.0,30428.0,24.75
42.0,100.0,3300.0,1.82,845.0,21816.0,106.5,0.0,32612.0,30428.0,24.75
43.0,100.0,3300.0,1.8,634.0,21456.0,82.1,0.0,32612.0,30428.0,24.75
44.0,100.0,3300.0,1.81,783.0,21816.0,98.4,0.0,32612.0,30428.0,24.75
45.0,100.0,3299.999,1.8,731.0,22176.0,91.7,0.0,32612.0,30692.0,24.75
46.0,100.0,3300.0,1.79,719.0,21096.0,90.1,0.0,32612.0,30692.0,24.75
47.0,100.0,3299.999,1.81,796.0,21960.0,96.6,0.0,32612.0,30692.0,24.75
48.0,100.0,3300.0,1.8,784.0,21960.0,98.4,0.0,32612.0,30692.0,24.75
49.0,100.0,3300.0,1.81,745.0,20808.0,99.1,0.0,32612.0,30692.0,24.75
50.0,100.0,3299.999,1.8,802.0,21672.0,98.0,0.0,32612.0,30692.0,24.75
51.0,100.0,3299.999,1.83,741.0,22320.0,94.1,0.0,32612.0,30692.0,24.75
52.0,100.0,3299.999,1.86,622.0,21672.0,72.3,0.0,32612.0,30692.0,24.75
53.0,100.0,3300.0,1.81,703.0,21960.0,88.0,0.0,32612.0,30692.0,24.75
54.0,100.0,3300.0,1.82,655.0,20016.0,76.9,0.0,32612.0,30692.0,24.75
55.0,100.0,3299.999,1.83,499.0,19872.0,52.4,0.0,52008.0,46004.0,24.75
56.0,100.0,3299.999,1.33,3159.0,24912.0,399.0,0.0,58152.0,52868.0,24.75
57.0,100.0,3299.999,1.39,2124.0,24048.0,285.6,0.0,58152.0,52868.0,24.75
58.0,100.0,3300.0,1.37,2405.0,24480.0,304.5,0.0,58152.0,52868.0,24.75
59.0,100.0,3299.999,1.39,2129.0,23688.0,290.0,0.0,58152.0,52868.0,24.75
60.0,100.0,3299.999,1.38,2228.0,24120.0,292.9,0.0,58152.0,52868.0,24.75
61.0,100.0,3300.0,1.35,3030.0,24264.0,373.9,0.0,58152.0,53132.0,24.75
62.0,100.0,3299.999,1.38,2321.0,24048.0,304.9,0.0,58152.0,53132.0,24.75
63.0,100.0,3300.0,1.38,2151.0,23904.0,292.5,0.0,58152.0,53132.0,24.75
64.0,100.0,3299.999,1.38,2115.0,23832.0,286.5,0.0,58152.0,53132.0,24.75
65.0,100.0,3299.999,1.4,1980.0,24480.0,273.0,0.0,58152.0,53132.0,24.75
66.0,100.0,3300.0,1.38,2172.0,23976.0,276.9,0.0,58152.0,53132.0,24.75
67.0,100.0,3299.999,1.36,2477.0,24552.0,342.5,0.0,58152.0,53132.0,24.75
68.0,100.0,3300.0,1.38,2257.0,24192.0,308.3,0.0,58152.0,53132.0,24.75
69.0,93.8,3299.999,1.39,2393.0,24480.0,299.3,0.0,58152.0,53132.0,24.75
70.0,100.0,3300.0,1.39,2291.0,23688.0,297.1,0.0,58152.0,53132.0,24.75
71.0,100.0,3299.999,1.38,2360.0,23904.0,299.2,0.0,58152.0,53132.0,24.75
72.0,100.0,3300.0,1.39,2051.0,23904.0,266.3,0.0,58152.0,53132.0,24.75
73.0,100.0,3299.999,1.39,2199.0,24192.0,261.1,0.0,58152.0,53132.0,24.75
74.0,100.0,3299.999,1.41,1831.0,23688.0,227.2,0.0,58152.0,53132.0,24.75
75.0,100.0,3300.0,1.39,2062.0,24192.0,267.5,0.0,58152.0,53132.0,24.75
76.0,100.0,3300.0,1.38,2357.0,23400.0,306.1,0.0,58152.0,53132.0,24.75
77.0,100.0,3300.0,1.38,2180.0,23760.0,276.0,0.0,58152.0,53132.0,24.75
78.0,100.0,3300.0,1.39,2029.0,23904.0,287.1,0.1,147168.0,144020.0,24.75
79.0,100.0,3300.0,1.14,9442.0,24624.0,1279.1,0.1,202944.0,199348.0,24.75
80.0,100.0,3299.999,0.81,6493.0,24840.0,644.6,0.1,197332.0,195556.0,24.75
81.0,100.0,3300.0,0.73,6683.0,24480.0,702.5,0.1,197332.0,195556.0,24.75
82.0,100.0,3299.999,0.52,1410.0,20520.0,125.6,0.1,197332.0,195556.0,24.75
83.0,100.0,3299.999,0.53,1327.0,19872.0,107.6,0.1,197332.0,195556.0,24.75
84.0,100.0,3300.0,0.53,1202.0,20016.0,97.3,0.1,197332.0,195556.0,24.75
85.0,100.0,3300.0,0.52,1409.0,19872.0,142.4,0.1,197332.0,195556.0,24.75
86.0,100.0,3299.999,0.52,1386.0,19872.0,126.4,0.1,197332.0,195556.0,24.75
87.0,100.0,3300.0,0.53,1223.0,19584.0,107.3,0.1,197332.0,195556.0,24.75
88.0,100.0,3299.999,0.52,1305.0,19872.0,108.6,0.1,197332.0,195556.0,24.75
89.0,100.0,3299.999,0.52,1385.0,20088.0,138.4,0.1,197332.0,195556.0,24.75
90.0,100.0,3300.0,0.53,1271.0,20088.0,116.8,0.1,197332.0,195556.0,24.75
91.0,100.0,3299.999,0.53,1370.0,20016.0,138.4,0.1,197332.0,195556.0,24.75
92.0,100.0,3300.0,0.53,1254.0,19584.0,123.5,0.1,197332.0,195556.0,24.75
93.0,100.0,3299.999,0.53,1253.0,19728.0,112.9,0.1,197332.0,195556.0,24.75
94.0,100.0,3300.0,0.55,1353.0,21816.0,130.3,0.1,197332.0,195556.0,24.75
95.0,100.0,3299.999,0.58,102.0,14400.0,10.8,0.1,197332.0,195556.0,24.75
96.0,100.0,3300.0,0.58,81.0,12600.0,4.6,0.1,197332.0,195556.0,24.75
97.0,100.0,3299.999,0.58,82.0,11736.0,3.6,0.1,197332.0,195556.0,24.75
98.0,100.0,3299.999,0.58,81.0,10944.0,3.0,0.1,197332.0,195556.0,24.75
99.0,100.0,3299.999,0.58,82.0,10944.0,4.8,0.1,197332.0,195556.0,24.75
100.0,100.0,3299.999,0.58,81.0,11088.0,4.3,0.1,197332.0,195556.0,24.75
101.0,100.0,3299.999,0.58,80.0,11232.0,4.1,0.1,197332.0,195556.0,24.75
102.0,100.0,3300.0,0.58,81.0,11160.0,3.7,0.1,197332.0,195556.0,24.75
103.0,100.0,3299.999,0.52,76.0,10944.0,3.9,0.1,197332.0,195556.0,24.75
104.0,100.0,3300.0,0.47,82.0,10944.0,3.3,0.1,197332.0,195556.0,24.75
105.0,100.0,3299.999,0.49,72.0,10656.0,3.1,0.1,197332.0,195556.0,24.75
106.0,100.0,3300.0,0.46,78.0,11592.0,3.7,0.1,197332.0,195556.0,24.75
107.0,100.0,3299.999,0.58,82.0,10872.0,3.0,0.1,197332.0,195556.0,24.75
108.0,100.0,3300.0,0.58,81.0,10872.0,4.2,0.1,197332.0,195556.0,24.75
109.0,100.0,3300.0,0.58,82.0,10944.0,3.7,0.1,197332.0,195556.0,24.75
110.0,100.0,3299.999,0.58,101.0,10872.0,5.4,0.1,197332.0,195556.0,24.75
111.0,100.0,3300.0,0.58,83.0,10728.0,3.3,0.1,197332.0,195556.0,24.75
112.0,93.8,3300.0,0.58,82.0,10944.0,3.2,0.1,197332.0,195556.0,24.75
113.0,100.0,3299.999,0.58,82.0,11304.0,4.1,0.1,197332.0,195556.0,24.75
114.0,100.0,3300.0,0.58,81.0,11088.0,2.8,0.1,197332.0,195556.0,24.75
115.0,100.0,3299.999,0.58,81.0,11160.0,4.0,0.1,197332.0,195556.0,24.75
116.0,93.8,3300.0,0.58,80.0,10872.0,3.7,0.1,197332.0,195556.0,24.75
117.0,100.0,3299.999,0.58,80.0,11736.0,3.9,0.1,197332.0,195556.0,24.75
118.0,100.0,3300.0,0.58,80.0,11088.0,3.6,0.1,197332.0,195556.0,24.75
119.0,100.0,3299.999,0.58,80.0,11232.0,4.0,0.1,197332.0,195556.0,24.75
120.0,100.0,3299.999,0.58,79.0,11160.0,3.5,0.1,197332.0,195556.0,24.75
121.0,100.0,3300.0,0.58,79.0,10944.0,5.0,0.1,197332.0,195556.0,24.75
122.0,100.0,3299.999,0.58,80.0,10368.0,4.4,0.1,197332.0,195556.0,24.75
123.0,,,,,,,,,,
