time,CPU_Utilization,Frequency,IPC,Misses,LLC,MBL,Memory_Footprint,Virt_Memory,Res_Memory,Allocated_Cache
0.0,100.0,3299.999,2.42,6.0,72.0,0.6,0.1,249812.0,244144.0,13.5
1.0,100.0,3299.999,1.66,10219.0,14904.0,1214.2,0.1,289436.0,286812.0,13.5
2.0,100.0,3300.0,0.83,11459.0,13680.0,988.8,0.1,301476.0,297080.0,13.5
3.0,100.0,3300.001,0.79,9350.0,12456.0,860.8,0.1,290720.0,287824.0,13.5
4.0,100.0,3299.999,0.62,3054.0,13032.0,253.3,0.1,290720.0,287824.0,13.5
5.0,100.0,3299.999,0.63,2936.0,12960.0,268.2,0.1,290720.0,287824.0,13.5
6.0,100.0,3300.001,0.63,2892.0,12744.0,240.2,0.1,290720.0,287824.0,13.5
7.0,100.0,3299.999,0.62,3008.0,13176.0,261.1,0.1,290720.0,287824.0,13.5
8.0,100.0,3299.999,0.62,3068.0,12600.0,273.0,0.1,290720.0,287824.0,13.5
9.0,100.0,3300.0,0.63,2955.0,12888.0,277.1,0.1,290720.0,287824.0,13.5
10.0,100.0,3300.0,0.63,2938.0,12672.0,254.8,0.1,290720.0,287824.0,13.5
11.0,100.0,3299.999,0.63,2882.0,12744.0,252.7,0.1,290720.0,287824.0,13.5
12.0,100.0,3300.0,0.63,2784.0,12816.0,229.9,0.1,290720.0,287824.0,13.5
13.0,100.0,3299.999,0.63,2887.0,12888.0,257.1,0.1,290720.0,287824.0,13.5
14.0,100.0,3299.999,0.63,2912.0,12456.0,262.8,0.1,290720.0,287824.0,13.5
15.0,100.0,3300.0,0.63,2817.0,12960.0,238.9,0.1,290720.0,287824.0,13.5
16.0,100.0,3300.0,0.63,2778.0,12888.0,223.9,0.1,290720.0,287824.0,13.5
17.0,100.0,3299.999,0.63,3134.0,13248.0,291.5,0.1,290720.0,287824.0,13.5
18.0,100.0,3299.999,0.63,3101.0,12960.0,270.6,0.1,290720.0,287824.0,13.5
19.0,100.0,3300.0,0.63,2749.0,13248.0,239.0,0.1,290720.0,287824.0,13.5
20.0,100.0,3299.999,0.63,2959.0,13104.0,290.7,0.1,290720.0,287824.0,13.5
21.0,100.0,3300.0,0.63,3015.0,12960.0,289.8,0.1,290720.0,287824.0,13.5
22.0,100.0,3299.999,0.62,3161.0,13248.0,286.6,0.1,290720.0,287824.0,13.5
23.0,100.0,3299.999,0.56,8043.0,13104.0,638.2,0.1,290720.0,287824.0,13.5
24.0,100.0,3299.999,0.51,12476.0,12384.0,962.9,0.1,290720.0,287824.0,13.5
25.0,100.0,3300.0,0.51,12414.0,12384.0,963.1,0.1,290720.0,287824.0,13.5
26.0,100.0,3299.999,0.51,12401.0,12456.0,949.2,0.1,290720.0,287824.0,13.5
27.0,93.8,3300.0,0.51,12471.0,12168.0,959.9,0.1,290720.0,287824.0,13.5
28.0,100.0,3300.0,0.51,12424.0,12384.0,968.6,0.1,290720.0,287824.0,13.5
29.0,100.0,3299.999,0.51,12515.0,12096.0,974.2,0.1,290720.0,287824.0,13.5
30.0,100.0,3300.0,0.51,12462.0,12312.0,935.0,0.1,290720.0,287824.0,13.5
31.0,100.0,3300.0,0.51,12473.0,11808.0,955.0,0.1,290720.0,287824.0,13.5
32.0,100.0,3299.999,0.45,10727.0,11880.0,826.0,0.1,290720.0,287824.0,13.5
33.0,100.0,3299.999,0.51,12375.0,12600.0,956.3,0.1,290720.0,287824.0,13.5
34.0,93.8,3300.0,0.51,12390.0,12168.0,922.4,0.1,290720.0,287824.0,13.5
35.0,100.0,3299.999,0.51,12420.0,12528.0,929.8,0.1,290720.0,287824.0,13.5
36.0,100.0,3300.0,0.51,12452.0,12168.0,972.7,0.1,290720.0,287824.0,13.5
37.0,100.0,3299.999,0.51,12450.0,12816.0,965.8,0.1,290720.0,287824.0,13.5
38.0,100.0,3299.999,0.51,12461.0,12312.0,962.2,0.1,290720.0,287824.0,13.5
39.0,100.0,3299.999,0.51,12372.0,12312.0,954.8,0.1,290720.0,287824.0,13.5
