time,CPU_Utilization,Frequency,IPC,Misses,LLC,MBL,Memory_Footprint,Virt_Memory,Res_Memory,Allocated_Cache
0.0,100.0,3299.999,1.38,52.0,144.0,2.2,0.1,245852.0,240232.0,18.0
1.0,100.0,3300.0,1.66,8787.0,18504.0,1121.6,0.1,289436.0,286736.0,18.0
2.0,100.0,3300.0,0.84,10923.0,18144.0,925.6,0.1,301476.0,297128.0,18.0
3.0,100.0,3300.0,0.8,8363.0,17856.0,790.1,0.1,290720.0,287748.0,18.0
4.0,100.0,3299.999,0.63,1915.0,17352.0,169.6,0.1,290720.0,287748.0,18.0
5.0,100.0,3300.0,0.64,1889.0,17208.0,171.3,0.1,290720.0,287748.0,18.0
6.0,100.0,3300.0,0.64,1845.0,17712.0,152.1,0.1,290720.0,287748.0,18.0
7.0,100.0,3300.0,0.63,1812.0,17496.0,170.4,0.1,290720.0,287748.0,18.0
8.0,100.0,3299.999,0.63,1923.0,17064.0,178.2,0.1,290720.0,287748.0,18.0
9.0,100.0,3300.0,0.64,1817.0,17208.0,170.5,0.1,290720.0,287748.0,18.0
10.0,100.0,3300.0,0.64,1949.0,17640.0,178.6,0.1,290720.0,287748.0,18.0
11.0,100.0,3299.999,0.64,1777.0,16992.0,162.2,0.1,290720.0,287748.0,18.0
12.0,100.0,3300.0,0.62,1764.0,17424.0,171.0,0.1,290720.0,287748.0,18.0
13.0,100.0,3299.999,0.64,1891.0,17280.0,181.0,0.1,290720.0,287748.0,18.0
14.0,100.0,3299.999,0.64,1882.0,17568.0,176.1,0.1,290720.0,287748.0,18.0
15.0,100.0,3300.0,0.64,1697.0,17064.0,159.9,0.1,290720.0,287748.0,18.0
16.0,100.0,3299.999,0.64,1744.0,17280.0,152.9,0.1,290720.0,287748.0,18.0
17.0,100.0,3300.0,0.64,1957.0,17568.0,180.0,0.1,290720.0,287748.0,18.0
18.0,93.8,3299.999,0.64,1933.0,17208.0,178.5,0.1,290720.0,287748.0,18.0
19.0,100.0,3299.999,0.64,1747.0,17424.0,168.3,0.1,290720.0,287748.0,18.0
20.0,100.0,3300.0,0.64,1886.0,17496.0,183.0,0.1,290720.0,287748.0,18.0
21.0,93.8,3300.0,0.64,1925.0,17208.0,173.0,0.1,290720.0,287748.0,18.0
22.0,100.0,3299.999,0.63,1965.0,17712.0,177.2,0.1,290720.0,287748.0,18.0
23.0,100.0,3300.0,0.6,5131.0,15624.0,313.0,0.1,290720.0,287748.0,18.0
24.0,100.0,3299.999,0.59,5645.0,14832.0,304.9,0.1,290720.0,287748.0,18.0
25.0,100.0,3299.999,0.59,5589.0,14904.0,300.4,0.1,290720.0,287748.0,18.0
26.0,100.0,3300.001,0.59,5580.0,14688.0,306.5,0.1,290720.0,287748.0,18.0
27.0,100.0,3300.0,0.59,5629.0,14832.0,316.0,0.1,290720.0,287748.0,18.0
28.0,100.0,3299.999,0.59,5682.0,14400.0,306.6,0.1,290720.0,287748.0,18.0
29.0,100.0,3299.999,0.59,5515.0,14760.0,289.9,0.1,290720.0,287748.0,18.0
30.0,93.8,3300.0,0.59,5685.0,14832.0,326.5,0.1,290720.0,287748.0,18.0
31.0,100.0,3299.999,0.59,5544.0,14616.0,297.0,0.1,290720.0,287748.0,18.0
32.0,100.0,3299.999,0.59,5512.0,14976.0,298.4,0.1,290720.0,287748.0,18.0
33.0,100.0,3300.0,0.59,5593.0,14904.0,303.0,0.1,290720.0,287748.0,18.0
34.0,100.0,3300.001,0.59,5652.0,14688.0,311.3,0.1,290720.0,287748.0,18.0
35.0,100.0,3299.999,0.59,5578.0,14256.0,297.8,0.1,290720.0,287748.0,18.0
36.0,100.0,3300.0,0.59,5636.0,14976.0,298.9,0.1,290720.0,287748.0,18.0
37.0,100.0,3299.999,0.54,4970.0,14832.0,255.9,0.1,290720.0,287748.0,18.0
38.0,93.8,3299.999,0.59,5527.0,14688.0,294.4,0.1,290720.0,287748.0,18.0
39.0,100.0,3300.0,0.59,5624.0,14400.0,299.1,0.1,290720.0,287748.0,18.0
