time,CPU_Utilization,Frequency,IPC,Misses,LLC,MBL,Memory_Footprint,Virt_Memory,Res_Memory,Allocated_Cache
0.0,100.0,3299.999,1.63,51.0,0.0,4.2,0.1,249812.0,244244.0,15.75
1.0,100.0,3300.0,1.68,9598.0,16848.0,1168.0,0.1,289436.0,286620.0,15.75
2.0,100.0,3299.999,0.83,11032.0,16128.0,945.3,0.1,301476.0,297184.0,15.75
3.0,100.0,3300.0,0.79,8751.0,14976.0,806.6,0.1,290720.0,287632.0,15.75
4.0,93.8,3299.999,0.63,2434.0,15120.0,194.3,0.1,290720.0,287632.0,15.75
5.0,93.8,3299.999,0.63,2356.0,15480.0,216.3,0.1,290720.0,287632.0,15.75
6.0,100.0,3300.0,0.64,2325.0,15624.0,183.8,0.1,290720.0,287632.0,15.75
7.0,100.0,3299.999,0.63,2289.0,15120.0,194.6,0.1,290720.0,287632.0,15.75
8.0,100.0,3300.0,0.63,2489.0,15192.0,196.3,0.1,290720.0,287632.0,15.75
9.0,100.0,3299.999,0.63,2324.0,15264.0,212.5,0.1,290720.0,287632.0,15.75
10.0,100.0,3299.999,0.63,2310.0,15120.0,211.6,0.1,290720.0,287632.0,15.75
11.0,100.0,3299.999,0.63,2289.0,15192.0,192.4,0.1,290720.0,287632.0,15.75
12.0,100.0,3299.999,0.63,2306.0,15120.0,185.7,0.1,290720.0,287632.0,15.75
13.0,100.0,3299.999,0.63,2428.0,15480.0,210.8,0.1,290720.0,287632.0,15.75
14.0,100.0,3300.0,0.63,2279.0,15336.0,228.7,0.1,290720.0,287632.0,15.75
15.0,100.0,3299.999,0.63,2207.0,15624.0,186.2,0.1,290720.0,287632.0,15.75
16.0,93.8,3299.999,0.63,2245.0,15408.0,175.2,0.1,290720.0,287632.0,15.75
17.0,100.0,3299.999,0.63,2451.0,15912.0,228.4,0.1,290720.0,287632.0,15.75
18.0,100.0,3300.0,0.63,2370.0,15120.0,208.6,0.1,290720.0,287632.0,15.75
19.0,100.0,3300.0,0.63,2230.0,15696.0,198.9,0.1,290720.0,287632.0,15.75
20.0,93.8,3299.999,0.63,2341.0,15696.0,233.7,0.1,290720.0,287632.0,15.75
21.0,93.8,3300.0,0.63,2404.0,15768.0,225.3,0.1,290720.0,287632.0,15.75
22.0,100.0,3299.999,0.63,2472.0,15480.0,204.3,0.1,290720.0,287712.0,15.75
23.0,100.0,3299.999,0.58,6725.0,13752.0,474.9,0.1,290720.0,287712.0,15.75
24.0,100.0,3300.0,0.56,8558.0,13464.0,602.0,0.1,290720.0,287712.0,15.75
25.0,100.0,3299.999,0.56,8448.0,13248.0,606.6,0.1,290720.0,287712.0,15.75
26.0,100.0,3299.999,0.56,8423.0,13824.0,584.0,0.1,290720.0,287712.0,15.75
27.0,100.0,3299.999,0.56,8509.0,13320.0,592.0,0.1,290720.0,287712.0,15.75
28.0,93.8,3299.999,0.56,8561.0,13392.0,592.9,0.1,290720.0,287712.0,15.75
29.0,100.0,3299.999,0.56,8519.0,12960.0,596.4,0.1,290720.0,287712.0,15.75
30.0,93.8,3299.999,0.56,8490.0,13680.0,583.0,0.1,290720.0,287712.0,15.75
31.0,100.0,3300.0,0.56,8492.0,13680.0,583.1,0.1,290720.0,287712.0,15.75
32.0,93.8,3300.0,0.56,8414.0,13248.0,586.0,0.1,290720.0,287712.0,15.75
33.0,100.0,3299.999,0.56,8438.0,13248.0,592.5,0.1,290720.0,287712.0,15.75
34.0,100.0,3300.0,0.56,8456.0,13896.0,577.8,0.1,290720.0,287712.0,15.75
35.0,100.0,3299.999,0.56,8473.0,13608.0,589.6,0.1,290720.0,287712.0,15.75
36.0,100.0,3299.999,0.56,8539.0,13824.0,608.6,0.1,290720.0,287712.0,15.75
37.0,100.0,3300.0,0.56,8491.0,13608.0,568.9,0.1,290720.0,287712.0,15.75
38.0,100.0,3299.999,0.56,8520.0,13392.0,583.2,0.1,290720.0,287712.0,15.75
39.0,93.8,3300.0,0.56,8421.0,13680.0,589.6,0.1,290720.0,287712.0,15.75
