time,CPU_Utilization,Frequency,IPC,Misses,LLC,MBL,Memory_Footprint,Virt_Memory,Res_Memory,Allocated_Cache
0.0,93.3,3299.999,1.58,51.0,1656.0,3.9,0.1,250868.0,245308.0,9.0
1.0,100.0,3300.0,1.66,10294.0,11088.0,1290.4,0.1,289436.0,286788.0,9.0
2.0,100.0,3300.0,0.81,13512.0,9432.0,1267.5,0.1,301476.0,297188.0,9.0
3.0,100.0,3299.999,0.78,10531.0,8712.0,1053.6,0.1,290720.0,287800.0,9.0
4.0,100.0,3300.0,0.61,4386.0,9000.0,432.2,0.1,290720.0,287800.0,9.0
5.0,100.0,3299.999,0.62,4160.0,9000.0,407.4,0.1,290720.0,287800.0,9.0
6.0,100.0,3300.001,0.62,4331.0,8928.0,436.1,0.1,290720.0,287800.0,9.0
7.0,100.0,3300.0,0.61,4198.0,8568.0,423.8,0.1,290720.0,287800.0,9.0
8.0,100.0,3299.999,0.61,4424.0,8928.0,445.1,0.1,290720.0,287800.0,9.0
9.0,100.0,3300.0,0.62,4168.0,8856.0,435.3,0.1,290720.0,287800.0,9.0
10.0,100.0,3299.999,0.62,4144.0,8712.0,415.5,0.1,290720.0,287800.0,9.0
11.0,100.0,3299.999,0.62,4089.0,8568.0,432.8,0.1,290720.0,287800.0,9.0
12.0,100.0,3299.999,0.62,4107.0,8784.0,407.7,0.1,290720.0,287800.0,9.0
13.0,100.0,3299.999,0.62,4334.0,9000.0,434.7,0.1,290720.0,287800.0,9.0
14.0,100.0,3299.999,0.61,4277.0,9000.0,423.6,0.1,290720.0,287800.0,9.0
15.0,100.0,3299.999,0.62,3849.0,8856.0,414.5,0.1,290720.0,287800.0,9.0
16.0,100.0,3299.999,0.62,4104.0,8496.0,422.8,0.1,290720.0,287800.0,9.0
17.0,93.8,3300.0,0.62,4105.0,8784.0,412.2,0.1,290720.0,287800.0,9.0
18.0,100.0,3299.999,0.62,4456.0,8784.0,426.9,0.1,290720.0,287800.0,9.0
19.0,100.0,3299.999,0.61,4351.0,8856.0,440.2,0.1,290720.0,287800.0,9.0
20.0,100.0,3300.0,0.62,3822.0,8856.0,408.7,0.1,290720.0,287800.0,9.0
21.0,100.0,3299.999,0.62,4260.0,8424.0,423.8,0.1,290720.0,287800.0,9.0
22.0,100.0,3299.999,0.61,4234.0,8784.0,443.5,0.1,290720.0,287800.0,9.0
23.0,100.0,3299.999,0.59,6278.0,8784.0,585.6,0.1,290720.0,287800.0,9.0
24.0,100.0,3300.0,0.41,20644.0,8496.0,1667.7,0.1,290720.0,287800.0,9.0
25.0,100.0,3300.0,0.41,20639.0,8712.0,1645.6,0.1,290720.0,287800.0,9.0
26.0,100.0,3299.999,0.4,20693.0,8280.0,1672.5,0.1,290720.0,287800.0,9.0
27.0,100.0,3299.999,0.41,20494.0,8640.0,1602.8,0.1,290720.0,287800.0,9.0
28.0,100.0,3299.999,0.41,20475.0,8568.0,1632.0,0.1,290720.0,287800.0,9.0
29.0,100.0,3300.0,0.41,20505.0,8496.0,1616.0,0.1,290720.0,287800.0,9.0
30.0,100.0,3300.0,0.41,20541.0,8712.0,1663.4,0.1,290720.0,287800.0,9.0
31.0,100.0,3300.0,0.41,20559.0,8424.0,1628.2,0.1,290720.0,287800.0,9.0
32.0,100.0,3299.999,0.41,20711.0,8352.0,1644.6,0.1,290720.0,287800.0,9.0
33.0,100.0,3300.0,0.41,20468.0,8712.0,1643.3,0.1,290720.0,287800.0,9.0
34.0,100.0,3299.999,0.41,20550.0,8496.0,1623.6,0.1,290720.0,287800.0,9.0
35.0,100.0,3300.0,0.41,20505.0,8640.0,1655.4,0.1,290720.0,287800.0,9.0
36.0,100.0,3299.999,0.41,20304.0,8064.0,1624.3,0.1,290720.0,287800.0,9.0
37.0,100.0,3300.0,0.41,20570.0,8640.0,1656.6,0.1,290720.0,287800.0,9.0
38.0,100.0,3300.0,0.41,20574.0,8208.0,1629.8,0.1,290720.0,287800.0,9.0
39.0,100.0,3299.999,0.41,20648.0,8208.0,1650.0,0.1,290720.0,287800.0,9.0
