time,CPU_Utilization,Frequency,IPC,Misses,LLC,MBL,Memory_Footprint,Virt_Memory,Res_Memory,Allocated_Cache
0.0,100.0,3300.0,1.7,39.0,144.0,0.5,0.1,247700.0,242444.0,2.25
1.0,100.0,3299.999,1.66,11183.0,5760.0,1340.7,0.1,289436.0,286764.0,2.25
2.0,93.3,3299.999,0.78,16416.0,3168.0,1433.7,0.1,301476.0,297496.0,2.25
3.0,100.0,3300.0,0.77,13984.0,2664.0,1221.5,0.1,290720.0,287776.0,2.25
4.0,100.0,3299.999,0.57,8067.0,2448.0,601.9,0.1,290720.0,287776.0,2.25
5.0,93.8,3300.0,0.59,7102.0,2448.0,522.6,0.1,290720.0,287776.0,2.25
6.0,100.0,3300.0,0.59,7693.0,2520.0,496.7,0.1,290720.0,287776.0,2.25
7.0,100.0,3299.999,0.59,7533.0,2520.0,485.3,0.1,290720.0,287776.0,2.25
8.0,100.0,3300.0,0.59,7387.0,2520.0,564.8,0.1,290720.0,287776.0,2.25
9.0,100.0,3299.999,0.48,6353.0,2520.0,538.1,0.1,290720.0,287776.0,2.25
10.0,100.0,3299.999,0.59,7262.0,2520.0,552.2,0.1,290720.0,287776.0,2.25
11.0,93.8,3300.0,0.58,7201.0,2232.0,647.9,0.1,290720.0,287776.0,2.25
12.0,100.0,3299.999,0.59,6931.0,2520.0,469.5,0.1,290720.0,287776.0,2.25
13.0,100.0,3300.0,0.58,7632.0,2448.0,673.2,0.1,290720.0,287776.0,2.25
14.0,100.0,3299.999,0.59,7391.0,2376.0,533.3,0.1,290720.0,287776.0,2.25
15.0,100.0,3299.999,0.58,7678.0,2304.0,579.0,0.1,290720.0,287776.0,2.25
16.0,100.0,3300.0,0.59,7410.0,2376.0,602.0,0.1,290720.0,287776.0,2.25
17.0,100.0,3300.0,0.58,7722.0,2304.0,552.2,0.1,290720.0,287776.0,2.25
18.0,100.0,3300.0,0.59,7274.0,2160.0,492.6,0.1,290720.0,287776.0,2.25
19.0,100.0,3300.0,0.59,7405.0,2160.0,535.5,0.1,290720.0,287776.0,2.25
20.0,100.0,3299.999,0.58,7562.0,2232.0,603.4,0.1,290720.0,287776.0,2.25
21.0,100.0,3299.999,0.59,7230.0,2376.0,573.0,0.1,290720.0,287776.0,2.25
22.0,100.0,3299.999,0.58,7528.0,2304.0,560.7,0.1,290720.0,287776.0,2.25
23.0,100.0,3300.0,0.59,7098.0,2232.0,578.5,0.1,290720.0,287776.0,2.25
24.0,100.0,3299.999,0.58,7994.0,2376.0,583.8,0.1,290720.0,287776.0,2.25
25.0,100.0,3300.0,0.35,26455.0,2376.0,2706.9,0.1,290720.0,287776.0,2.25
26.0,100.0,3299.999,0.29,31936.0,2376.0,3243.2,0.1,290720.0,287776.0,2.25
27.0,100.0,3300.0,0.29,31762.0,2448.0,3232.1,0.1,290720.0,287776.0,2.25
28.0,100.0,3299.999,0.29,31983.0,2376.0,3243.9,0.1,290720.0,287776.0,2.25
29.0,100.0,3300.0,0.29,31712.0,2376.0,3228.1,0.1,290720.0,287776.0,2.25
30.0,100.0,3300.0,0.29,31383.0,2448.0,3203.7,0.1,290720.0,287776.0,2.25
31.0,100.0,3299.999,0.29,31631.0,2376.0,3223.3,0.1,290720.0,287776.0,2.25
32.0,100.0,3300.0,0.29,31256.0,2232.0,3161.5,0.1,290720.0,287776.0,2.25
33.0,100.0,3299.999,0.29,31259.0,2016.0,3157.4,0.1,290720.0,287776.0,2.25
34.0,100.0,3299.999,0.3,31192.0,2304.0,3152.1,0.1,290720.0,287776.0,2.25
35.0,100.0,3300.0,0.29,31291.0,2304.0,3164.9,0.1,290720.0,287776.0,2.25
36.0,100.0,3299.999,0.29,31572.0,2376.0,3209.1,0.1,290720.0,287776.0,2.25
37.0,100.0,3299.999,0.29,31878.0,2160.0,3265.5,0.1,290720.0,287776.0,2.25
38.0,100.0,3299.999,0.29,31471.0,2304.0,3200.3,0.1,290720.0,287776.0,2.25
39.0,100.0,3299.999,0.29,31324.0,2304.0,3168.1,0.1,290720.0,287776.0,2.25
