time,CPU_Utilization,Frequency,IPC,Misses,LLC,MBL,Memory_Footprint,Virt_Memory,Res_Memory,Allocated_Cache
0.0,93.3,3299.999,2.54,5.0,360.0,0.9,0.1,254828.0,249140.0,4.5
1.0,100.0,3299.999,1.61,12079.0,6336.0,1386.8,0.1,289436.0,286624.0,4.5
2.0,100.0,3300.0,0.8,14656.0,5040.0,1267.1,0.1,301476.0,297060.0,4.5
3.0,100.0,3300.001,0.77,12067.0,4680.0,1123.9,0.1,290720.0,287636.0,4.5
4.0,100.0,3299.999,0.6,6013.0,4680.0,443.2,0.1,290720.0,287636.0,4.5
5.0,100.0,3300.001,0.61,5482.0,4680.0,453.8,0.1,290720.0,287636.0,4.5
6.0,100.0,3299.999,0.61,5853.0,4680.0,377.3,0.1,290720.0,287636.0,4.5
7.0,100.0,3300.0,0.6,5720.0,4536.0,421.8,0.1,290720.0,287636.0,4.5
8.0,100.0,3299.999,0.6,5674.0,4104.0,452.7,0.1,290720.0,287636.0,4.5
9.0,100.0,3300.0,0.6,5699.0,4536.0,454.9,0.1,290720.0,287636.0,4.5
10.0,100.0,3300.0,0.61,5699.0,4536.0,517.5,0.1,290720.0,287636.0,4.5
11.0,100.0,3300.001,0.6,5463.0,4608.0,424.8,0.1,290720.0,287636.0,4.5
12.0,100.0,3300.0,0.6,5570.0,4536.0,416.8,0.1,290720.0,287636.0,4.5
13.0,100.0,3299.999,0.6,5995.0,4464.0,500.6,0.1,290720.0,287636.0,4.5
14.0,100.0,3300.0,0.6,5534.0,4248.0,425.8,0.1,290720.0,287636.0,4.5
15.0,100.0,3299.999,0.6,5541.0,4608.0,451.1,0.1,290720.0,287636.0,4.5
16.0,100.0,3299.999,0.6,5883.0,4392.0,444.1,0.1,290720.0,287636.0,4.5
17.0,100.0,3299.999,0.6,5619.0,4176.0,386.4,0.1,290720.0,287636.0,4.5
18.0,93.8,3299.999,0.61,5856.0,4464.0,492.2,0.1,290720.0,287636.0,4.5
19.0,100.0,3299.999,0.6,5789.0,4536.0,406.0,0.1,290720.0,287636.0,4.5
20.0,100.0,3300.0,0.61,5568.0,4464.0,479.0,0.1,290720.0,287636.0,4.5
21.0,100.0,3300.0,0.6,5697.0,4536.0,469.5,0.1,290720.0,287636.0,4.5
22.0,100.0,3300.001,0.61,5522.0,4320.0,457.7,0.1,290720.0,287636.0,4.5
23.0,100.0,3299.999,0.6,5800.0,4464.0,447.9,0.1,290720.0,287636.0,4.5
24.0,100.0,3299.999,0.42,20514.0,4464.0,1722.0,0.1,290720.0,287636.0,4.5
25.0,93.8,3300.0,0.32,28333.0,3960.0,2410.2,0.1,290720.0,287636.0,4.5
26.0,100.0,3300.0,0.32,28373.0,4104.0,2452.7,0.1,290720.0,287636.0,4.5
27.0,100.0,3300.0,0.32,28435.0,4464.0,2445.6,0.1,290720.0,287636.0,4.5
28.0,100.0,3299.999,0.32,28208.0,4392.0,2437.5,0.1,290720.0,287636.0,4.5
29.0,100.0,3300.0,0.32,28012.0,4608.0,2432.3,0.1,290720.0,287636.0,4.5
30.0,100.0,3299.999,0.32,28157.0,3960.0,2409.4,0.1,290720.0,287636.0,4.5
31.0,100.0,3300.0,0.33,27811.0,4320.0,2385.9,0.1,290720.0,287636.0,4.5
32.0,100.0,3300.0,0.32,28060.0,4320.0,2417.8,0.1,290720.0,287636.0,4.5
33.0,100.0,3300.0,0.32,28039.0,4320.0,2427.1,0.1,290720.0,287636.0,4.5
34.0,100.0,3299.999,0.33,28190.0,4392.0,2411.6,0.1,290720.0,287636.0,4.5
35.0,100.0,3299.999,0.32,28250.0,4248.0,2419.8,0.1,290720.0,287636.0,4.5
36.0,100.0,3300.0,0.29,25027.0,4392.0,2152.3,0.1,290720.0,287636.0,4.5
37.0,100.0,3299.999,0.32,28158.0,4320.0,2406.7,0.1,290720.0,287636.0,4.5
38.0,100.0,3300.0,0.33,27903.0,4464.0,2388.0,0.1,290720.0,287636.0,4.5
39.0,100.0,3299.999,0.32,28195.0,4104.0,2408.5,0.1,290720.0,287636.0,4.5
