time,CPU_Utilization,Frequency,IPC,Misses,LLC,MBL,Memory_Footprint,Virt_Memory,Res_Memory,Allocated_Cache
0.0,100.0,3300.0,2.57,6.0,0.0,0.3,0.1,253244.0,247488.0,11.25
1.0,100.0,3299.999,1.63,10609.0,12960.0,1297.8,0.1,289436.0,286688.0,11.25
2.0,100.0,3300.0,0.83,11963.0,11808.0,1161.4,0.1,301476.0,296992.0,11.25
3.0,100.0,3299.999,0.78,9924.0,11736.0,986.1,0.1,290720.0,287700.0,11.25
4.0,100.0,3299.999,0.62,3735.0,11520.0,349.0,0.1,290720.0,287700.0,11.25
5.0,100.0,3300.0,0.62,3582.0,11232.0,353.8,0.1,290720.0,287700.0,11.25
6.0,100.0,3299.999,0.63,3685.0,11088.0,351.3,0.1,290720.0,287700.0,11.25
7.0,100.0,3300.0,0.62,3620.0,11304.0,338.2,0.1,290720.0,287700.0,11.25
8.0,100.0,3300.0,0.62,3704.0,11448.0,365.0,0.1,290720.0,287700.0,11.25
9.0,100.0,3299.999,0.62,3587.0,10872.0,354.4,0.1,290720.0,287700.0,11.25
10.0,93.8,3299.999,0.63,3519.0,10872.0,351.9,0.1,290720.0,287700.0,11.25
11.0,100.0,3299.999,0.62,3534.0,11160.0,351.6,0.1,290720.0,287700.0,11.25
12.0,100.0,3299.999,0.62,3503.0,11448.0,332.4,0.1,290720.0,287700.0,11.25
13.0,100.0,3300.0,0.62,3552.0,10728.0,349.9,0.1,290720.0,287700.0,11.25
14.0,100.0,3300.0,0.62,3596.0,11160.0,361.5,0.1,290720.0,287700.0,11.25
15.0,100.0,3299.999,0.57,2930.0,11592.0,291.9,0.1,290720.0,287700.0,11.25
16.0,100.0,3299.999,0.62,3487.0,11592.0,327.4,0.1,290720.0,287700.0,11.25
17.0,93.3,3299.999,0.62,3549.0,11520.0,342.1,0.1,290720.0,287700.0,11.25
18.0,100.0,3300.0,0.62,3723.0,11448.0,359.4,0.1,290720.0,287700.0,11.25
19.0,100.0,3299.999,0.62,3636.0,11448.0,374.8,0.1,290720.0,287700.0,11.25
20.0,100.0,3300.0,0.63,3259.0,10872.0,336.4,0.1,290720.0,287700.0,11.25
21.0,100.0,3299.999,0.62,3733.0,11088.0,370.6,0.1,290720.0,287700.0,11.25
22.0,100.0,3300.001,0.62,3648.0,11160.0,357.0,0.1,290720.0,287700.0,11.25
23.0,100.0,3300.001,0.58,6761.0,11016.0,575.4,0.1,290720.0,287700.0,11.25
24.0,100.0,3299.999,0.46,16393.0,10728.0,1210.5,0.1,290720.0,287700.0,11.25
25.0,100.0,3300.001,0.46,16312.0,10296.0,1207.5,0.1,290720.0,287700.0,11.25
26.0,100.0,3299.999,0.46,16279.0,10656.0,1165.0,0.1,290720.0,287700.0,11.25
27.0,100.0,3300.0,0.46,16229.0,10656.0,1196.9,0.1,290720.0,287700.0,11.25
28.0,100.0,3299.999,0.46,16371.0,10584.0,1191.7,0.1,290720.0,287700.0,11.25
29.0,100.0,3299.999,0.46,16263.0,10656.0,1194.2,0.1,290720.0,287700.0,11.25
30.0,100.0,3299.999,0.46,16388.0,10584.0,1184.1,0.1,290720.0,287700.0,11.25
31.0,100.0,3299.999,0.46,16390.0,10728.0,1186.9,0.1,290720.0,287700.0,11.25
32.0,100.0,3300.0,0.46,16273.0,10728.0,1173.4,0.1,290720.0,287700.0,11.25
33.0,100.0,3299.999,0.46,16308.0,10728.0,1185.8,0.1,290720.0,287700.0,11.25
34.0,100.0,3299.999,0.38,12667.0,10800.0,940.6,0.1,290720.0,287700.0,11.25
35.0,100.0,3299.999,0.44,15517.0,10728.0,1149.2,0.1,290720.0,287700.0,11.25
36.0,100.0,3299.999,0.46,16326.0,10656.0,1197.6,0.1,290720.0,287700.0,11.25
37.0,100.0,3299.999,0.46,16322.0,10944.0,1208.5,0.1,290720.0,287700.0,11.25
38.0,100.0,3299.999,0.46,16385.0,10728.0,1187.6,0.1,290720.0,287700.0,11.25
39.0,100.0,3300.003,0.46,16282.0,10440.0,1185.2,0.1,290720.0,287700.0,11.25
