time,CPU_Utilization,Frequency,IPC,Misses,LLC,MBL,Memory_Footprint,Virt_Memory,Res_Memory,Allocated_Cache
0.0,93.3,3300.0,2.37,8.0,0.0,0.7,0.1,250868.0,245364.0,22.5
1.0,100.0,3300.0,1.66,9344.0,23184.0,1169.2,0.1,289436.0,286688.0,22.5
2.0,93.8,3300.0,0.85,9214.0,22464.0,793.1,0.1,301476.0,297248.0,22.5
3.0,100.0,3299.999,0.8,7526.0,22176.0,723.2,0.1,290720.0,287700.0,22.5
4.0,100.0,3300.001,0.64,1265.0,20232.0,105.8,0.1,290720.0,287700.0,22.5
5.0,100.0,3300.0,0.64,1303.0,19944.0,111.7,0.1,290720.0,287700.0,22.5
6.0,100.0,3299.999,0.65,1299.0,19512.0,110.3,0.1,290720.0,287700.0,22.5
7.0,100.0,3299.999,0.64,1237.0,19872.0,104.8,0.1,290720.0,287700.0,22.5
8.0,100.0,3300.001,0.64,1352.0,19872.0,103.7,0.1,290720.0,287700.0,22.5
9.0,100.0,3300.0,0.64,1319.0,19152.0,106.1,0.1,290720.0,287700.0,22.5
10.0,100.0,3299.999,0.64,1430.0,19728.0,121.6,0.1,290720.0,287700.0,22.5
11.0,100.0,3300.0,0.65,1246.0,20088.0,98.4,0.1,290720.0,287700.0,22.5
12.0,100.0,3300.0,0.64,1360.0,19728.0,104.8,0.1,290720.0,287700.0,22.5
13.0,93.8,3300.0,0.64,1205.0,19872.0,101.5,0.1,290720.0,287700.0,22.5
14.0,100.0,3299.999,0.64,1217.0,19872.0,105.2,0.1,290720.0,287700.0,22.5
15.0,100.0,3299.999,0.64,1278.0,19944.0,106.5,0.1,290720.0,287700.0,22.5
16.0,100.0,3300.0,0.64,1260.0,19584.0,105.3,0.1,290720.0,287700.0,22.5
17.0,100.0,3299.999,0.64,1397.0,19512.0,117.4,0.1,290720.0,287700.0,22.5
18.0,93.8,3300.0,0.64,1292.0,19872.0,98.4,0.1,290720.0,287700.0,22.5
19.0,100.0,3300.0,0.64,1207.0,19728.0,107.6,0.1,290720.0,287700.0,22.5
20.0,100.0,3300.0,0.64,1319.0,20376.0,111.9,0.1,290720.0,287700.0,22.5
21.0,100.0,3299.999,0.64,1380.0,19800.0,114.0,0.1,290720.0,287700.0,22.5
22.0,100.0,3300.0,0.64,1901.0,21816.0,159.9,0.1,290720.0,287780.0,22.5
23.0,100.0,3300.0,0.65,2274.0,15912.0,108.9,0.1,290720.0,287780.0,22.5
24.0,100.0,3300.0,0.65,2211.0,16920.0,100.3,0.1,290720.0,287780.0,22.5
25.0,100.0,3299.999,0.65,2195.0,16632.0,97.9,0.1,290720.0,287780.0,22.5
26.0,100.0,3300.0,0.6,2103.0,17280.0,85.4,0.1,290720.0,287780.0,22.5
27.0,100.0,3299.999,0.66,2206.0,16200.0,68.6,0.1,290720.0,287780.0,22.5
28.0,100.0,3300.0,0.65,2160.0,16416.0,62.2,0.1,290720.0,287780.0,22.5
29.0,100.0,3299.999,0.66,2197.0,16848.0,63.9,0.1,290720.0,287780.0,22.5
30.0,100.0,3299.999,0.66,2162.0,17064.0,65.8,0.1,290720.0,287780.0,22.5
31.0,100.0,3300.0,0.66,2137.0,16704.0,62.7,0.1,290720.0,287780.0,22.5
32.0,100.0,3299.999,0.66,2154.0,16488.0,66.7,0.1,290720.0,287780.0,22.5
33.0,100.0,3300.0,0.66,2151.0,16632.0,74.1,0.1,290720.0,287780.0,22.5
34.0,100.0,3299.999,0.66,2163.0,16056.0,66.2,0.1,290720.0,287780.0,22.5
35.0,100.0,3300.0,0.66,2151.0,16272.0,61.8,0.1,290720.0,287780.0,22.5
36.0,100.0,3285.243,0.66,2166.0,16776.0,64.8,0.1,290720.0,287780.0,22.5
37.0,100.0,3299.999,0.66,2146.0,16416.0,74.8,0.1,290720.0,287780.0,22.5
38.0,100.0,3300.0,0.67,2236.0,16776.0,85.1,0.0,32132.0,29692.0,22.5
39.0,100.0,3300.0,1.86,1424.0,20808.0,179.6,0.0,32612.0,30220.0,22.5
