time,CPU_Utilization,Frequency,IPC,Misses,LLC,MBL,Memory_Footprint,Virt_Memory,Res_Memory,Allocated_Cache
0.0,93.3,3300.0,2.37,7.0,0.0,0.6,0.1,252056.0,248084.0,6.75
1.0,100.0,3299.999,1.65,11117.0,8640.0,1296.0,0.1,289436.0,286768.0,6.75
2.0,100.0,3300.0,0.81,14189.0,6696.0,1235.8,0.1,301476.0,296864.0,6.75
3.0,100.0,3300.0,0.78,11293.0,5688.0,1071.4,0.1,290720.0,287780.0,6.75
4.0,100.0,3299.999,0.61,5090.0,6336.0,480.5,0.1,290720.0,287780.0,6.75
5.0,100.0,3299.999,0.61,4658.0,6264.0,426.4,0.1,290720.0,287780.0,6.75
6.0,100.0,3299.999,0.61,5136.0,6408.0,464.6,0.1,290720.0,287780.0,6.75
7.0,100.0,3300.001,0.61,4935.0,6624.0,443.0,0.1,290720.0,287780.0,6.75
8.0,100.0,3299.999,0.61,4994.0,6480.0,433.9,0.1,290720.0,287780.0,6.75
9.0,93.3,3300.0,0.61,4850.0,6552.0,452.5,0.1,290720.0,287780.0,6.75
10.0,100.0,3300.0,0.62,4862.0,6768.0,453.9,0.1,290720.0,287780.0,6.75
11.0,100.0,3300.0,0.61,4661.0,6624.0,457.0,0.1,290720.0,287780.0,6.75
12.0,100.0,3299.999,0.61,4846.0,6264.0,451.3,0.1,290720.0,287780.0,6.75
13.0,100.0,3300.0,0.61,5049.0,6264.0,438.5,0.1,290720.0,287780.0,6.75
14.0,100.0,3300.0,0.61,4769.0,6336.0,435.9,0.1,290720.0,287780.0,6.75
15.0,100.0,3299.999,0.61,4522.0,6624.0,439.7,0.1,290720.0,287780.0,6.75
16.0,100.0,3300.0,0.61,4921.0,5976.0,438.4,0.1,290720.0,287780.0,6.75
17.0,100.0,3299.999,0.61,4699.0,6048.0,411.3,0.1,290720.0,287780.0,6.75
18.0,93.8,3300.0,0.61,5153.0,6336.0,445.1,0.1,290720.0,287780.0,6.75
19.0,100.0,3300.0,0.61,4922.0,5976.0,472.5,0.1,290720.0,287780.0,6.75
20.0,100.0,3299.999,0.62,4779.0,6480.0,438.9,0.1,290720.0,287780.0,6.75
21.0,100.0,3300.0,0.61,4897.0,6048.0,460.5,0.1,290720.0,287780.0,6.75
22.0,100.0,3299.999,0.61,4933.0,6264.0,461.1,0.1,290720.0,287780.0,6.75
23.0,100.0,3299.999,0.61,4935.0,6336.0,439.7,0.1,290720.0,287780.0,6.75
24.0,100.0,3300.0,0.38,23539.0,6408.0,2224.9,0.1,290720.0,287780.0,6.75
25.0,100.0,3299.999,0.36,24818.0,5904.0,2361.9,0.1,290720.0,287780.0,6.75
26.0,100.0,3300.0,0.36,24589.0,6480.0,2311.1,0.1,290720.0,287780.0,6.75
27.0,100.0,3300.0,0.36,24758.0,6408.0,2326.0,0.1,290720.0,287780.0,6.75
28.0,100.0,3300.0,0.34,22307.0,5760.0,2104.3,0.1,290720.0,287780.0,6.75
29.0,100.0,3299.999,0.36,24532.0,6552.0,2287.8,0.1,290720.0,287780.0,6.75
30.0,100.0,3299.999,0.36,24507.0,5760.0,2262.6,0.1,290720.0,287780.0,6.75
31.0,100.0,3300.0,0.36,24473.0,6480.0,2299.1,0.1,290720.0,287780.0,6.75
32.0,100.0,3300.0,0.36,24562.0,6624.0,2289.9,0.1,290720.0,287780.0,6.75
33.0,100.0,3300.0,0.36,24732.0,5832.0,2319.4,0.1,290720.0,287780.0,6.75
34.0,100.0,3299.999,0.37,24684.0,6336.0,2305.7,0.1,290720.0,287780.0,6.75
35.0,100.0,3300.0,0.36,24509.0,6552.0,2284.7,0.1,290720.0,287780.0,6.75
36.0,100.0,3300.0,0.36,24521.0,6336.0,2283.6,0.1,290720.0,287780.0,6.75
37.0,100.0,3300.0,0.36,24610.0,6408.0,2304.4,0.1,290720.0,287780.0,6.75
38.0,100.0,3300.0,0.36,24327.0,6408.0,2270.9,0.1,290720.0,287780.0,6.75
39.0,100.0,3299.999,0.36,24703.0,6552.0,2335.6,0.1,290720.0,287780.0,6.75
