time,CPU_Utilization,Frequency,IPC,Misses,LLC,MBL,Memory_Footprint,Virt_Memory,Res_Memory,Allocated_Cache
0.0,100.0,3299.999,2.6,5.0,0.0,0.1,0.1,256412.0,251216.0,20.25
1.0,100.0,3299.999,1.63,9623.0,20592.0,1189.5,0.1,292068.0,288628.0,20.25
2.0,100.0,3300.0,0.85,9523.0,20016.0,856.3,0.1,290720.0,287692.0,20.25
3.0,100.0,3299.999,0.79,7930.0,19872.0,756.6,0.1,290720.0,287692.0,20.25
4.0,100.0,3300.0,0.64,1549.0,18144.0,106.4,0.1,290720.0,287692.0,20.25
5.0,93.8,3300.0,0.64,1583.0,18072.0,123.5,0.1,290720.0,287692.0,20.25
6.0,100.0,3299.999,0.64,1593.0,18144.0,109.7,0.1,290720.0,287692.0,20.25
7.0,93.8,3300.0,0.64,1492.0,17064.0,101.5,0.1,290720.0,287692.0,20.25
8.0,100.0,3299.999,0.64,1596.0,17928.0,114.4,0.1,290720.0,287692.0,20.25
9.0,100.0,3299.999,0.64,1498.0,18072.0,115.9,0.1,290720.0,287692.0,20.25
10.0,100.0,3300.0,0.64,1801.0,18072.0,143.6,0.1,290720.0,287692.0,20.25
11.0,100.0,3300.0,0.65,1382.0,18072.0,102.1,0.1,290720.0,287692.0,20.25
12.0,100.0,3299.999,0.64,1589.0,18576.0,120.7,0.1,290720.0,287692.0,20.25
13.0,100.0,3299.999,0.64,1533.0,18288.0,119.2,0.1,290720.0,287692.0,20.25
14.0,100.0,3299.999,0.64,1480.0,19008.0,114.2,0.1,290720.0,287692.0,20.25
15.0,100.0,3299.999,0.64,1476.0,17712.0,119.0,0.1,290720.0,287692.0,20.25
16.0,100.0,3299.999,0.64,1468.0,18288.0,100.3,0.1,290720.0,287692.0,20.25
17.0,100.0,3300.0,0.64,1732.0,18576.0,142.1,0.1,290720.0,287692.0,20.25
18.0,100.0,3299.999,0.64,1630.0,18144.0,120.1,0.1,290720.0,287692.0,20.25
19.0,100.0,3300.001,0.64,1427.0,18216.0,107.0,0.1,290720.0,287692.0,20.25
20.0,100.0,3300.0,0.64,1531.0,18936.0,126.8,0.1,290720.0,287692.0,20.25
21.0,100.0,3300.0,0.64,1622.0,18864.0,140.6,0.1,290720.0,287692.0,20.25
22.0,100.0,3299.999,0.64,1533.0,18072.0,110.4,0.1,290720.0,287692.0,20.25
23.0,100.0,3299.999,0.61,4071.0,16992.0,122.5,0.1,290720.0,287692.0,20.25
24.0,93.8,3300.0,0.61,3577.0,16704.0,70.0,0.1,290720.0,287692.0,20.25
25.0,100.0,3299.999,0.62,3521.0,16920.0,67.9,0.1,290720.0,287692.0,20.25
26.0,100.0,3300.0,0.62,3606.0,16056.0,60.3,0.1,290720.0,287692.0,20.25
27.0,100.0,3299.999,0.62,3534.0,16560.0,63.4,0.1,290720.0,287692.0,20.25
28.0,100.0,3299.999,0.61,3562.0,16632.0,71.1,0.1,290720.0,287692.0,20.25
29.0,100.0,3299.999,0.62,3559.0,16272.0,69.8,0.1,290720.0,287692.0,20.25
30.0,100.0,3300.0,0.62,3545.0,16992.0,57.4,0.1,290720.0,287692.0,20.25
31.0,100.0,3300.0,0.62,3467.0,16848.0,59.5,0.1,290720.0,287692.0,20.25
32.0,100.0,3300.0,0.62,3555.0,17208.0,64.6,0.1,290720.0,287692.0,20.25
33.0,100.0,3300.0,0.62,3503.0,16416.0,62.7,0.1,290720.0,287692.0,20.25
34.0,100.0,3299.999,0.62,3600.0,16992.0,65.3,0.1,290720.0,287692.0,20.25
35.0,100.0,3300.0,0.62,3580.0,17064.0,66.6,0.1,290720.0,287692.0,20.25
36.0,100.0,3299.999,0.62,3523.0,16560.0,66.5,0.1,290720.0,287692.0,20.25
37.0,100.0,3299.999,0.61,3494.0,17064.0,59.3,0.1,290720.0,287692.0,20.25
38.0,100.0,3300.0,0.62,3519.0,16920.0,68.5,0.1,290720.0,287692.0,20.25
39.0,100.0,3299.999,0.59,3284.0,16200.0,61.6,0.0,32132.0,29684.0,20.25
