time,CPU_Utilization,Frequency,IPC,Misses,LLC,MBL,Memory_Footprint,Virt_Memory,Res_Memory,Allocated_Cache
0.0,100.0,3300.0,1.37,0.0,0.0,0.0,0.0,4892.0,3732.0,2.25
1.0,100.0,3299.999,1.38,513.0,216.0,38.0,0.0,5348.0,4120.0,2.25
2.0,100.0,3299.999,1.38,690.0,576.0,57.9,0.0,5348.0,4120.0,2.25
3.0,100.0,3300.0,1.38,715.0,1008.0,59.6,0.0,5348.0,4120.0,2.25
4.0,100.0,3299.999,1.38,617.0,504.0,49.4,0.0,5348.0,4120.0,2.25
5.0,100.0,3300.0,1.38,692.0,504.0,56.5,0.0,5348.0,4120.0,2.25
6.0,100.0,3299.999,1.38,598.0,432.0,49.1,0.0,5348.0,4120.0,2.25
7.0,100.0,3299.999,1.38,648.0,504.0,47.8,0.0,5492.0,4292.0,2.25
8.0,100.0,3300.0,1.38,647.0,432.0,48.4,0.0,5492.0,4292.0,2.25
9.0,100.0,3299.999,1.38,639.0,504.0,49.4,0.0,5492.0,4292.0,2.25
10.0,100.0,3300.0,1.38,621.0,288.0,48.0,0.0,5492.0,4292.0,2.25
11.0,100.0,3299.999,1.38,633.0,720.0,50.4,0.0,5492.0,4292.0,2.25
12.0,100.0,3299.999,1.38,683.0,432.0,51.8,0.0,5492.0,4292.0,2.25
13.0,100.0,3300.0,1.38,692.0,432.0,52.7,0.0,5492.0,4292.0,2.25
14.0,100.0,3300.0,1.38,599.0,288.0,45.8,0.0,5492.0,4292.0,2.25
15.0,100.0,3300.0,1.38,632.0,360.0,49.7,0.0,5492.0,4292.0,2.25
16.0,100.0,3299.999,1.38,644.0,288.0,50.1,0.0,5492.0,4292.0,2.25
17.0,100.0,3300.0,1.38,642.0,360.0,48.7,0.0,5492.0,4292.0,2.25
18.0,100.0,3299.999,1.38,574.0,432.0,45.1,0.0,5492.0,4292.0,2.25
19.0,93.8,3300.0,1.38,545.0,432.0,41.5,0.0,5492.0,4292.0,2.25
20.0,100.0,3300.0,1.38,640.0,504.0,49.3,0.0,5492.0,4292.0,2.25
21.0,100.0,3299.999,1.38,710.0,576.0,60.0,0.0,5492.0,4292.0,2.25
22.0,100.0,3299.999,1.38,624.0,432.0,46.2,0.0,5492.0,4292.0,2.25
23.0,100.0,3299.999,1.38,606.0,504.0,47.0,0.0,5492.0,4292.0,2.25
24.0,100.0,3299.999,1.38,577.0,288.0,45.7,0.0,5492.0,4292.0,2.25
25.0,100.0,3299.999,1.38,633.0,432.0,49.8,0.0,5492.0,4292.0,2.25
26.0,100.0,3300.002,1.38,629.0,360.0,48.5,0.0,5492.0,4292.0,2.25
27.0,100.0,3300.0,1.38,622.0,504.0,52.5,0.0,5492.0,4292.0,2.25
28.0,100.0,3300.001,1.38,617.0,216.0,41.6,0.0,5492.0,4292.0,2.25
29.0,100.0,3299.999,1.38,661.0,432.0,50.0,0.0,5492.0,4292.0,2.25
30.0,100.0,3300.0,1.38,631.0,360.0,52.0,0.0,5492.0,4292.0,2.25
31.0,100.0,3299.999,1.38,551.0,576.0,43.6,0.0,5492.0,4292.0,2.25
32.0,100.0,3300.0,1.38,568.0,576.0,48.4,0.0,5492.0,4292.0,2.25
33.0,100.0,3300.0,1.38,590.0,360.0,45.3,0.0,5492.0,4292.0,2.25
34.0,100.0,3299.999,1.38,654.0,576.0,51.6,0.0,5492.0,4292.0,2.25
35.0,100.0,3300.0,1.38,632.0,432.0,48.1,0.0,5492.0,4292.0,2.25
36.0,100.0,3299.999,1.38,634.0,432.0,47.5,0.0,5492.0,4292.0,2.25
37.0,100.0,3299.999,1.38,616.0,360.0,44.9,0.0,5492.0,4292.0,2.25
38.0,100.0,3299.999,1.38,654.0,216.0,46.8,0.0,5492.0,4292.0,2.25
39.0,100.0,3300.0,1.38,647.0,792.0,49.9,0.0,5492.0,4292.0,2.25
