time,CPU_Utilization,Frequency,IPC,Misses,LLC,MBL,Memory_Footprint,Virt_Memory,Res_Memory,Allocated_Cache
0.0,100.0,3299.999,1.36,0.0,0.0,0.0,0.0,4892.0,3672.0,20.25
1.0,100.0,3300.0,1.38,28.0,648.0,0.7,0.0,5348.0,4060.0,20.25
2.0,100.0,3299.999,1.38,31.0,864.0,1.4,0.0,5348.0,4060.0,20.25
3.0,100.0,3300.0,1.38,25.0,720.0,0.5,0.0,5348.0,4060.0,20.25
4.0,100.0,3299.999,1.38,28.0,720.0,0.4,0.0,5348.0,4060.0,20.25
5.0,100.0,3299.999,1.38,27.0,792.0,1.2,0.0,5348.0,4060.0,20.25
6.0,100.0,3299.999,1.38,27.0,576.0,0.4,0.0,5348.0,4060.0,20.25
7.0,100.0,3300.0,1.38,27.0,720.0,0.4,0.0,5492.0,4232.0,20.25
8.0,100.0,3299.999,1.38,34.0,648.0,1.6,0.0,5492.0,4232.0,20.25
9.0,100.0,3300.0,1.38,30.0,792.0,0.8,0.0,5492.0,4232.0,20.25
10.0,100.0,3300.0,1.38,25.0,432.0,0.4,0.0,5492.0,4232.0,20.25
11.0,100.0,3300.0,1.38,30.0,648.0,0.9,0.0,5492.0,4232.0,20.25
12.0,100.0,3299.999,1.38,30.0,576.0,1.1,0.0,5492.0,4232.0,20.25
13.0,100.0,3299.999,1.38,30.0,792.0,0.8,0.0,5492.0,4232.0,20.25
14.0,93.8,3299.999,1.38,28.0,936.0,1.3,0.0,5492.0,4232.0,20.25
15.0,100.0,3300.0,1.38,25.0,648.0,0.9,0.0,5492.0,4232.0,20.25
16.0,100.0,3300.0,1.38,28.0,1008.0,1.3,0.0,5492.0,4232.0,20.25
17.0,100.0,3299.999,1.38,27.0,792.0,0.7,0.0,5492.0,4232.0,20.25
18.0,100.0,3300.0,1.38,26.0,720.0,0.5,0.0,5492.0,4232.0,20.25
19.0,100.0,3300.0,1.38,28.0,864.0,0.8,0.0,5492.0,4232.0,20.25
20.0,100.0,3300.0,1.38,25.0,576.0,0.6,0.0,5492.0,4232.0,20.25
21.0,100.0,3299.999,1.38,35.0,720.0,1.7,0.0,5492.0,4232.0,20.25
22.0,93.8,3300.0,1.38,26.0,576.0,1.1,0.0,5492.0,4232.0,20.25
23.0,100.0,3300.0,1.38,26.0,648.0,0.6,0.0,5492.0,4232.0,20.25
24.0,100.0,3299.999,1.38,25.0,720.0,0.3,0.0,5492.0,4232.0,20.25
25.0,100.0,3299.999,1.38,33.0,1224.0,1.3,0.0,5492.0,4232.0,20.25
26.0,100.0,3300.001,1.38,25.0,432.0,1.1,0.0,5492.0,4232.0,20.25
27.0,100.0,3299.999,1.38,25.0,432.0,0.1,0.0,5492.0,4232.0,20.25
28.0,100.0,3299.999,1.38,29.0,648.0,1.1,0.0,5492.0,4232.0,20.25
29.0,100.0,3300.0,1.38,33.0,576.0,1.8,0.0,5492.0,4232.0,20.25
30.0,100.0,3299.999,1.38,24.0,432.0,0.4,0.0,5492.0,4232.0,20.25
31.0,100.0,3299.999,1.38,30.0,504.0,0.5,0.0,5492.0,4232.0,20.25
32.0,100.0,3300.0,1.38,27.0,360.0,0.8,0.0,5492.0,4232.0,20.25
33.0,100.0,3299.999,1.38,30.0,648.0,0.7,0.0,5492.0,4232.0,20.25
34.0,100.0,3300.0,1.38,30.0,504.0,1.1,0.0,5492.0,4232.0,20.25
35.0,100.0,3300.0,1.38,30.0,504.0,1.3,0.0,5492.0,4232.0,20.25
36.0,100.0,3299.999,1.38,28.0,792.0,0.8,0.0,5492.0,4232.0,20.25
37.0,100.0,3300.001,1.38,27.0,648.0,0.7,0.0,5492.0,4232.0,20.25
38.0,100.0,3300.0,1.38,36.0,1008.0,2.2,0.0,5492.0,4232.0,20.25
39.0,100.0,3299.999,1.38,24.0,576.0,0.6,0.0,5492.0,4232.0,20.25
