time,CPU_Utilization,Frequency,IPC,Misses,LLC,MBL,Memory_Footprint,Virt_Memory,Res_Memory,Allocated_Cache
0.0,100.0,3299.999,1.37,0.0,0.0,0.0,0.0,4892.0,3564.0,24.75
0.0,93.8,3299.999,1.37,0.0,0.0,0.0,0.0,4892.0,3564.0,24.75
1.0,100.0,3299.999,1.38,30.0,864.0,0.9,0.0,5348.0,3952.0,24.75
2.0,93.8,3299.999,1.38,23.0,1152.0,0.6,0.0,5348.0,3952.0,24.75
3.0,100.0,3300.0,1.38,20.0,1224.0,0.2,0.0,5348.0,3952.0,24.75
4.0,100.0,3300.0,1.38,21.0,1224.0,0.5,0.0,5348.0,3952.0,24.75
5.0,100.0,3300.0,1.38,22.0,1224.0,0.4,0.0,5348.0,3952.0,24.75
6.0,100.0,3299.999,1.38,20.0,1368.0,0.3,0.0,5348.0,3952.0,24.75
7.0,100.0,3300.0,1.38,21.0,1152.0,0.4,0.0,5492.0,4124.0,24.75
8.0,100.0,3300.0,1.38,25.0,1368.0,0.5,0.0,5492.0,4124.0,24.75
9.0,100.0,3299.999,1.38,21.0,1368.0,0.5,0.0,5492.0,4124.0,24.75
10.0,100.0,3300.0,1.38,18.0,1224.0,0.1,0.0,5492.0,4124.0,24.75
11.0,100.0,3299.999,1.38,23.0,1512.0,0.5,0.0,5492.0,4124.0,24.75
12.0,100.0,3300.0,1.38,20.0,1224.0,0.2,0.0,5492.0,4124.0,24.75
13.0,100.0,3300.0,1.38,22.0,1224.0,0.4,0.0,5492.0,4124.0,24.75
14.0,100.0,3299.999,1.38,21.0,1296.0,0.8,0.0,5492.0,4124.0,24.75
15.0,100.0,3300.0,1.38,20.0,936.0,0.1,0.0,5492.0,4124.0,24.75
16.0,100.0,3299.999,1.38,21.0,1224.0,0.6,0.0,5492.0,4124.0,24.75
17.0,100.0,3300.0,1.38,21.0,1008.0,0.4,0.0,5492.0,4124.0,24.75
18.0,100.0,3300.0,1.38,20.0,1008.0,0.4,0.0,5492.0,4124.0,24.75
19.0,100.0,3299.999,1.38,21.0,1008.0,0.6,0.0,5492.0,4124.0,24.75
20.0,100.0,3299.999,1.38,18.0,1224.0,0.1,0.0,5492.0,4124.0,24.75
21.0,100.0,3299.999,1.38,28.0,1224.0,1.3,0.0,5492.0,4124.0,24.75
22.0,100.0,3300.0,1.38,21.0,1224.0,1.1,0.0,5492.0,4124.0,24.75
23.0,100.0,3300.0,1.38,19.0,1224.0,0.5,0.0,5492.0,4124.0,24.75
24.0,93.8,3300.0,1.38,19.0,576.0,0.4,0.0,5492.0,4124.0,24.75
25.0,93.8,3299.999,1.38,26.0,1008.0,1.9,0.0,5492.0,4124.0,24.75
26.0,100.0,3300.0,1.38,20.0,1080.0,1.2,0.0,5492.0,4124.0,24.75
27.0,93.8,3299.999,1.38,18.0,1080.0,0.1,0.0,5492.0,4124.0,24.75
28.0,93.8,3300.0,1.38,20.0,1152.0,0.2,0.0,5492.0,4124.0,24.75
29.0,100.0,3300.0,1.38,21.0,1152.0,0.4,0.0,5492.0,4124.0,24.75
30.0,100.0,3299.999,1.38,18.0,1152.0,0.0,0.0,5492.0,4124.0,24.75
31.0,100.0,3300.0,1.38,21.0,1224.0,0.2,0.0,5492.0,4124.0,24.75
32.0,100.0,3299.999,1.38,20.0,1008.0,0.1,0.0,5492.0,4124.0,24.75
33.0,100.0,3300.0,1.38,21.0,1008.0,0.1,0.0,5492.0,4124.0,24.75
34.0,100.0,3299.999,1.38,20.0,1296.0,0.2,0.0,5492.0,4124.0,24.75
35.0,100.0,3300.0,1.38,26.0,936.0,1.3,0.0,5492.0,4124.0,24.75
36.0,100.0,3299.999,1.38,20.0,1080.0,0.4,0.0,5492.0,4124.0,24.75
37.0,100.0,3299.999,1.38,21.0,936.0,0.3,0.0,5492.0,4124.0,24.75
38.0,100.0,3299.999,1.38,28.0,1224.0,1.4,0.0,5492.0,4124.0,24.75
39.0,100.0,3300.0,1.38,20.0,1296.0,0.1,0.0,5492.0,4124.0,24.75
40.0,100.0,3299.999,1.38,19.0,1296.0,0.2,0.0,5492.0,4124.0,24.75
41.0,100.0,3300.0,1.38,21.0,1080.0,0.1,0.0,5492.0,4124.0,24.75
42.0,100.0,3300.0,1.38,19.0,1008.0,0.5,0.0,5492.0,4124.0,24.75
43.0,100.0,3299.999,1.38,21.0,1152.0,0.6,0.0,5492.0,4124.0,24.75
44.0,100.0,3299.999,1.38,19.0,1296.0,0.1,0.0,5492.0,4124.0,24.75
45.0,100.0,3299.999,1.38,25.0,1080.0,0.6,0.0,5492.0,4124.0,24.75
46.0,100.0,3300.0,1.38,20.0,1224.0,0.4,0.0,5492.0,4124.0,24.75
47.0,100.0,3300.0,1.38,23.0,1152.0,0.6,0.0,5492.0,4124.0,24.75
48.0,100.0,3299.999,1.38,19.0,1224.0,0.1,0.0,5492.0,4124.0,24.75
49.0,100.0,3300.0,1.38,23.0,1080.0,0.4,0.0,5768.0,4532.0,24.75
50.0,100.0,3299.999,1.38,31.0,1440.0,1.6,0.0,5768.0,4532.0,24.75
51.0,100.0,3300.0,1.38,19.0,1296.0,0.3,0.0,5768.0,4532.0,24.75
52.0,100.0,3299.999,1.38,20.0,1368.0,0.1,0.0,5768.0,4532.0,24.75
53.0,100.0,3300.0,1.38,22.0,1368.0,0.6,0.0,5768.0,4532.0,24.75
54.0,100.0,3299.999,1.38,19.0,1296.0,0.2,0.0,5768.0,4532.0,24.75
55.0,100.0,3300.0,1.38,21.0,1440.0,0.7,0.0,5768.0,4532.0,24.75
56.0,100.0,3300.0,1.38,20.0,1296.0,0.7,0.0,5768.0,4532.0,24.75
57.0,100.0,3299.999,1.38,21.0,1368.0,0.1,0.0,5768.0,4532.0,24.75
58.0,100.0,3300.0,1.38,21.0,1368.0,0.1,0.0,5768.0,4532.0,24.75
59.0,100.0,3300.0,1.38,20.0,1440.0,0.1,0.0,5768.0,4532.0,24.75
60.0,100.0,3300.0,1.38,20.0,1440.0,0.1,0.0,5768.0,4532.0,24.75
61.0,100.0,3300.0,1.38,23.0,1656.0,0.2,0.0,5768.0,4532.0,24.75
62.0,100.0,3300.0,1.38,20.0,1368.0,0.1,0.0,5768.0,4532.0,24.75
63.0,100.0,3299.999,1.38,21.0,1440.0,0.1,0.0,5768.0,4532.0,24.75
64.0,100.0,3299.999,1.38,18.0,1440.0,0.1,0.0,5768.0,4532.0,24.75
65.0,100.0,3299.999,1.38,20.0,1152.0,0.1,0.0,5768.0,4532.0,24.75
66.0,100.0,3300.0,1.38,20.0,1080.0,0.5,0.0,5768.0,4532.0,24.75
67.0,100.0,3299.999,1.38,22.0,1368.0,0.2,0.0,5768.0,4532.0,24.75
68.0,100.0,3300.0,1.38,19.0,1368.0,0.1,0.0,5768.0,4532.0,24.75
69.0,100.0,3299.999,1.38,22.0,1152.0,0.1,0.0,5768.0,4532.0,24.75
70.0,100.0,3299.999,1.38,24.0,1296.0,0.4,0.0,5768.0,4532.0,24.75
71.0,100.0,3299.999,1.38,20.0,1224.0,0.3,0.0,5768.0,4532.0,24.75
72.0,100.0,3300.0,1.38,19.0,1224.0,0.3,0.0,5768.0,4532.0,24.75
73.0,100.0,3299.999,1.38,21.0,1152.0,0.4,0.0,5768.0,4532.0,24.75
74.0,100.0,3299.999,1.38,20.0,1080.0,0.4,0.0,5768.0,4532.0,24.75
75.0,100.0,3299.999,1.38,21.0,1224.0,0.4,0.0,5768.0,4532.0,24.75
76.0,100.0,3300.0,1.38,19.0,1440.0,0.5,0.0,5768.0,4532.0,24.75
77.0,100.0,3300.0,1.38,20.0,1224.0,0.1,0.0,5768.0,4532.0,24.75
78.0,93.8,3300.0,1.38,19.0,1080.0,0.2,0.0,5768.0,4532.0,24.75
79.0,100.0,3299.999,1.38,19.0,864.0,0.3,0.0,5768.0,4532.0,24.75
80.0,100.0,3299.999,1.38,29.0,1368.0,1.5,0.0,5768.0,4532.0,24.75
81.0,100.0,3299.999,1.38,24.0,1224.0,0.4,0.0,5768.0,4532.0,24.75
82.0,100.0,3299.999,1.38,19.0,1440.0,0.1,0.0,5768.0,4532.0,24.75
83.0,100.0,3300.0,1.38,19.0,1224.0,0.2,0.0,5768.0,4532.0,24.75
84.0,100.0,3300.0,1.38,19.0,1584.0,0.5,0.0,5768.0,4532.0,24.75
85.0,100.0,3299.999,1.38,21.0,1224.0,0.1,0.0,5768.0,4532.0,24.75
86.0,100.0,3299.999,1.38,21.0,1296.0,0.6,0.0,5768.0,4532.0,24.75
87.0,100.0,3300.0,1.38,20.0,1440.0,0.4,0.0,5768.0,4532.0,24.75
88.0,100.0,3300.0,1.38,19.0,1224.0,0.2,0.0,5768.0,4532.0,24.75
89.0,100.0,3299.999,1.38,23.0,1296.0,0.1,0.0,5768.0,4532.0,24.75
90.0,100.0,3299.999,1.38,22.0,1368.0,0.1,0.0,5768.0,4532.0,24.75
91.0,93.8,3300.0,1.38,20.0,1296.0,0.1,0.0,5768.0,4532.0,24.75
92.0,93.8,3299.999,1.38,20.0,1296.0,0.2,0.0,5768.0,4532.0,24.75
93.0,93.8,3300.0,1.38,22.0,1296.0,0.2,0.0,5768.0,4532.0,24.75
94.0,100.0,3299.999,1.38,19.0,1296.0,0.0,0.0,5768.0,4532.0,24.75
95.0,100.0,3300.0,1.38,32.0,1152.0,1.6,0.0,5768.0,4532.0,24.75
96.0,100.0,3299.999,1.38,22.0,1440.0,0.1,0.0,5768.0,4532.0,24.75
97.0,100.0,3300.0,1.38,22.0,1224.0,0.4,0.0,5768.0,4532.0,24.75
98.0,100.0,3300.0,1.38,22.0,1224.0,0.4,0.0,5768.0,4532.0,24.75
99.0,100.0,3299.999,1.38,20.0,1224.0,0.4,0.0,5768.0,4532.0,24.75
100.0,100.0,3300.0,1.38,20.0,1080.0,0.4,0.0,5768.0,4532.0,24.75
101.0,100.0,3300.0,1.38,23.0,1224.0,0.6,0.0,5768.0,4532.0,24.75
102.0,100.0,3300.0,1.38,27.0,1368.0,0.5,0.0,5768.0,4532.0,24.75
103.0,100.0,3299.999,1.38,19.0,1440.0,0.1,0.0,5768.0,4532.0,24.75
104.0,100.0,3300.0,1.38,24.0,1224.0,0.0,0.0,5768.0,4532.0,24.75
105.0,100.0,3299.999,1.38,23.0,1224.0,0.1,0.0,5768.0,4532.0,24.75
106.0,100.0,3300.0,1.38,20.0,1008.0,0.5,0.0,5768.0,4532.0,24.75
107.0,100.0,3299.999,1.38,21.0,1296.0,1.1,0.0,5768.0,4532.0,24.75
108.0,100.0,3300.0,1.38,19.0,1368.0,0.2,0.0,5768.0,4532.0,24.75
109.0,100.0,3300.0,1.38,30.0,1296.0,0.5,0.0,5768.0,4532.0,24.75
110.0,100.0,3300.0,1.38,19.0,1440.0,0.1,0.0,5768.0,4532.0,24.75
111.0,100.0,3300.0,1.38,22.0,1296.0,0.2,0.0,5768.0,4532.0,24.75
112.0,100.0,3299.999,1.38,19.0,1368.0,0.0,0.0,5768.0,4532.0,24.75
113.0,100.0,3300.0,1.38,20.0,1080.0,0.5,0.0,5768.0,4532.0,24.75
114.0,100.0,3299.999,1.38,24.0,1080.0,0.8,0.0,5768.0,4532.0,24.75
115.0,100.0,3300.0,1.38,21.0,1080.0,0.6,0.0,5768.0,4532.0,24.75
116.0,100.0,3299.999,1.38,19.0,1080.0,0.4,0.0,5768.0,4532.0,24.75
117.0,100.0,3299.999,1.38,27.0,1080.0,1.6,0.0,5768.0,4532.0,24.75
118.0,100.0,3299.999,1.38,19.0,1152.0,0.3,0.0,5768.0,4532.0,24.75
119.0,100.0,3300.0,1.38,18.0,1224.0,0.2,0.0,5768.0,4532.0,24.75
120.0,100.0,3299.999,1.38,19.0,1224.0,0.2,0.0,5768.0,4532.0,24.75
121.0,100.0,3300.0,1.38,27.0,1224.0,1.1,0.0,5768.0,4532.0,24.75
122.0,100.0,3300.0,1.38,23.0,1224.0,0.7,0.0,5768.0,4532.0,24.75
123.0,100.0,3299.999,1.38,19.0,1152.0,0.1,0.0,5768.0,4532.0,24.75
124.0,100.0,3299.999,1.38,20.0,864.0,0.5,0.0,5768.0,4532.0,24.75
125.0,100.0,3300.001,1.38,24.0,1080.0,0.9,0.0,5768.0,4532.0,24.75
126.0,100.0,3299.999,1.38,20.0,1080.0,0.1,0.0,5768.0,4532.0,24.75
127.0,93.8,3299.999,1.38,22.0,1008.0,0.6,0.0,5768.0,4532.0,24.75
128.0,100.0,3300.0,1.38,19.0,1080.0,0.1,0.0,5768.0,4532.0,24.75
129.0,93.8,3299.999,1.38,24.0,1080.0,0.7,0.0,5768.0,4532.0,24.75
130.0,100.0,3300.0,1.38,20.0,1152.0,0.4,0.0,5768.0,4532.0,24.75
131.0,93.8,3299.999,1.38,24.0,1368.0,0.7,0.0,5768.0,4532.0,24.75
132.0,100.0,3299.999,1.38,21.0,1224.0,0.2,0.0,5768.0,4532.0,24.75
133.0,100.0,3300.0,1.38,21.0,1080.0,0.5,0.0,5768.0,4532.0,24.75
134.0,100.0,3300.0,1.38,24.0,1080.0,1.0,0.0,5768.0,4532.0,24.75
135.0,100.0,3299.999,1.38,19.0,1080.0,0.4,0.0,5768.0,4532.0,24.75
136.0,100.0,3300.0,1.38,24.0,1080.0,0.8,0.0,5768.0,4532.0,24.75
137.0,100.0,3300.0,1.38,25.0,1080.0,0.6,0.0,5768.0,4532.0,24.75
138.0,100.0,3299.999,1.38,22.0,1224.0,0.4,0.0,5768.0,4532.0,24.75
139.0,100.0,3299.999,1.38,19.0,1224.0,0.4,0.0,5768.0,4532.0,24.75
140.0,100.0,3300.0,1.38,20.0,1224.0,0.4,0.0,5768.0,4532.0,24.75
141.0,100.0,3299.999,1.38,20.0,1080.0,0.2,0.0,5768.0,4532.0,24.75
142.0,100.0,3300.0,1.38,20.0,1224.0,0.4,0.0,5768.0,4532.0,24.75
143.0,100.0,3299.999,1.38,20.0,1224.0,0.4,0.0,5768.0,4532.0,24.75
144.0,100.0,3299.999,1.38,22.0,1224.0,0.4,0.0,5768.0,4532.0,24.75
145.0,100.0,3299.999,1.38,19.0,1224.0,0.3,0.0,5768.0,4532.0,24.75
146.0,100.0,3300.0,1.38,21.0,1080.0,0.2,0.0,5768.0,4532.0,24.75
147.0,100.0,3300.0,1.38,22.0,1512.0,0.6,0.0,5768.0,4532.0,24.75
148.0,100.0,3299.999,1.38,18.0,1080.0,0.3,0.0,5768.0,4532.0,24.75
149.0,100.0,3300.0,1.38,21.0,1008.0,0.2,0.0,5768.0,4532.0,24.75
150.0,93.8,3300.0,1.38,21.0,1296.0,0.2,0.0,5768.0,4532.0,24.75
151.0,100.0,3299.999,1.38,22.0,1224.0,0.8,0.0,5768.0,4532.0,24.75
152.0,100.0,3299.999,1.38,20.0,1368.0,0.5,0.0,5768.0,4532.0,24.75
153.0,100.0,3299.999,1.38,19.0,1512.0,0.1,0.0,5768.0,4532.0,24.75
154.0,100.0,3300.0,1.38,22.0,1224.0,0.4,0.0,5768.0,4532.0,24.75
155.0,93.8,3300.0,1.38,18.0,1008.0,0.4,0.0,5768.0,4532.0,24.75
156.0,100.0,3299.999,1.38,18.0,1080.0,0.3,0.0,5768.0,4532.0,24.75
157.0,100.0,3300.0,1.38,21.0,1008.0,0.5,0.0,5768.0,4532.0,24.75
158.0,100.0,3299.999,1.38,22.0,936.0,0.5,0.0,5768.0,4532.0,24.75
159.0,100.0,3300.0,1.38,20.0,1152.0,0.6,0.0,5768.0,4532.0,24.75
160.0,100.0,3299.999,1.38,21.0,1152.0,0.4,0.0,5768.0,4532.0,24.75
161.0,100.0,3300.0,1.38,22.0,1080.0,0.6,0.0,5768.0,4532.0,24.75
162.0,100.0,3299.999,1.38,21.0,1152.0,0.2,0.0,5768.0,4532.0,24.75
163.0,100.0,3300.0,1.38,18.0,1224.0,0.2,0.0,5768.0,4532.0,24.75
164.0,100.0,3299.999,1.38,22.0,1080.0,0.9,0.0,5768.0,4532.0,24.75
165.0,100.0,3299.999,1.38,19.0,1152.0,0.1,0.0,5768.0,4532.0,24.75
166.0,100.0,3299.999,1.38,22.0,1152.0,0.3,0.0,5768.0,4532.0,24.75
167.0,100.0,3300.0,1.38,23.0,1080.0,0.2,0.0,5768.0,4532.0,24.75
168.0,100.0,3300.0,1.38,19.0,1080.0,1.2,0.0,5768.0,4532.0,24.75
169.0,100.0,3299.999,1.38,24.0,1080.0,0.6,0.0,5768.0,4532.0,24.75
170.0,93.8,3300.0,1.38,21.0,1080.0,0.4,0.0,5768.0,4532.0,24.75
171.0,100.0,3299.999,1.38,27.0,1152.0,1.3,0.0,5768.0,4532.0,24.75
172.0,100.0,3300.0,1.38,21.0,1152.0,0.4,0.0,5768.0,4532.0,24.75
173.0,100.0,3299.999,1.38,19.0,1080.0,0.4,0.0,5768.0,4532.0,24.75
174.0,100.0,3300.0,1.38,24.0,1656.0,0.7,0.0,5768.0,4532.0,24.75
175.0,100.0,3300.0,1.38,19.0,1152.0,0.1,0.0,5768.0,4532.0,24.75
176.0,100.0,3299.999,1.38,19.0,1080.0,0.1,0.0,5768.0,4532.0,24.75
177.0,100.0,3299.999,1.38,21.0,1296.0,0.1,0.0,5768.0,4532.0,24.75
178.0,100.0,3300.0,1.38,21.0,1008.0,0.1,0.0,5768.0,4532.0,24.75
179.0,100.0,3299.999,1.38,19.0,1080.0,0.1,0.0,5768.0,4532.0,24.75
180.0,100.0,3299.999,1.38,20.0,1008.0,0.5,0.0,5768.0,4532.0,24.75
181.0,93.8,3300.0,1.38,19.0,1224.0,0.1,0.0,5768.0,4532.0,24.75
182.0,100.0,3300.0,1.38,20.0,1224.0,0.1,0.0,5768.0,4532.0,24.75
183.0,100.0,3300.0,1.38,18.0,1008.0,1.1,0.0,5768.0,4532.0,24.75
184.0,100.0,3299.999,1.38,19.0,1080.0,0.2,0.0,5768.0,4532.0,24.75
185.0,100.0,3300.0,1.38,20.0,1080.0,0.6,0.0,5768.0,4532.0,24.75
186.0,100.0,3300.0,1.38,24.0,1224.0,0.6,0.0,5768.0,4532.0,24.75
187.0,100.0,3299.999,1.38,18.0,936.0,0.4,0.0,5768.0,4532.0,24.75
188.0,100.0,3300.0,1.38,21.0,936.0,0.4,0.0,5768.0,4532.0,24.75
189.0,100.0,3300.0,1.38,19.0,1080.0,0.1,0.0,5768.0,4532.0,24.75
190.0,100.0,3299.999,1.38,23.0,1152.0,0.4,0.0,5768.0,4532.0,24.75
191.0,100.0,3300.0,1.38,21.0,1224.0,0.1,0.0,5768.0,4532.0,24.75
192.0,100.0,3299.999,1.38,19.0,1224.0,0.0,0.0,5768.0,4532.0,24.75
193.0,100.0,3299.999,1.38,20.0,1152.0,0.4,0.0,5768.0,4532.0,24.75
194.0,100.0,3300.0,1.38,19.0,1152.0,0.5,0.0,5768.0,4532.0,24.75
195.0,100.0,3300.0,1.38,20.0,1368.0,0.3,0.0,5768.0,4532.0,24.75
196.0,100.0,3300.0,1.38,27.0,1008.0,1.2,0.0,5768.0,4532.0,24.75
197.0,100.0,3300.0,1.38,20.0,1152.0,0.1,0.0,5768.0,4532.0,24.75
198.0,100.0,3300.0,1.38,24.0,1152.0,0.2,0.0,5768.0,4532.0,24.75
199.0,100.0,3299.999,1.38,19.0,1080.0,0.1,0.0,5768.0,4532.0,24.75
200.0,93.8,3300.0,1.38,19.0,1008.0,0.1,0.0,5768.0,4532.0,24.75
201.0,93.8,3299.999,1.38,23.0,1008.0,0.4,0.0,5768.0,4532.0,24.75
202.0,100.0,3299.999,1.38,21.0,1152.0,0.4,0.0,5768.0,4532.0,24.75
203.0,100.0,3299.999,1.38,19.0,1080.0,0.4,0.0,5768.0,4532.0,24.75
204.0,100.0,3299.999,1.38,19.0,1296.0,0.1,0.0,5768.0,4532.0,24.75
205.0,100.0,3300.0,1.38,27.0,1368.0,0.9,0.0,5768.0,4532.0,24.75
206.0,100.0,3299.999,1.38,21.0,1296.0,0.3,0.0,5768.0,4532.0,24.75
207.0,100.0,3300.0,1.38,23.0,1368.0,0.8,0.0,5768.0,4532.0,24.75
208.0,100.0,3299.999,1.38,17.0,1152.0,0.1,0.0,5768.0,4532.0,24.75
209.0,100.0,3299.999,1.38,20.0,936.0,0.5,0.0,5768.0,4532.0,24.75
210.0,93.8,3300.0,1.38,22.0,1296.0,0.5,0.0,5768.0,4532.0,24.75
211.0,100.0,3299.999,1.38,19.0,1080.0,0.2,0.0,5768.0,4532.0,24.75
212.0,100.0,3300.001,1.38,19.0,1080.0,0.4,0.0,5768.0,4532.0,24.75
213.0,100.0,3299.999,1.38,21.0,1080.0,0.5,0.0,5768.0,4532.0,24.75
214.0,100.0,3299.999,1.38,21.0,1512.0,0.4,0.0,5768.0,4532.0,24.75
215.0,100.0,3300.0,1.38,23.0,1224.0,1.1,0.0,5768.0,4532.0,24.75
216.0,100.0,3300.0,1.38,20.0,1080.0,0.3,0.0,5768.0,4532.0,24.75
217.0,100.0,3300.0,1.38,24.0,1584.0,1.1,0.0,5768.0,4532.0,24.75
218.0,100.0,3299.999,1.38,20.0,1080.0,0.4,0.0,5768.0,4532.0,24.75
219.0,100.0,3299.999,1.38,22.0,1152.0,0.7,0.0,5768.0,4532.0,24.75
220.0,100.0,3300.0,1.38,21.0,1296.0,0.4,0.0,5768.0,4532.0,24.75
221.0,100.0,3299.999,1.38,20.0,1224.0,0.4,0.0,5768.0,4532.0,24.75
222.0,100.0,3299.999,1.38,21.0,1152.0,0.2,0.0,5768.0,4532.0,24.75
223.0,100.0,3300.0,1.38,19.0,1224.0,0.1,0.0,5768.0,4532.0,24.75
224.0,100.0,3300.0,1.38,19.0,1224.0,0.1,0.0,5768.0,4532.0,24.75
225.0,93.8,3299.999,1.38,24.0,1440.0,0.3,0.0,5768.0,4532.0,24.75
226.0,93.8,3299.999,1.38,22.0,1152.0,0.1,0.0,5768.0,4532.0,24.75
227.0,100.0,3300.0,1.38,19.0,1440.0,0.1,0.0,5768.0,4532.0,24.75
228.0,100.0,3299.999,1.38,18.0,1296.0,0.2,0.0,5768.0,4532.0,24.75
229.0,100.0,3300.0,1.38,24.0,1512.0,0.6,0.0,5768.0,4532.0,24.75
230.0,100.0,3299.999,1.38,25.0,1512.0,0.6,0.0,5768.0,4532.0,24.75
231.0,100.0,3299.999,1.38,18.0,1296.0,0.1,0.0,5768.0,4532.0,24.75
232.0,100.0,3300.0,1.38,21.0,1296.0,0.4,0.0,5768.0,4532.0,24.75
233.0,100.0,3300.0,1.38,21.0,1224.0,0.4,0.0,5768.0,4532.0,24.75
234.0,100.0,3299.999,1.38,22.0,1224.0,0.2,0.0,5768.0,4532.0,24.75
235.0,100.0,3300.0,1.38,22.0,1080.0,0.4,0.0,5768.0,4532.0,24.75
236.0,100.0,3300.0,1.38,20.0,1440.0,0.1,0.0,5768.0,4532.0,24.75
237.0,100.0,3299.999,1.38,24.0,1512.0,0.4,0.0,5768.0,4532.0,24.75
238.0,100.0,3300.0,1.38,19.0,1368.0,0.3,0.0,5768.0,4532.0,24.75
239.0,100.0,3299.999,1.38,24.0,1512.0,0.4,0.0,5768.0,4532.0,24.75
240.0,100.0,3299.999,1.38,20.0,1296.0,0.2,0.0,5768.0,4532.0,24.75
241.0,100.0,3299.999,1.38,19.0,1080.0,0.1,0.0,5768.0,4532.0,24.75
242.0,93.8,3299.999,1.38,20.0,936.0,0.1,0.0,5768.0,4532.0,24.75
243.0,100.0,3300.0,1.38,18.0,1224.0,0.1,0.0,5768.0,4532.0,24.75
244.0,100.0,3300.0,1.38,20.0,1080.0,0.3,0.0,5768.0,4532.0,24.75
245.0,100.0,3299.999,1.38,23.0,1008.0,0.7,0.0,5768.0,4532.0,24.75
246.0,93.8,3300.0,1.38,21.0,1152.0,0.2,0.0,5768.0,4532.0,24.75
247.0,100.0,3300.0,1.38,25.0,1008.0,0.9,0.0,5768.0,4532.0,24.75
248.0,100.0,3299.999,1.38,19.0,1368.0,0.3,0.0,5768.0,4532.0,24.75
249.0,100.0,3300.0,1.38,23.0,1152.0,0.8,0.0,5768.0,4532.0,24.75
250.0,100.0,3300.0,1.38,21.0,1152.0,0.4,0.0,5768.0,4532.0,24.75
251.0,100.0,3300.0,1.38,19.0,1296.0,0.3,0.0,5768.0,4532.0,24.75
252.0,100.0,3300.0,1.38,19.0,936.0,0.4,0.0,5768.0,4532.0,24.75
253.0,93.8,3300.0,1.38,20.0,864.0,0.4,0.0,5768.0,4532.0,24.75
254.0,93.8,3299.999,1.38,21.0,1080.0,0.3,0.0,5768.0,4532.0,24.75
255.0,100.0,3299.999,1.38,19.0,1080.0,0.2,0.0,5768.0,4532.0,24.75
256.0,100.0,3300.0,1.38,20.0,936.0,0.3,0.0,5768.0,4532.0,24.75
257.0,100.0,3299.999,1.38,20.0,864.0,0.4,0.0,5768.0,4532.0,24.75
258.0,93.8,3299.999,1.38,20.0,864.0,0.2,0.0,5768.0,4532.0,24.75
259.0,100.0,3300.0,1.38,18.0,1008.0,0.1,0.0,5768.0,4532.0,24.75
260.0,100.0,3300.0,1.38,19.0,1224.0,0.1,0.0,5768.0,4532.0,24.75
261.0,100.0,3300.0,1.38,26.0,1296.0,0.6,0.0,5768.0,4532.0,24.75
262.0,100.0,3299.999,1.38,20.0,1440.0,0.1,0.0,5768.0,4532.0,24.75
263.0,100.0,3300.0,1.38,19.0,1152.0,0.3,0.0,5768.0,4532.0,24.75
264.0,100.0,3299.999,1.38,18.0,936.0,0.2,0.0,5768.0,4532.0,24.75
265.0,100.0,3300.0,1.38,21.0,1224.0,0.2,0.0,5768.0,4532.0,24.75
266.0,100.0,3299.999,1.38,21.0,1080.0,0.6,0.0,5768.0,4532.0,24.75
267.0,100.0,3300.0,1.38,19.0,1080.0,0.1,0.0,5768.0,4532.0,24.75
268.0,93.8,3300.014,1.38,18.0,1440.0,0.0,0.0,5768.0,4532.0,24.75
269.0,100.0,3299.999,1.38,22.0,1224.0,0.7,0.0,5768.0,4532.0,24.75
270.0,100.0,3299.999,1.38,21.0,1080.0,0.1,0.0,5768.0,4532.0,24.75
271.0,100.0,3300.0,1.38,21.0,1224.0,0.6,0.0,5768.0,4532.0,24.75
272.0,100.0,3300.0,1.38,19.0,1368.0,0.4,0.0,5768.0,4532.0,24.75
273.0,100.0,3299.999,1.38,20.0,1080.0,0.6,0.0,5768.0,4532.0,24.75
274.0,100.0,3299.999,1.38,20.0,1152.0,0.1,0.0,5768.0,4532.0,24.75
275.0,100.0,3300.0,1.38,33.0,1440.0,3.0,0.0,5768.0,4532.0,24.75
276.0,100.0,3300.015,1.38,19.0,1008.0,0.3,0.0,5768.0,4532.0,24.75
277.0,100.0,3299.999,1.38,21.0,1296.0,0.5,0.0,5768.0,4532.0,24.75
278.0,93.8,3300.0,1.38,22.0,1224.0,0.9,0.0,5768.0,4532.0,24.75
279.0,100.0,3300.0,1.38,22.0,1080.0,1.0,0.0,5768.0,4532.0,24.75
280.0,100.0,3300.0,1.38,22.0,1296.0,1.1,0.0,5768.0,4532.0,24.75
281.0,100.0,3299.999,1.38,17.0,1152.0,0.0,0.0,5768.0,4532.0,24.75
282.0,100.0,3300.0,1.38,20.0,1008.0,0.6,0.0,5768.0,4532.0,24.75
283.0,100.0,3299.999,1.38,16.0,1224.0,0.1,0.0,5768.0,4532.0,24.75
284.0,100.0,3300.0,1.38,17.0,1080.0,0.4,0.0,5768.0,4532.0,24.75
285.0,93.8,3300.0,1.38,16.0,1080.0,0.1,0.0,5768.0,4532.0,24.75
286.0,100.0,3300.0,1.38,17.0,1080.0,0.1,0.0,5768.0,4532.0,24.75
287.0,100.0,3300.0,1.38,21.0,1080.0,0.4,0.0,5768.0,4532.0,24.75
288.0,100.0,3299.999,1.38,17.0,1512.0,0.1,0.0,5768.0,4532.0,24.75
289.0,100.0,3299.999,1.38,16.0,1224.0,0.1,0.0,5768.0,4532.0,24.75
290.0,100.0,3299.999,1.38,24.0,1368.0,1.0,0.0,5768.0,4532.0,24.75
291.0,100.0,3300.0,1.38,17.0,1224.0,0.2,0.0,5768.0,4532.0,24.75
292.0,93.8,3299.999,1.38,17.0,1224.0,0.1,0.0,5768.0,4532.0,24.75
293.0,100.0,3299.999,1.38,17.0,1368.0,0.1,0.0,5768.0,4532.0,24.75
294.0,100.0,3299.999,1.38,19.0,1080.0,0.2,0.0,5768.0,4532.0,24.75
295.0,100.0,3299.999,1.38,24.0,1152.0,0.7,0.0,5768.0,4532.0,24.75
296.0,100.0,3300.0,1.38,24.0,1440.0,1.0,0.0,5768.0,4532.0,24.75
297.0,100.0,3299.999,1.38,20.0,1368.0,0.6,0.0,5768.0,4532.0,24.75
298.0,100.0,3300.0,1.38,23.0,1224.0,0.9,0.0,5768.0,4532.0,24.75
