time,CPU_Utilization,Frequency,IPC,Misses,LLC,MBL,Memory_Footprint,Virt_Memory,Res_Memory,Allocated_Cache
0.0,100.0,3300.0,1.36,0.0,0.0,0.0,0.0,4892.0,3576.0,4.5
1.0,100.0,3299.999,1.38,102.0,1080.0,5.1,0.0,5348.0,3964.0,4.5
2.0,100.0,3299.999,1.38,139.0,936.0,4.4,0.0,5348.0,3964.0,4.5
3.0,93.3,3300.001,1.38,142.0,936.0,3.7,0.0,5348.0,3964.0,4.5
4.0,100.0,3299.999,1.38,117.0,1224.0,3.7,0.0,5348.0,3964.0,4.5
5.0,100.0,3299.999,1.38,145.0,1224.0,0.7,0.0,5348.0,3964.0,4.5
6.0,93.8,3300.0,1.38,109.0,1152.0,1.5,0.0,5348.0,3964.0,4.5
7.0,100.0,3300.0,1.38,129.0,1008.0,1.3,0.0,5492.0,4136.0,4.5
8.0,100.0,3299.999,1.38,133.0,936.0,2.3,0.0,5492.0,4136.0,4.5
9.0,100.0,3300.0,1.38,128.0,1152.0,4.4,0.0,5492.0,4136.0,4.5
10.0,100.0,3299.999,1.38,117.0,936.0,1.8,0.0,5492.0,4136.0,4.5
11.0,100.0,3300.0,1.38,124.0,720.0,2.7,0.0,5492.0,4136.0,4.5
12.0,100.0,3300.0,1.38,141.0,864.0,3.2,0.0,5492.0,4136.0,4.5
13.0,100.0,3299.999,1.38,141.0,864.0,2.4,0.0,5492.0,4136.0,4.5
14.0,100.0,3299.999,1.38,115.0,1080.0,3.4,0.0,5492.0,4136.0,4.5
15.0,100.0,3300.0,1.38,128.0,1080.0,5.1,0.0,5492.0,4136.0,4.5
16.0,100.0,3300.0,1.38,135.0,1152.0,1.7,0.0,5492.0,4136.0,4.5
17.0,100.0,3299.999,1.38,127.0,648.0,1.1,0.0,5492.0,4136.0,4.5
18.0,100.0,3300.0,1.38,116.0,1152.0,2.2,0.0,5492.0,4136.0,4.5
19.0,100.0,3299.999,1.38,105.0,792.0,1.8,0.0,5492.0,4136.0,4.5
20.0,100.0,3299.999,1.38,126.0,936.0,1.1,0.0,5492.0,4136.0,4.5
21.0,100.0,3299.999,1.38,153.0,1296.0,1.2,0.0,5492.0,4136.0,4.5
22.0,100.0,3300.0,1.38,121.0,1008.0,2.6,0.0,5492.0,4136.0,4.5
23.0,100.0,3299.999,1.38,115.0,1008.0,2.0,0.0,5492.0,4136.0,4.5
24.0,100.0,3299.999,1.38,106.0,1008.0,3.0,0.0,5492.0,4136.0,4.5
25.0,100.0,3300.0,1.38,132.0,1008.0,1.1,0.0,5492.0,4136.0,4.5
26.0,100.0,3300.0,1.38,131.0,1080.0,3.4,0.0,5492.0,4136.0,4.5
27.0,93.8,3299.999,1.38,121.0,1080.0,5.1,0.0,5492.0,4136.0,4.5
28.0,100.0,3300.0,1.38,117.0,1224.0,5.7,0.0,5492.0,4136.0,4.5
29.0,100.0,3299.999,1.38,138.0,864.0,3.7,0.0,5492.0,4136.0,4.5
30.0,100.0,3300.0,1.38,121.0,1152.0,4.3,0.0,5492.0,4136.0,4.5
31.0,100.0,3299.999,1.38,107.0,1080.0,3.3,0.0,5492.0,4136.0,4.5
32.0,100.0,3299.999,1.38,111.0,1080.0,2.3,0.0,5492.0,4136.0,4.5
33.0,100.0,3299.999,1.38,120.0,1080.0,1.9,0.0,5492.0,4136.0,4.5
34.0,100.0,3299.999,1.38,131.0,1152.0,4.4,0.0,5492.0,4136.0,4.5
35.0,100.0,3299.999,1.38,130.0,1152.0,2.6,0.0,5492.0,4136.0,4.5
36.0,100.0,3300.0,1.38,120.0,1080.0,4.2,0.0,5492.0,4136.0,4.5
37.0,100.0,3300.0,1.38,126.0,1152.0,3.0,0.0,5492.0,4136.0,4.5
38.0,100.0,3299.999,1.38,134.0,1080.0,3.1,0.0,5492.0,4136.0,4.5
39.0,100.0,3300.0,1.38,131.0,1224.0,3.0,0.0,5492.0,4136.0,4.5
