time,CPU_Utilization,Frequency,IPC,Misses,LLC,MBL,Memory_Footprint,Virt_Memory,Res_Memory,Allocated_Cache
0.0,100.0,3300.0,1.37,0.0,0.0,0.0,0.0,4892.0,3616.0,13.5
1.0,100.0,3300.001,1.38,29.0,864.0,1.1,0.0,5348.0,4004.0,13.5
2.0,100.0,3299.999,1.38,35.0,1224.0,2.4,0.0,5348.0,4004.0,13.5
3.0,100.0,3300.0,1.38,30.0,1008.0,1.5,0.0,5348.0,4004.0,13.5
4.0,100.0,3300.0,1.38,32.0,1224.0,1.5,0.0,5348.0,4004.0,13.5
5.0,100.0,3299.999,1.38,30.0,1008.0,2.6,0.0,5348.0,4004.0,13.5
6.0,100.0,3300.0,1.38,28.0,1152.0,1.5,0.0,5348.0,4004.0,13.5
7.0,100.0,3300.0,1.38,28.0,1008.0,1.1,0.0,5492.0,4176.0,13.5
8.0,100.0,3300.0,1.38,36.0,1224.0,1.6,0.0,5492.0,4176.0,13.5
9.0,100.0,3299.999,1.38,30.0,1224.0,1.8,0.0,5492.0,4176.0,13.5
10.0,100.0,3299.999,1.38,26.0,1224.0,1.0,0.0,5492.0,4176.0,13.5
11.0,100.0,3300.0,1.38,31.0,1224.0,1.6,0.0,5492.0,4176.0,13.5
12.0,100.0,3299.999,1.38,31.0,1368.0,1.7,0.0,5492.0,4176.0,13.5
13.0,100.0,3300.0,1.38,30.0,1224.0,2.2,0.0,5492.0,4176.0,13.5
14.0,100.0,3299.999,1.38,29.0,1440.0,1.5,0.0,5492.0,4176.0,13.5
15.0,100.0,3300.0,1.38,28.0,1080.0,1.6,0.0,5492.0,4176.0,13.5
16.0,100.0,3300.0,1.38,30.0,1368.0,1.5,0.0,5492.0,4176.0,13.5
17.0,100.0,3300.0,1.38,29.0,1224.0,1.8,0.0,5492.0,4176.0,13.5
18.0,100.0,3300.0,1.38,28.0,1152.0,1.5,0.0,5492.0,4176.0,13.5
19.0,100.0,3300.0,1.38,31.0,864.0,2.2,0.0,5492.0,4176.0,13.5
20.0,100.0,3299.999,1.38,27.0,936.0,2.1,0.0,5492.0,4176.0,13.5
21.0,100.0,3299.999,1.38,36.0,1368.0,3.0,0.0,5492.0,4176.0,13.5
22.0,93.8,3299.999,1.38,27.0,1296.0,1.3,0.0,5492.0,4176.0,13.5
23.0,100.0,3299.999,1.38,28.0,1296.0,1.5,0.0,5492.0,4176.0,13.5
24.0,100.0,3299.999,1.38,25.0,792.0,0.6,0.0,5492.0,4176.0,13.5
25.0,100.0,3300.0,1.38,31.0,1440.0,2.5,0.0,5492.0,4176.0,13.5
26.0,100.0,3299.999,1.38,29.0,1152.0,1.8,0.0,5492.0,4176.0,13.5
27.0,100.0,3300.0,1.38,24.0,792.0,0.4,0.0,5492.0,4176.0,13.5
28.0,100.0,3299.999,1.38,29.0,864.0,2.2,0.0,5492.0,4176.0,13.5
29.0,100.0,3300.001,1.38,33.0,1224.0,2.7,0.0,5492.0,4176.0,13.5
30.0,100.0,3300.0,1.38,26.0,1152.0,0.9,0.0,5492.0,4176.0,13.5
31.0,100.0,3300.0,1.38,30.0,1296.0,1.3,0.0,5492.0,4176.0,13.5
32.0,100.0,3299.999,1.38,26.0,864.0,1.2,0.0,5492.0,4176.0,13.5
33.0,100.0,3300.0,1.38,29.0,1008.0,1.7,0.0,5492.0,4176.0,13.5
34.0,93.8,3299.999,1.38,30.0,1296.0,3.7,0.0,5492.0,4176.0,13.5
35.0,100.0,3299.999,1.38,33.0,1152.0,2.2,0.0,5492.0,4176.0,13.5
36.0,100.0,3300.0,1.38,29.0,1368.0,2.5,0.0,5492.0,4176.0,13.5
37.0,100.0,3299.999,1.38,27.0,1080.0,1.2,0.0,5492.0,4176.0,13.5
38.0,100.0,3300.0,1.38,37.0,1080.0,2.5,0.0,5492.0,4176.0,13.5
39.0,100.0,3299.999,1.38,27.0,1224.0,0.8,0.0,5492.0,4176.0,13.5
