time,CPU_Utilization,Frequency,IPC,Misses,LLC,MBL,Memory_Footprint,Virt_Memory,Res_Memory,Allocated_Cache
0.0,100.0,3299.999,1.36,0.0,0.0,0.0,0.0,4892.0,3600.0,11.25
1.0,100.0,3300.001,1.38,30.0,792.0,0.1,0.0,5348.0,3988.0,11.25
2.0,100.0,3299.999,1.38,37.0,1008.0,0.6,0.0,5348.0,3988.0,11.25
3.0,100.0,3299.999,1.38,30.0,936.0,0.6,0.0,5348.0,3988.0,11.25
4.0,100.0,3300.001,1.38,31.0,1008.0,0.3,0.0,5348.0,3988.0,11.25
5.0,100.0,3300.0,1.38,32.0,1008.0,0.5,0.0,5348.0,3988.0,11.25
6.0,93.8,3299.999,1.38,29.0,1080.0,0.1,0.0,5348.0,3988.0,11.25
7.0,100.0,3299.999,1.38,30.0,1296.0,0.4,0.0,5492.0,4160.0,11.25
8.0,100.0,3300.0,1.38,36.0,1224.0,0.5,0.0,5492.0,4160.0,11.25
9.0,100.0,3300.0,1.38,32.0,1152.0,0.2,0.0,5492.0,4160.0,11.25
10.0,93.8,3299.999,1.38,27.0,1152.0,0.0,0.0,5492.0,4160.0,11.25
11.0,100.0,3299.999,1.38,31.0,1008.0,0.1,0.0,5492.0,4160.0,11.25
12.0,93.8,3299.999,1.38,32.0,1080.0,0.5,0.0,5492.0,4160.0,11.25
13.0,100.0,3300.0,1.38,32.0,1152.0,0.7,0.0,5492.0,4160.0,11.25
14.0,100.0,3299.999,1.38,30.0,1296.0,0.1,0.0,5492.0,4160.0,11.25
15.0,100.0,3300.0,1.38,29.0,1080.0,0.4,0.0,5492.0,4160.0,11.25
16.0,100.0,3299.999,1.38,32.0,1080.0,0.1,0.0,5492.0,4160.0,11.25
17.0,93.8,3299.999,1.38,30.0,1224.0,0.4,0.0,5492.0,4160.0,11.25
18.0,100.0,3299.999,1.38,30.0,1296.0,0.5,0.0,5492.0,4160.0,11.25
19.0,100.0,3299.999,1.38,32.0,1224.0,0.2,0.0,5492.0,4160.0,11.25
20.0,100.0,3299.999,1.38,30.0,1152.0,0.2,0.0,5492.0,4160.0,11.25
21.0,100.0,3300.0,1.38,39.0,1440.0,0.7,0.0,5492.0,4160.0,11.25
22.0,100.0,3299.999,1.38,29.0,1296.0,0.5,0.0,5492.0,4160.0,11.25
23.0,100.0,3300.0,1.38,30.0,1224.0,0.8,0.0,5492.0,4160.0,11.25
24.0,100.0,3299.999,1.38,25.0,1296.0,0.8,0.0,5492.0,4160.0,11.25
25.0,93.8,3300.0,1.38,34.0,1584.0,0.3,0.0,5492.0,4160.0,11.25
26.0,100.0,3300.0,1.38,31.0,1440.0,0.1,0.0,5492.0,4160.0,11.25
27.0,100.0,3299.999,1.38,26.0,1296.0,0.8,0.0,5492.0,4160.0,11.25
28.0,100.0,3300.0,1.38,31.0,1152.0,0.2,0.0,5492.0,4160.0,11.25
29.0,100.0,3299.999,1.38,37.0,1656.0,0.1,0.0,5492.0,4160.0,11.25
30.0,100.0,3299.999,1.38,26.0,1152.0,0.6,0.0,5492.0,4160.0,11.25
31.0,100.0,3299.999,1.38,30.0,1080.0,0.3,0.0,5492.0,4160.0,11.25
32.0,100.0,3300.0,1.38,28.0,936.0,0.7,0.0,5492.0,4160.0,11.25
33.0,100.0,3299.999,1.38,30.0,1080.0,0.3,0.0,5492.0,4160.0,11.25
34.0,100.0,3300.0,1.38,33.0,1152.0,0.1,0.0,5492.0,4160.0,11.25
35.0,100.0,3300.0,1.38,35.0,1368.0,0.4,0.0,5492.0,4160.0,11.25
36.0,100.0,3299.999,1.38,33.0,1224.0,0.3,0.0,5492.0,4160.0,11.25
37.0,100.0,3300.0,1.38,32.0,1368.0,0.3,0.0,5492.0,4160.0,11.25
38.0,100.0,3299.999,1.38,39.0,1296.0,0.3,0.0,5492.0,4160.0,11.25
39.0,100.0,3300.0,1.38,29.0,1512.0,0.2,0.0,5492.0,4160.0,11.25
