time,CPU_Utilization,Frequency,IPC,Misses,LLC,MBL,Memory_Footprint,Virt_Memory,Res_Memory,Allocated_Cache
0.0,93.8,3299.999,1.37,0.0,0.0,0.0,0.0,4892.0,3596.0,18.0
1.0,100.0,3300.0,1.38,31.0,648.0,0.5,0.0,5348.0,3984.0,18.0
2.0,100.0,3299.999,1.38,34.0,576.0,0.5,0.0,5348.0,3984.0,18.0
3.0,100.0,3300.0,1.38,27.0,576.0,0.4,0.0,5348.0,3984.0,18.0
4.0,100.0,3299.999,1.38,29.0,576.0,0.4,0.0,5348.0,3984.0,18.0
5.0,100.0,3300.0,1.38,29.0,864.0,0.2,0.0,5348.0,3984.0,18.0
6.0,100.0,3299.999,1.38,27.0,504.0,0.3,0.0,5348.0,3984.0,18.0
7.0,100.0,3299.999,1.38,29.0,648.0,0.1,0.0,5492.0,4156.0,18.0
8.0,100.0,3299.999,1.38,34.0,1152.0,0.8,0.0,5492.0,4156.0,18.0
9.0,100.0,3299.999,1.38,30.0,792.0,0.4,0.0,5492.0,4156.0,18.0
10.0,100.0,3299.999,1.38,24.0,720.0,0.1,0.0,5492.0,4156.0,18.0
11.0,100.0,3299.999,1.38,31.0,792.0,0.3,0.0,5492.0,4156.0,18.0
12.0,100.0,3300.0,1.38,29.0,792.0,0.1,0.0,5492.0,4156.0,18.0
13.0,100.0,3299.999,1.38,30.0,648.0,0.5,0.0,5492.0,4156.0,18.0
14.0,100.0,3300.0,1.38,29.0,648.0,0.1,0.0,5492.0,4156.0,18.0
15.0,100.0,3299.999,1.38,27.0,576.0,0.1,0.0,5492.0,4156.0,18.0
16.0,100.0,3299.999,1.38,28.0,648.0,0.3,0.0,5492.0,4156.0,18.0
17.0,100.0,3300.0,1.38,28.0,648.0,0.4,0.0,5492.0,4156.0,18.0
18.0,100.0,3299.999,1.38,28.0,648.0,0.1,0.0,5492.0,4156.0,18.0
19.0,100.0,3299.999,1.38,30.0,648.0,0.4,0.0,5492.0,4156.0,18.0
20.0,100.0,3300.0,1.38,26.0,648.0,0.1,0.0,5492.0,4156.0,18.0
21.0,100.0,3299.999,1.38,36.0,720.0,0.5,0.0,5492.0,4156.0,18.0
22.0,100.0,3300.0,1.38,26.0,504.0,0.4,0.0,5492.0,4156.0,18.0
23.0,100.0,3300.0,1.38,26.0,576.0,0.1,0.0,5492.0,4156.0,18.0
24.0,100.0,3299.999,1.38,26.0,432.0,0.0,0.0,5492.0,4156.0,18.0
25.0,100.0,3300.0,1.38,34.0,648.0,0.1,0.0,5492.0,4156.0,18.0
26.0,100.0,3299.999,1.38,29.0,792.0,0.2,0.0,5492.0,4156.0,18.0
27.0,100.0,3300.0,1.38,27.0,576.0,0.4,0.0,5492.0,4156.0,18.0
28.0,100.0,3299.999,1.38,28.0,576.0,0.1,0.0,5492.0,4156.0,18.0
29.0,100.0,3300.0,1.38,33.0,648.0,0.6,0.0,5492.0,4156.0,18.0
30.0,100.0,3299.999,1.38,25.0,648.0,0.0,0.0,5492.0,4156.0,18.0
31.0,100.0,3300.0,1.38,28.0,720.0,0.2,0.0,5492.0,4156.0,18.0
32.0,100.0,3300.001,1.38,27.0,648.0,0.0,0.0,5492.0,4156.0,18.0
33.0,100.0,3300.0,1.38,30.0,648.0,0.1,0.0,5492.0,4156.0,18.0
34.0,100.0,3299.999,1.38,32.0,648.0,0.3,0.0,5492.0,4156.0,18.0
35.0,100.0,3300.0,1.38,34.0,720.0,0.4,0.0,5492.0,4156.0,18.0
36.0,100.0,3300.0,1.38,28.0,648.0,0.1,0.0,5492.0,4156.0,18.0
37.0,100.0,3299.999,1.38,28.0,504.0,0.1,0.0,5492.0,4156.0,18.0
38.0,100.0,3300.0,1.38,38.0,792.0,0.5,0.0,5492.0,4156.0,18.0
39.0,93.8,3299.999,1.38,28.0,648.0,0.1,0.0,5492.0,4156.0,18.0
