time,CPU_Utilization,Frequency,IPC,Misses,LLC,MBL,Memory_Footprint,Virt_Memory,Res_Memory,Allocated_Cache
0.0,100.0,3300.0,1.37,0.0,0.0,0.0,0.0,4892.0,3596.0,6.75
1.0,100.0,3300.0,1.38,36.0,1080.0,5.9,0.0,5348.0,3984.0,6.75
2.0,93.8,3299.999,1.38,50.0,1368.0,9.1,0.0,5348.0,3984.0,6.75
3.0,100.0,3299.999,1.38,47.0,936.0,8.6,0.0,5348.0,3984.0,6.75
4.0,100.0,3299.999,1.38,44.0,1224.0,8.3,0.0,5348.0,3984.0,6.75
5.0,100.0,3300.0,1.38,50.0,1152.0,8.9,0.0,5348.0,3984.0,6.75
6.0,100.0,3299.999,1.38,39.0,1296.0,7.8,0.0,5348.0,3984.0,6.75
7.0,100.0,3300.0,1.38,45.0,1080.0,10.7,0.0,5492.0,4156.0,6.75
8.0,100.0,3300.0,1.38,50.0,1080.0,10.9,0.0,5492.0,4156.0,6.75
9.0,93.8,3300.0,1.38,43.0,1152.0,8.1,0.0,5492.0,4156.0,6.75
10.0,100.0,3300.0,1.37,40.0,1584.0,9.0,0.0,5492.0,4156.0,6.75
11.0,100.0,3299.999,1.38,44.0,1080.0,8.8,0.0,5492.0,4156.0,6.75
12.0,100.0,3300.0,1.38,45.0,1296.0,10.0,0.0,5492.0,4156.0,6.75
13.0,100.0,3299.999,1.38,45.0,1512.0,9.2,0.0,5492.0,4156.0,6.75
14.0,100.0,3300.0,1.38,46.0,1008.0,8.2,0.0,5492.0,4156.0,6.75
15.0,100.0,3300.0,1.38,47.0,1152.0,7.9,0.0,5492.0,4156.0,6.75
16.0,100.0,3299.999,1.38,49.0,1224.0,9.1,0.0,5492.0,4156.0,6.75
17.0,100.0,3300.0,1.38,45.0,1152.0,8.6,0.0,5492.0,4156.0,6.75
18.0,100.0,3300.0,1.38,41.0,1152.0,8.0,0.0,5492.0,4156.0,6.75
19.0,100.0,3299.999,1.38,41.0,1224.0,4.9,0.0,5492.0,4156.0,6.75
20.0,100.0,3300.0,1.38,42.0,864.0,9.4,0.0,5492.0,4156.0,6.75
21.0,100.0,3299.999,1.38,54.0,1152.0,9.4,0.0,5492.0,4156.0,6.75
22.0,100.0,3299.999,1.38,42.0,1080.0,6.7,0.0,5492.0,4156.0,6.75
23.0,100.0,3299.999,1.38,41.0,1152.0,7.6,0.0,5492.0,4156.0,6.75
24.0,100.0,3299.999,1.38,34.0,936.0,7.2,0.0,5492.0,4156.0,6.75
25.0,100.0,3299.999,1.38,49.0,1368.0,7.9,0.0,5492.0,4156.0,6.75
26.0,100.0,3300.0,1.38,46.0,1224.0,7.4,0.0,5492.0,4156.0,6.75
27.0,100.0,3299.999,1.38,39.0,1080.0,8.6,0.0,5492.0,4156.0,6.75
28.0,100.0,3299.999,1.38,43.0,1584.0,8.0,0.0,5492.0,4156.0,6.75
29.0,100.0,3299.999,1.38,48.0,1080.0,8.9,0.0,5492.0,4156.0,6.75
30.0,100.0,3299.999,1.38,39.0,1440.0,8.1,0.0,5492.0,4156.0,6.75
31.0,100.0,3300.0,1.38,41.0,1440.0,6.0,0.0,5492.0,4156.0,6.75
32.0,100.0,3300.0,1.38,39.0,1152.0,6.8,0.0,5492.0,4156.0,6.75
33.0,100.0,3299.999,1.38,44.0,1152.0,6.3,0.0,5492.0,4156.0,6.75
34.0,100.0,3299.999,1.38,48.0,1296.0,9.4,0.0,5492.0,4156.0,6.75
35.0,100.0,3299.999,1.38,50.0,1368.0,8.6,0.0,5492.0,4156.0,6.75
36.0,100.0,3299.999,1.38,43.0,1368.0,6.4,0.0,5492.0,4156.0,6.75
37.0,100.0,3300.001,1.38,42.0,1080.0,8.6,0.0,5492.0,4156.0,6.75
38.0,100.0,3299.999,1.38,53.0,1008.0,8.5,0.0,5492.0,4156.0,6.75
39.0,100.0,3300.0,1.38,46.0,1152.0,9.0,0.0,5492.0,4156.0,6.75
