time,CPU_Utilization,Frequency,IPC,Misses,LLC,MBL,Memory_Footprint,Virt_Memory,Res_Memory,Allocated_Cache
0.0,100.0,3299.999,1.37,0.0,0.0,0.0,0.0,4892.0,3584.0,15.75
1.0,100.0,3300.0,1.38,29.0,648.0,1.3,0.0,5348.0,3972.0,15.75
2.0,100.0,3300.0,1.38,32.0,792.0,0.4,0.0,5348.0,3972.0,15.75
3.0,100.0,3299.999,1.38,26.0,720.0,0.1,0.0,5348.0,3972.0,15.75
4.0,100.0,3299.999,1.38,29.0,648.0,1.2,0.0,5348.0,3972.0,15.75
5.0,100.0,3300.0,1.38,28.0,720.0,0.2,0.0,5348.0,3972.0,15.75
6.0,100.0,3300.0,1.38,26.0,720.0,0.1,0.0,5348.0,3972.0,15.75
7.0,100.0,3299.999,1.38,27.0,576.0,0.4,0.0,5492.0,4144.0,15.75
8.0,100.0,3299.999,1.38,31.0,1080.0,1.0,0.0,5492.0,4144.0,15.75
9.0,100.0,3299.999,1.38,29.0,1152.0,0.5,0.0,5492.0,4144.0,15.75
10.0,100.0,3300.0,1.38,24.0,1008.0,0.4,0.0,5492.0,4144.0,15.75
11.0,100.0,3299.999,1.38,29.0,1008.0,0.5,0.0,5492.0,4144.0,15.75
12.0,100.0,3299.999,1.38,28.0,792.0,0.3,0.0,5492.0,4144.0,15.75
13.0,100.0,3300.0,1.38,28.0,1008.0,0.5,0.0,5492.0,4144.0,15.75
14.0,100.0,3299.999,1.38,27.0,936.0,1.2,0.0,5492.0,4144.0,15.75
15.0,93.8,3300.0,1.38,24.0,720.0,0.1,0.0,5492.0,4144.0,15.75
16.0,100.0,3300.0,1.38,27.0,936.0,0.8,0.0,5492.0,4144.0,15.75
17.0,100.0,3299.999,1.38,27.0,864.0,0.6,0.0,5492.0,4144.0,15.75
18.0,100.0,3299.999,1.38,29.0,1008.0,0.9,0.0,5492.0,4144.0,15.75
19.0,100.0,3300.0,1.38,30.0,936.0,0.5,0.0,5492.0,4144.0,15.75
20.0,100.0,3299.999,1.38,27.0,792.0,0.1,0.0,5492.0,4144.0,15.75
21.0,100.0,3299.999,1.38,34.0,1008.0,0.8,0.0,5492.0,4144.0,15.75
22.0,100.0,3300.0,1.38,24.0,792.0,1.0,0.0,5492.0,4144.0,15.75
23.0,100.0,3299.999,1.38,26.0,792.0,0.1,0.0,5492.0,4144.0,15.75
24.0,100.0,3300.0,1.38,23.0,792.0,0.1,0.0,5492.0,4144.0,15.75
25.0,100.0,3299.999,1.38,30.0,720.0,0.0,0.0,5492.0,4144.0,15.75
26.0,100.0,3300.0,1.38,26.0,936.0,1.0,0.0,5492.0,4144.0,15.75
27.0,100.0,3300.0,1.38,24.0,936.0,0.0,0.0,5492.0,4144.0,15.75
28.0,93.8,3299.999,1.38,27.0,864.0,0.1,0.0,5492.0,4144.0,15.75
29.0,100.0,3300.0,1.38,32.0,936.0,0.1,0.0,5492.0,4144.0,15.75
30.0,100.0,3299.999,1.38,24.0,936.0,0.3,0.0,5492.0,4144.0,15.75
31.0,100.0,3300.0,1.38,27.0,936.0,0.4,0.0,5492.0,4144.0,15.75
32.0,100.0,3300.0,1.38,25.0,936.0,0.6,0.0,5492.0,4144.0,15.75
33.0,100.0,3300.0,1.38,26.0,792.0,0.2,0.0,5492.0,4144.0,15.75
34.0,100.0,3299.999,1.38,30.0,1008.0,0.4,0.0,5492.0,4144.0,15.75
35.0,100.0,3300.0,1.38,31.0,720.0,1.8,0.0,5492.0,4144.0,15.75
36.0,100.0,3300.0,1.38,27.0,432.0,0.8,0.0,5492.0,4144.0,15.75
37.0,100.0,3299.999,1.38,28.0,864.0,0.8,0.0,5492.0,4144.0,15.75
38.0,100.0,3299.999,1.38,37.0,1152.0,2.0,0.0,5492.0,4144.0,15.75
39.0,100.0,3300.0,1.38,24.0,792.0,0.4,0.0,5492.0,4144.0,15.75
