time,CPU_Utilization,Frequency,IPC,Misses,LLC,MBL,Memory_Footprint,Virt_Memory,Res_Memory,Allocated_Cache
0.0,100.0,3299.999,1.37,0.0,0.0,0.0,0.0,4892.0,3612.0,22.5
1.0,100.0,3300.0,1.38,28.0,936.0,1.3,0.0,5348.0,4000.0,22.5
2.0,100.0,3300.0,1.38,29.0,1224.0,1.1,0.0,5348.0,4000.0,22.5
3.0,100.0,3299.999,1.38,27.0,792.0,0.6,0.0,5348.0,4000.0,22.5
4.0,100.0,3300.0,1.38,26.0,1152.0,1.1,0.0,5348.0,4000.0,22.5
5.0,100.0,3299.999,1.38,27.0,1224.0,0.4,0.0,5348.0,4000.0,22.5
6.0,100.0,3299.999,1.38,26.0,864.0,0.8,0.0,5348.0,4000.0,22.5
7.0,100.0,3300.0,1.38,29.0,864.0,0.7,0.0,5492.0,4172.0,22.5
8.0,100.0,3299.999,1.38,33.0,936.0,0.8,0.0,5492.0,4172.0,22.5
9.0,100.0,3299.999,1.38,30.0,1152.0,0.9,0.0,5492.0,4172.0,22.5
10.0,93.8,3299.999,1.38,23.0,792.0,0.8,0.0,5492.0,4172.0,22.5
11.0,100.0,3299.999,1.38,28.0,1080.0,0.7,0.0,5492.0,4172.0,22.5
12.0,100.0,3299.999,1.38,26.0,720.0,0.8,0.0,5492.0,4172.0,22.5
13.0,93.8,3299.999,1.38,27.0,1008.0,0.8,0.0,5492.0,4172.0,22.5
14.0,100.0,3299.999,1.38,26.0,1080.0,0.6,0.0,5492.0,4172.0,22.5
15.0,100.0,3299.999,1.38,24.0,576.0,0.6,0.0,5492.0,4172.0,22.5
16.0,100.0,3300.001,1.38,27.0,936.0,0.6,0.0,5492.0,4172.0,22.5
17.0,100.0,3299.999,1.38,28.0,1080.0,1.1,0.0,5492.0,4172.0,22.5
18.0,100.0,3299.999,1.38,27.0,1008.0,0.6,0.0,5492.0,4172.0,22.5
19.0,100.0,3300.0,1.38,27.0,936.0,0.9,0.0,5492.0,4172.0,22.5
20.0,100.0,3300.0,1.38,23.0,648.0,0.4,0.0,5492.0,4172.0,22.5
21.0,100.0,3299.999,1.38,33.0,1080.0,1.6,0.0,5492.0,4172.0,22.5
22.0,100.0,3299.999,1.38,25.0,648.0,0.8,0.0,5492.0,4172.0,22.5
23.0,100.0,3300.0,1.38,25.0,648.0,0.7,0.0,5492.0,4172.0,22.5
24.0,100.0,3300.001,1.38,24.0,648.0,0.3,0.0,5492.0,4172.0,22.5
25.0,100.0,3299.999,1.38,28.0,720.0,0.8,0.0,5492.0,4172.0,22.5
26.0,100.0,3300.0,1.38,27.0,792.0,0.5,0.0,5492.0,4172.0,22.5
27.0,100.0,3299.999,1.38,26.0,720.0,0.4,0.0,5492.0,4172.0,22.5
28.0,93.8,3300.0,1.38,28.0,864.0,1.2,0.0,5492.0,4172.0,22.5
29.0,100.0,3299.999,1.38,32.0,648.0,1.5,0.0,5492.0,4172.0,22.5
30.0,100.0,3300.0,1.38,23.0,864.0,0.8,0.0,5492.0,4172.0,22.5
31.0,100.0,3300.0,1.38,29.0,936.0,2.3,0.0,5492.0,4172.0,22.5
32.0,100.0,3300.001,1.38,27.0,864.0,0.8,0.0,5492.0,4172.0,22.5
33.0,100.0,3299.999,1.38,29.0,1080.0,0.6,0.0,5492.0,4172.0,22.5
34.0,100.0,3300.0,1.38,28.0,936.0,0.8,0.0,5492.0,4172.0,22.5
35.0,100.0,3299.999,1.38,30.0,936.0,0.7,0.0,5492.0,4172.0,22.5
36.0,100.0,3300.0,1.38,27.0,1080.0,3.0,0.0,5492.0,4172.0,22.5
37.0,93.8,3299.999,1.38,28.0,1008.0,1.2,0.0,5492.0,4172.0,22.5
38.0,100.0,3299.999,1.38,34.0,792.0,1.8,0.0,5492.0,4172.0,22.5
39.0,100.0,3300.0,1.38,24.0,792.0,0.6,0.0,5492.0,4172.0,22.5
