time,CPU_Utilization,Frequency,IPC,Misses,LLC,MBL,Memory_Footprint,Virt_Memory,Res_Memory,Allocated_Cache
0.0,100.0,3299.999,1.36,0.0,0.0,0.0,0.0,4892.0,3560.0,9.0
1.0,100.0,3300.0,1.38,31.0,1152.0,0.4,0.0,5348.0,3948.0,9.0
2.0,93.8,3299.999,1.38,36.0,1224.0,0.6,0.0,5348.0,3948.0,9.0
3.0,100.0,3300.0,1.38,29.0,1224.0,0.6,0.0,5348.0,3948.0,9.0
4.0,100.0,3300.0,1.38,32.0,648.0,0.6,0.0,5348.0,3948.0,9.0
5.0,100.0,3299.999,1.38,33.0,1008.0,0.6,0.0,5348.0,3948.0,9.0
6.0,100.0,3299.999,1.38,31.0,1008.0,0.4,0.0,5348.0,3948.0,9.0
7.0,100.0,3299.999,1.38,33.0,576.0,0.6,0.0,5492.0,4120.0,9.0
8.0,100.0,3299.999,1.38,39.0,1224.0,1.3,0.0,5492.0,4120.0,9.0
9.0,100.0,3300.0,1.38,34.0,1296.0,0.6,0.0,5492.0,4120.0,9.0
10.0,93.8,3299.999,1.38,28.0,1152.0,0.4,0.0,5492.0,4120.0,9.0
11.0,100.0,3300.0,1.38,34.0,1152.0,0.5,0.0,5492.0,4120.0,9.0
12.0,100.0,3300.0,1.38,34.0,1008.0,0.7,0.0,5492.0,4120.0,9.0
13.0,100.0,3299.999,1.38,33.0,1008.0,1.0,0.0,5492.0,4120.0,9.0
14.0,100.0,3300.0,1.38,32.0,1080.0,0.8,0.0,5492.0,4120.0,9.0
15.0,100.0,3299.999,1.38,31.0,792.0,0.1,0.0,5492.0,4120.0,9.0
16.0,100.0,3299.999,1.38,34.0,1152.0,0.6,0.0,5492.0,4120.0,9.0
17.0,100.0,3300.0,1.38,32.0,1152.0,0.4,0.0,5492.0,4120.0,9.0
18.0,100.0,3300.0,1.38,30.0,1224.0,0.1,0.0,5492.0,4120.0,9.0
19.0,100.0,3299.999,1.38,34.0,1224.0,0.2,0.0,5492.0,4120.0,9.0
20.0,100.0,3300.0,1.38,29.0,1296.0,0.1,0.0,5492.0,4120.0,9.0
21.0,100.0,3300.0,1.38,39.0,1368.0,0.8,0.0,5492.0,4120.0,9.0
22.0,100.0,3300.0,1.38,29.0,1368.0,0.2,0.0,5492.0,4120.0,9.0
23.0,100.0,3299.999,1.38,30.0,1224.0,0.1,0.0,5492.0,4120.0,9.0
24.0,100.0,3299.999,1.38,27.0,1296.0,0.4,0.0,5492.0,4120.0,9.0
25.0,100.0,3299.999,1.38,35.0,1008.0,0.2,0.0,5492.0,4120.0,9.0
26.0,100.0,3300.001,1.38,32.0,1296.0,0.7,0.0,5492.0,4120.0,9.0
27.0,100.0,3300.0,1.38,28.0,1224.0,1.7,0.0,5492.0,4120.0,9.0
28.0,100.0,3299.999,1.38,32.0,1152.0,0.1,0.0,5492.0,4120.0,9.0
29.0,100.0,3299.999,1.38,38.0,936.0,0.3,0.0,5492.0,4120.0,9.0
30.0,100.0,3300.0,1.38,29.0,1152.0,0.2,0.0,5492.0,4120.0,9.0
31.0,100.0,3299.999,1.38,35.0,1008.0,0.4,0.0,5492.0,4120.0,9.0
32.0,100.0,3299.999,1.38,30.0,1152.0,0.6,0.0,5492.0,4120.0,9.0
33.0,100.0,3299.999,1.38,31.0,864.0,0.9,0.0,5492.0,4120.0,9.0
34.0,100.0,3299.999,1.38,33.0,1152.0,0.6,0.0,5492.0,4120.0,9.0
35.0,100.0,3300.0,1.38,35.0,1224.0,2.1,0.0,5492.0,4120.0,9.0
36.0,100.0,3299.999,1.38,31.0,1008.0,0.3,0.0,5492.0,4120.0,9.0
37.0,100.0,3299.999,1.38,31.0,792.0,0.4,0.0,5492.0,4120.0,9.0
38.0,100.0,3299.999,1.38,40.0,1008.0,1.6,0.0,5492.0,4120.0,9.0
39.0,100.0,3300.0,1.38,29.0,1008.0,0.1,0.0,5492.0,4120.0,9.0
