time,CPU_Utilization,Frequency,IPC,Misses,LLC,MBL,Memory_Footprint,Virt_Memory,Res_Memory,Allocated_Cache
0.0,100.0,3300.0,2.06,0.0,0.0,0.0,0.0,19800.0,17880.0,9.0
1.0,100.0,3299.999,2.27,188.0,4752.0,14.5,0.0,23392.0,21496.0,9.0
2.0,100.0,3300.0,2.31,407.0,7704.0,30.6,0.0,25788.0,23916.0,9.0
3.0,100.0,3299.999,2.31,546.0,7344.0,37.4,0.0,28184.0,26340.0,9.0
4.0,100.0,3300.0,2.25,672.0,7200.0,37.4,0.0,28820.0,26988.0,9.0
5.0,100.0,3299.999,2.26,692.0,7704.0,36.0,0.0,29140.0,27308.0,9.0
6.0,93.3,3300.0,2.31,695.0,7200.0,43.0,0.0,29780.0,27932.0,9.0
7.0,100.0,3299.999,2.08,643.0,6840.0,36.8,0.0,30096.0,28252.0,9.0
8.0,100.0,3299.999,2.24,682.0,6984.0,36.4,0.0,30000.0,28332.0,9.0
9.0,100.0,3300.0,2.25,684.0,7416.0,36.1,0.0,30000.0,28332.0,9.0
10.0,100.0,3299.999,2.31,704.0,6120.0,40.9,0.0,30000.0,28332.0,9.0
11.0,100.0,3299.999,2.33,743.0,7056.0,37.1,0.0,30000.0,28332.0,9.0
12.0,100.0,3299.999,2.32,677.0,7200.0,43.1,0.0,30000.0,28332.0,9.0
13.0,100.0,3300.0,2.32,700.0,7416.0,50.4,0.0,30000.0,28332.0,9.0
14.0,100.0,3300.0,2.33,738.0,7776.0,39.9,0.0,30000.0,28332.0,9.0
15.0,100.0,3300.0,2.31,661.0,7272.0,39.0,0.0,30000.0,28332.0,9.0
16.0,100.0,3299.999,2.33,669.0,7560.0,37.2,0.0,30000.0,28340.0,9.0
17.0,100.0,3299.999,2.33,672.0,7416.0,35.3,0.0,30000.0,28340.0,9.0
18.0,100.0,3299.999,2.32,676.0,7488.0,35.7,0.0,30000.0,28336.0,9.0
19.0,100.0,3300.0,2.34,698.0,7128.0,38.5,0.0,30000.0,28336.0,9.0
20.0,100.0,3299.999,2.31,683.0,7272.0,36.5,0.0,30000.0,28336.0,9.0
21.0,100.0,3299.999,2.33,696.0,7200.0,44.4,0.0,30000.0,28336.0,9.0
22.0,100.0,3299.999,2.33,702.0,7272.0,40.0,0.0,30000.0,28336.0,9.0
23.0,100.0,3300.0,2.32,675.0,7632.0,45.8,0.0,30000.0,28336.0,9.0
24.0,100.0,3300.0,2.33,715.0,7488.0,44.9,0.0,30000.0,28336.0,9.0
25.0,100.0,3299.999,2.32,638.0,7272.0,39.7,0.0,30000.0,28336.0,9.0
26.0,100.0,3299.999,2.33,670.0,7560.0,39.2,0.0,30000.0,28336.0,9.0
27.0,100.0,3300.0,2.34,721.0,7776.0,42.1,0.0,30000.0,28336.0,9.0
28.0,100.0,3299.999,2.32,670.0,7344.0,37.5,0.0,30000.0,28332.0,9.0
29.0,100.0,3300.0,2.34,685.0,7488.0,35.4,0.0,30000.0,28072.0,9.0
30.0,100.0,3300.0,2.33,683.0,6840.0,34.5,0.0,30000.0,28336.0,9.0
31.0,93.8,3299.999,2.33,708.0,6984.0,39.7,0.0,30000.0,28336.0,9.0
32.0,100.0,3299.999,2.18,662.0,6768.0,34.7,0.0,30000.0,28336.0,9.0
33.0,100.0,3300.0,2.19,662.0,7488.0,39.4,0.0,30000.0,28336.0,9.0
34.0,100.0,3300.0,2.34,685.0,7416.0,43.0,0.0,30000.0,28336.0,9.0
35.0,100.0,3299.999,2.33,657.0,7488.0,39.2,0.0,30000.0,28336.0,9.0
36.0,100.0,3300.0,2.33,672.0,7128.0,38.9,0.0,30000.0,28336.0,9.0
37.0,100.0,3299.999,2.34,658.0,7272.0,35.9,0.0,30000.0,28336.0,9.0
38.0,100.0,3300.0,2.33,665.0,6912.0,33.3,0.0,30000.0,28336.0,9.0
39.0,100.0,3299.999,2.34,697.0,7560.0,34.8,0.0,30000.0,28332.0,9.0
