time,CPU_Utilization,Frequency,IPC,Misses,LLC,MBL,Memory_Footprint,Virt_Memory,Res_Memory,Allocated_Cache
0.0,100.0,3299.999,2.05,0.0,0.0,0.0,0.0,19800.0,17880.0,2.25
1.0,100.0,3299.999,2.25,1608.0,1512.0,105.4,0.0,24592.0,22712.0,2.25
2.0,100.0,3299.999,2.27,3943.0,1800.0,366.5,0.0,26984.0,25124.0,2.25
3.0,100.0,3300.0,2.26,5684.0,1800.0,444.3,0.0,28184.0,26340.0,2.25
4.0,100.0,3300.0,2.27,6538.0,1872.0,515.2,0.0,28820.0,26988.0,2.25
5.0,100.0,3299.999,2.25,6707.0,1872.0,538.5,0.0,29140.0,27308.0,2.25
6.0,100.0,3300.0,2.26,6636.0,1800.0,524.5,0.0,29780.0,27932.0,2.25
7.0,100.0,3300.0,2.25,6680.0,1800.0,527.2,0.0,30096.0,28252.0,2.25
8.0,93.8,3299.999,2.24,6816.0,1656.0,535.1,0.0,30000.0,28332.0,2.25
9.0,100.0,3300.0,2.26,6718.0,2016.0,552.0,0.0,30000.0,28332.0,2.25
10.0,100.0,3299.999,2.24,6802.0,1800.0,549.6,0.0,30000.0,28332.0,2.25
11.0,100.0,3300.0,2.26,6802.0,1944.0,565.9,0.0,30000.0,28332.0,2.25
12.0,100.0,3300.0,2.24,6634.0,1872.0,548.8,0.0,30000.0,28332.0,2.25
13.0,100.0,3300.0,2.26,6600.0,1584.0,544.6,0.0,30000.0,28332.0,2.25
14.0,100.0,3299.999,2.24,6669.0,1728.0,525.0,0.0,30000.0,28332.0,2.25
15.0,100.0,3300.0,2.26,6628.0,1800.0,536.4,0.0,30000.0,28332.0,2.25
16.0,100.0,3299.999,2.26,6589.0,1872.0,536.1,0.0,30000.0,28332.0,2.25
17.0,100.0,3300.0,2.25,6518.0,2016.0,548.4,0.0,30000.0,28340.0,2.25
18.0,100.0,3299.999,2.27,6533.0,2016.0,538.6,0.0,30000.0,28336.0,2.25
19.0,93.8,3300.0,2.25,6725.0,2088.0,539.0,0.0,30000.0,28336.0,2.25
20.0,100.0,3299.999,2.26,6462.0,1512.0,527.4,0.0,30000.0,28336.0,2.25
21.0,100.0,3300.0,2.25,6713.0,1656.0,532.9,0.0,30000.0,28336.0,2.25
22.0,93.8,3299.999,2.26,6570.0,1656.0,542.5,0.0,30000.0,28336.0,2.25
23.0,100.0,3300.0,2.26,6639.0,2304.0,515.9,0.0,30000.0,28336.0,2.25
24.0,93.8,3299.999,2.26,6522.0,1944.0,529.7,0.0,30000.0,28336.0,2.25
25.0,93.8,3299.999,2.27,6642.0,1728.0,520.3,0.0,30000.0,28336.0,2.25
26.0,100.0,3300.0,2.25,6580.0,1872.0,539.8,0.0,30000.0,28336.0,2.25
27.0,100.0,3299.999,2.27,6666.0,1656.0,526.6,0.0,30000.0,28336.0,2.25
28.0,100.0,3300.0,2.25,6656.0,1944.0,555.5,0.0,30000.0,28336.0,2.25
29.0,100.0,3299.999,2.27,6684.0,1656.0,536.1,0.0,30000.0,28336.0,2.25
30.0,100.0,3300.0,2.25,6603.0,1872.0,529.7,0.0,30000.0,28336.0,2.25
31.0,100.0,3300.0,2.27,6671.0,1944.0,540.8,0.0,30000.0,28336.0,2.25
32.0,100.0,3299.999,2.27,6502.0,2088.0,527.3,0.0,30000.0,28336.0,2.25
33.0,100.0,3300.0,2.25,6749.0,2160.0,539.2,0.0,30000.0,28336.0,2.25
34.0,100.0,3299.999,2.27,6608.0,1512.0,523.5,0.0,30000.0,28336.0,2.25
35.0,100.0,3299.999,2.25,6595.0,1872.0,535.4,0.0,30000.0,28336.0,2.25
36.0,100.0,3300.0,2.27,6502.0,1800.0,543.2,0.0,30000.0,28336.0,2.25
37.0,100.0,3299.999,2.26,6545.0,1728.0,552.3,0.0,30000.0,28336.0,2.25
38.0,100.0,3299.999,2.27,6508.0,1728.0,555.6,0.0,30000.0,28336.0,2.25
39.0,100.0,3299.999,2.27,6592.0,1944.0,545.4,0.0,30000.0,28336.0,2.25
