time,CPU_Utilization,Frequency,IPC,Misses,LLC,MBL,Memory_Footprint,Virt_Memory,Res_Memory,Allocated_Cache
0.0,100.0,3300.0,2.21,0.0,0.0,0.0,0.0,19800.0,17924.0,18.0
1.0,100.0,3299.999,2.28,100.0,6984.0,11.1,0.0,23392.0,21540.0,18.0
2.0,100.0,3299.999,1.75,184.0,8136.0,15.0,0.0,25788.0,23960.0,18.0
3.0,100.0,3300.0,2.23,258.0,9360.0,17.3,0.0,28184.0,26384.0,18.0
4.0,100.0,3299.999,2.33,317.0,10512.0,16.9,0.0,28500.0,26708.0,18.0
5.0,100.0,3299.999,2.32,309.0,10944.0,15.2,0.0,29140.0,27352.0,18.0
6.0,100.0,3300.0,2.06,325.0,10080.0,14.1,0.0,29460.0,27672.0,18.0
7.0,100.0,3299.999,2.32,319.0,9936.0,13.5,0.0,30096.0,28296.0,18.0
8.0,100.0,3300.0,2.32,326.0,9576.0,12.9,0.0,30000.0,28356.0,18.0
9.0,100.0,3300.0,2.32,303.0,9504.0,14.7,0.0,30000.0,28376.0,18.0
10.0,100.0,3299.999,2.33,328.0,10440.0,15.3,0.0,30000.0,28376.0,18.0
11.0,100.0,3299.999,2.34,335.0,10008.0,13.7,0.0,30000.0,28376.0,18.0
12.0,100.0,3299.999,2.31,309.0,9792.0,13.4,0.0,30000.0,28376.0,18.0
13.0,100.0,3300.0,2.33,329.0,10656.0,18.0,0.0,30000.0,28376.0,18.0
14.0,100.0,3299.999,2.32,318.0,9936.0,16.5,0.0,30000.0,28376.0,18.0
15.0,100.0,3300.0,2.33,363.0,10080.0,16.7,0.0,30000.0,28376.0,18.0
16.0,100.0,3300.0,2.34,327.0,9720.0,14.6,0.0,30000.0,28376.0,18.0
17.0,100.0,3299.999,2.33,310.0,9936.0,14.6,0.0,30000.0,28384.0,18.0
18.0,100.0,3299.999,2.34,323.0,10440.0,16.0,0.0,30000.0,28380.0,18.0
19.0,100.0,3299.999,2.33,342.0,10440.0,14.8,0.0,30000.0,28380.0,18.0
20.0,93.8,3300.0,2.33,315.0,10584.0,14.6,0.0,30000.0,28380.0,18.0
21.0,100.0,3299.999,2.33,322.0,10728.0,13.6,0.0,30000.0,28380.0,18.0
22.0,93.8,3300.0,2.32,312.0,10008.0,15.8,0.0,30000.0,28380.0,18.0
23.0,100.0,3299.999,2.34,325.0,11088.0,14.6,0.0,30000.0,28380.0,18.0
24.0,100.0,3300.0,2.34,327.0,10656.0,14.9,0.0,30000.0,28380.0,18.0
25.0,100.0,3300.0,2.32,309.0,9720.0,13.1,0.0,30000.0,28380.0,18.0
26.0,100.0,3300.0,2.34,331.0,9360.0,14.1,0.0,30000.0,28380.0,18.0
27.0,100.0,3300.0,2.33,327.0,9648.0,14.1,0.0,30000.0,28380.0,18.0
28.0,100.0,3299.999,2.33,338.0,10656.0,14.5,0.0,30000.0,28376.0,18.0
29.0,100.0,3300.0,2.34,340.0,10800.0,16.9,0.0,30000.0,28380.0,18.0
30.0,100.0,3299.999,2.33,329.0,11232.0,15.0,0.0,30000.0,28380.0,18.0
31.0,100.0,3299.999,2.34,326.0,10584.0,13.5,0.0,30000.0,28380.0,18.0
32.0,100.0,3299.999,2.34,337.0,10800.0,16.6,0.0,30000.0,28380.0,18.0
33.0,100.0,3299.999,2.33,326.0,10152.0,14.7,0.0,30000.0,28380.0,18.0
34.0,100.0,3300.0,2.34,325.0,10872.0,14.3,0.0,30000.0,28380.0,18.0
35.0,100.0,3299.999,2.33,312.0,10368.0,14.7,0.0,30000.0,28380.0,18.0
36.0,100.0,3300.0,2.34,343.0,9576.0,13.9,0.0,30000.0,28380.0,18.0
37.0,93.8,3299.999,2.34,339.0,9144.0,11.1,0.0,30000.0,28380.0,18.0
38.0,100.0,3300.0,2.33,322.0,9864.0,16.0,0.0,30000.0,28380.0,18.0
39.0,100.0,3299.999,2.35,338.0,9792.0,14.1,0.0,30000.0,28376.0,18.0
