time,CPU_Utilization,Frequency,IPC,Misses,LLC,MBL,Memory_Footprint,Virt_Memory,Res_Memory,Allocated_Cache
0.0,100.0,3299.999,2.17,0.0,0.0,0.0,0.0,19800.0,17884.0,24.75
0.0,100.0,3300.0,2.17,0.0,0.0,0.0,0.0,21000.0,19096.0,24.75
1.0,100.0,3299.999,2.28,109.0,4752.0,7.9,0.0,24592.0,22716.0,24.75
2.0,100.0,3300.0,2.22,117.0,7344.0,9.7,0.0,25788.0,23920.0,24.75
3.0,100.0,3299.999,1.81,136.0,8352.0,11.0,0.0,28184.0,26344.0,24.75
4.0,100.0,3299.999,2.33,183.0,10080.0,11.8,0.0,28500.0,26668.0,24.75
5.0,100.0,3300.0,2.32,161.0,10152.0,9.7,0.0,29140.0,27312.0,24.75
6.0,100.0,3299.999,2.34,203.0,10440.0,11.7,0.0,29780.0,27936.0,24.75
7.0,100.0,3300.0,2.32,160.0,9648.0,6.0,0.0,30096.0,28256.0,24.75
8.0,100.0,3299.999,2.32,173.0,9864.0,7.6,0.0,30000.0,28336.0,24.75
9.0,100.0,3299.999,2.33,187.0,9936.0,7.8,0.0,30000.0,28336.0,24.75
10.0,100.0,3299.999,2.32,161.0,8856.0,5.7,0.0,30000.0,28336.0,24.75
11.0,100.0,3299.999,2.33,187.0,9360.0,8.6,0.0,30000.0,28336.0,24.75
12.0,100.0,3299.999,2.33,177.0,9648.0,5.8,0.0,30000.0,28336.0,24.75
13.0,100.0,3300.0,2.32,168.0,9576.0,7.3,0.0,30000.0,28336.0,24.75
14.0,100.0,3299.999,2.33,191.0,10440.0,9.8,0.0,30000.0,28336.0,24.75
15.0,100.0,3300.0,2.31,178.0,8208.0,6.8,0.0,30000.0,28336.0,24.75
16.0,100.0,3299.999,2.34,236.0,9288.0,8.8,0.0,30000.0,28344.0,24.75
17.0,100.0,3300.0,2.34,185.0,9648.0,7.4,0.0,30000.0,28344.0,24.75
18.0,100.0,3299.999,2.32,174.0,9864.0,4.2,0.0,30000.0,28340.0,24.75
19.0,100.0,3299.999,2.34,184.0,9648.0,6.7,0.0,30000.0,28340.0,24.75
20.0,100.0,3300.0,2.32,172.0,9864.0,6.7,0.0,30000.0,28340.0,24.75
21.0,100.0,3300.0,2.33,184.0,10080.0,7.6,0.0,30000.0,28340.0,24.75
22.0,100.0,3299.999,2.33,190.0,9864.0,7.9,0.0,30000.0,28340.0,24.75
23.0,100.0,3300.0,2.32,162.0,8856.0,6.3,0.0,30000.0,28340.0,24.75
24.0,100.0,3299.999,2.34,190.0,10080.0,8.1,0.0,30000.0,28340.0,24.75
25.0,100.0,3300.0,2.33,185.0,9576.0,6.0,0.0,30000.0,28340.0,24.75
26.0,100.0,3299.999,2.33,189.0,10080.0,8.8,0.0,30000.0,28340.0,24.75
27.0,100.0,3299.999,2.35,187.0,10368.0,6.4,0.0,30000.0,28340.0,24.75
28.0,100.0,3299.999,2.32,167.0,9504.0,4.8,0.0,30000.0,28336.0,24.75
29.0,100.0,3300.0,2.34,197.0,10080.0,8.6,0.0,30000.0,28340.0,24.75
30.0,100.0,3300.0,2.34,192.0,10440.0,8.7,0.0,30000.0,28340.0,24.75
31.0,100.0,3300.0,2.33,177.0,9792.0,6.8,0.0,30000.0,28340.0,24.75
32.0,100.0,3299.999,2.34,192.0,9720.0,7.9,0.0,30000.0,28340.0,24.75
33.0,100.0,3300.0,2.33,171.0,9504.0,8.2,0.0,30000.0,28340.0,24.75
34.0,93.8,3300.0,2.34,187.0,9216.0,7.5,0.0,30000.0,28340.0,24.75
35.0,100.0,3300.0,2.03,167.0,8784.0,6.5,0.0,30000.0,28340.0,24.75
36.0,100.0,3299.999,1.83,207.0,10008.0,8.7,0.0,30000.0,28340.0,24.75
37.0,100.0,3299.999,2.33,178.0,9432.0,6.3,0.0,30000.0,28340.0,24.75
38.0,100.0,3300.0,2.35,206.0,11088.0,9.1,0.0,30000.0,28340.0,24.75
39.0,100.0,3300.0,2.24,175.0,10368.0,9.8,0.0,30000.0,28336.0,24.75
40.0,100.0,3300.0,2.33,198.0,9864.0,8.4,0.0,30000.0,28340.0,24.75
41.0,100.0,3300.0,2.34,183.0,9936.0,8.2,0.0,30000.0,28340.0,24.75
42.0,93.8,3299.999,2.32,163.0,9144.0,6.5,0.0,30000.0,28340.0,24.75
43.0,100.0,3299.999,2.33,177.0,10224.0,7.5,0.0,30000.0,28340.0,24.75
44.0,100.0,3299.999,2.33,186.0,10656.0,9.8,0.0,30000.0,28340.0,24.75
45.0,100.0,3299.999,2.32,179.0,10368.0,6.5,0.0,30000.0,28340.0,24.75
46.0,100.0,3299.999,2.35,182.0,10728.0,10.4,0.0,30000.0,28340.0,24.75
47.0,100.0,3300.0,2.32,171.0,10080.0,9.7,0.0,30000.0,28340.0,24.75
48.0,100.0,3300.0,2.34,186.0,11016.0,8.6,0.0,30000.0,28340.0,24.75
49.0,100.0,3299.999,2.32,168.0,10800.0,11.0,0.0,30000.0,28340.0,24.75
50.0,100.0,3299.999,2.31,170.0,10656.0,7.5,0.0,30000.0,28340.0,24.75
51.0,100.0,3300.0,2.33,180.0,10368.0,8.3,0.0,30000.0,28340.0,24.75
52.0,100.0,3299.999,2.31,163.0,10152.0,7.5,0.0,30000.0,28340.0,24.75
53.0,100.0,3299.999,2.33,180.0,9792.0,8.9,0.0,30000.0,28340.0,24.75
54.0,100.0,3299.999,2.32,185.0,9936.0,6.6,0.0,30000.0,28340.0,24.75
55.0,100.0,3300.0,2.32,183.0,9576.0,7.9,0.0,30000.0,28340.0,24.75
56.0,100.0,3300.0,2.33,182.0,9936.0,7.0,0.0,30000.0,28340.0,24.75
57.0,100.0,3299.999,2.31,166.0,9504.0,8.2,0.0,30000.0,28340.0,24.75
58.0,93.8,3300.0,2.33,179.0,9504.0,6.8,0.0,30000.0,28340.0,24.75
59.0,100.0,3300.0,2.33,170.0,10368.0,7.2,0.0,30000.0,28340.0,24.75
60.0,100.0,3299.999,2.33,166.0,9720.0,6.8,0.0,30000.0,28336.0,24.75
61.0,100.0,3299.999,2.35,181.0,10224.0,8.2,0.0,30000.0,28340.0,24.75
62.0,100.0,3300.0,2.33,178.0,9216.0,6.3,0.0,30000.0,28340.0,24.75
63.0,100.0,3299.999,2.35,188.0,9648.0,7.3,0.0,30000.0,28340.0,24.75
64.0,100.0,3299.999,2.35,184.0,10152.0,8.3,0.0,30000.0,28340.0,24.75
65.0,100.0,3299.999,1.99,159.0,9000.0,7.3,0.0,30000.0,28340.0,24.75
66.0,100.0,3300.0,1.72,191.0,9504.0,5.8,0.0,30000.0,28340.0,24.75
67.0,100.0,3300.0,2.35,187.0,10152.0,6.8,0.0,30000.0,28340.0,24.75
68.0,100.0,3300.0,2.34,178.0,9936.0,6.5,0.0,30000.0,28340.0,24.75
69.0,100.0,3299.999,2.34,178.0,10152.0,7.2,0.0,30000.0,28340.0,24.75
70.0,100.0,3299.999,2.36,180.0,10368.0,8.6,0.0,30000.0,28340.0,24.75
71.0,100.0,3300.0,2.34,171.0,9072.0,6.5,0.0,30000.0,28336.0,24.75
