time,CPU_Utilization,Frequency,IPC,Misses,LLC,MBL,Memory_Footprint,Virt_Memory,Res_Memory,Allocated_Cache
0.0,93.8,3299.999,2.19,0.0,0.0,0.0,0.0,19800.0,17720.0,4.5
1.0,100.0,3299.999,2.27,547.0,2952.0,38.0,0.0,23392.0,21336.0,4.5
2.0,100.0,3300.0,2.3,1349.0,3312.0,75.4,0.0,25788.0,23756.0,4.5
3.0,100.0,3299.999,2.29,2174.0,3960.0,85.2,0.0,28184.0,26180.0,4.5
4.0,100.0,3300.0,2.3,2725.0,3744.0,122.4,0.0,28820.0,26828.0,4.5
5.0,100.0,3299.999,2.3,2627.0,3888.0,120.7,0.0,29140.0,27148.0,4.5
6.0,100.0,3299.999,2.29,2743.0,3816.0,109.4,0.0,29780.0,27772.0,4.5
7.0,100.0,3299.999,2.3,2692.0,3960.0,99.8,0.0,30096.0,28092.0,4.5
8.0,100.0,3299.999,2.28,2735.0,4032.0,110.5,0.0,30000.0,28172.0,4.5
9.0,100.0,3300.0,2.3,2742.0,4104.0,106.7,0.0,30000.0,28172.0,4.5
10.0,100.0,3299.999,2.29,2674.0,3888.0,107.6,0.0,30000.0,28172.0,4.5
11.0,100.0,3299.999,2.29,2659.0,4176.0,100.8,0.0,30000.0,28172.0,4.5
12.0,100.0,3300.0,2.3,2759.0,3888.0,106.0,0.0,30000.0,28172.0,4.5
13.0,100.0,3300.0,2.28,2659.0,3888.0,101.2,0.0,30000.0,28172.0,4.5
14.0,100.0,3300.0,2.3,2655.0,3960.0,111.1,0.0,30000.0,28172.0,4.5
15.0,100.0,3299.999,1.98,2327.0,3240.0,82.5,0.0,30000.0,28172.0,4.5
16.0,100.0,3300.0,2.3,2700.0,3816.0,118.9,0.0,30000.0,28180.0,4.5
17.0,100.0,3299.999,2.3,2590.0,3816.0,104.1,0.0,30000.0,28180.0,4.5
18.0,100.0,3299.999,2.3,2597.0,4176.0,105.1,0.0,30000.0,28176.0,4.5
19.0,100.0,3300.0,2.31,2607.0,3888.0,91.8,0.0,30000.0,28176.0,4.5
20.0,100.0,3299.999,2.29,2644.0,4320.0,102.0,0.0,30000.0,28176.0,4.5
21.0,93.8,3299.999,2.3,2645.0,3888.0,94.2,0.0,30000.0,28176.0,4.5
22.0,100.0,3300.0,2.1,2520.0,3888.0,88.6,0.0,30000.0,28176.0,4.5
23.0,93.8,3300.0,2.31,2635.0,3672.0,101.3,0.0,30000.0,28176.0,4.5
24.0,100.0,3300.0,2.3,2714.0,3744.0,94.6,0.0,30000.0,28176.0,4.5
25.0,93.8,3299.999,2.31,2652.0,3600.0,95.5,0.0,30000.0,28176.0,4.5
26.0,100.0,3300.0,2.31,2693.0,3744.0,98.2,0.0,30000.0,28176.0,4.5
27.0,100.0,3299.999,2.3,2630.0,3816.0,88.0,0.0,30000.0,28176.0,4.5
28.0,100.0,3300.0,2.31,2709.0,3816.0,106.4,0.0,30000.0,28176.0,4.5
29.0,100.0,3299.999,2.29,2713.0,4176.0,87.3,0.0,30000.0,28176.0,4.5
30.0,100.0,3299.999,2.29,2673.0,3672.0,104.3,0.0,30000.0,28176.0,4.5
31.0,100.0,3300.0,2.3,2690.0,3816.0,106.7,0.0,30000.0,28176.0,4.5
32.0,100.0,3299.999,2.3,2655.0,4176.0,92.3,0.0,30000.0,28176.0,4.5
33.0,100.0,3300.0,2.31,2662.0,3600.0,106.8,0.0,30000.0,28176.0,4.5
34.0,100.0,3300.0,2.3,2698.0,3672.0,95.4,0.0,30000.0,28176.0,4.5
35.0,100.0,3299.999,2.31,2660.0,3888.0,89.6,0.0,30000.0,28176.0,4.5
36.0,100.0,3300.0,2.26,2581.0,3960.0,90.8,0.0,30000.0,28176.0,4.5
37.0,100.0,3300.0,2.11,2457.0,3888.0,84.4,0.0,30000.0,28176.0,4.5
38.0,100.0,3299.999,2.31,2694.0,2952.0,96.7,0.0,30000.0,28176.0,4.5
39.0,100.0,3300.0,2.3,2676.0,3744.0,90.7,0.0,30000.0,28172.0,4.5
