time,CPU_Utilization,Frequency,IPC,Misses,LLC,MBL,Memory_Footprint,Virt_Memory,Res_Memory,Allocated_Cache
0.0,100.0,3299.999,1.91,1.0,0.0,0.2,0.0,19800.0,17832.0,22.5
1.0,100.0,3300.0,2.24,122.0,4824.0,11.7,0.0,23392.0,21448.0,22.5
2.0,93.8,3299.999,1.81,199.0,7128.0,17.4,0.0,25788.0,23868.0,22.5
3.0,100.0,3300.0,2.15,289.0,10080.0,19.7,0.0,28184.0,26292.0,22.5
4.0,100.0,3300.0,1.84,270.0,9288.0,17.7,0.0,28500.0,26616.0,22.5
5.0,100.0,3299.999,2.31,342.0,10440.0,21.0,0.0,28724.0,26996.0,22.5
6.0,100.0,3299.999,2.29,324.0,10584.0,20.3,0.0,29460.0,27580.0,22.5
7.0,100.0,3299.999,2.31,319.0,10368.0,22.4,0.0,30096.0,28204.0,22.5
8.0,100.0,3300.0,2.28,324.0,10800.0,21.7,0.0,30000.0,28264.0,22.5
9.0,100.0,3300.0,2.28,311.0,11232.0,22.5,0.0,30000.0,28284.0,22.5
10.0,100.0,3299.999,2.3,335.0,10296.0,24.7,0.0,30000.0,28284.0,22.5
11.0,100.0,3300.0,2.28,307.0,10368.0,19.6,0.0,30000.0,28284.0,22.5
12.0,100.0,3299.999,2.3,342.0,10728.0,19.9,0.0,30000.0,28284.0,22.5
13.0,100.0,3299.999,2.29,323.0,9792.0,18.1,0.0,30000.0,28284.0,22.5
14.0,100.0,3300.0,2.29,350.0,10080.0,21.1,0.0,30000.0,28284.0,22.5
15.0,100.0,3299.999,2.31,309.0,10656.0,19.3,0.0,30000.0,28284.0,22.5
16.0,100.0,3300.0,2.18,302.0,10152.0,16.2,0.0,30000.0,28284.0,22.5
17.0,100.0,3300.0,2.3,338.0,10368.0,21.4,0.0,30000.0,28292.0,22.5
18.0,100.0,3300.0,2.3,317.0,9144.0,18.5,0.0,30000.0,28284.0,22.5
19.0,100.0,3299.999,2.28,308.0,9360.0,16.2,0.0,30000.0,28288.0,22.5
20.0,100.0,3300.0,2.31,317.0,10152.0,18.4,0.0,30000.0,28288.0,22.5
21.0,100.0,3299.999,2.28,330.0,10296.0,20.2,0.0,30000.0,28288.0,22.5
22.0,100.0,3300.0,2.3,358.0,10440.0,24.3,0.0,30000.0,28288.0,22.5
23.0,100.0,3300.0,2.29,329.0,10152.0,18.4,0.0,30000.0,28288.0,22.5
24.0,100.0,3300.0,2.31,355.0,10008.0,19.8,0.0,30000.0,28288.0,22.5
25.0,100.0,3299.999,2.3,342.0,9792.0,21.8,0.0,30000.0,28288.0,22.5
26.0,100.0,3299.999,2.31,342.0,9288.0,16.4,0.0,30000.0,28288.0,22.5
27.0,100.0,3300.0,2.31,369.0,9576.0,18.8,0.0,30000.0,28288.0,22.5
28.0,100.0,3299.999,2.29,323.0,8928.0,14.8,0.0,30000.0,28288.0,22.5
29.0,100.0,3300.0,1.83,283.0,9216.0,16.1,0.0,30000.0,28284.0,22.5
30.0,100.0,3299.999,2.09,365.0,9864.0,15.4,0.0,30000.0,28288.0,22.5
31.0,100.0,3300.0,2.31,347.0,9720.0,19.7,0.0,30000.0,28288.0,22.5
32.0,100.0,3300.0,2.3,327.0,9648.0,17.4,0.0,30000.0,28288.0,22.5
33.0,100.0,3299.999,1.91,297.0,9432.0,14.7,0.0,30000.0,28288.0,22.5
34.0,100.0,3299.999,2.12,369.0,9792.0,18.6,0.0,30000.0,28288.0,22.5
35.0,100.0,3299.999,1.77,265.0,8568.0,14.8,0.0,30000.0,28288.0,22.5
36.0,100.0,3300.0,2.15,382.0,9576.0,18.1,0.0,30000.0,28288.0,22.5
37.0,100.0,3300.0,2.3,319.0,9504.0,16.5,0.0,30000.0,28288.0,22.5
38.0,100.0,3299.999,2.32,349.0,10224.0,19.5,0.0,30000.0,28288.0,22.5
39.0,100.0,3300.0,2.3,346.0,9144.0,17.7,0.0,30000.0,28288.0,22.5
