time,CPU_Utilization,Frequency,IPC,Misses,LLC,MBL,Memory_Footprint,Virt_Memory,Res_Memory,Allocated_Cache
0.0,100.0,3299.999,2.14,1.0,0.0,0.0,0.0,19800.0,17932.0,6.75
1.0,100.0,3299.999,2.27,257.0,3960.0,21.3,0.0,23392.0,21548.0,6.75
2.0,100.0,3300.0,2.28,616.0,5688.0,34.7,0.0,25788.0,23968.0,6.75
3.0,100.0,3300.0,2.31,965.0,5832.0,52.3,0.0,28184.0,26392.0,6.75
4.0,93.8,3299.999,2.32,1215.0,5760.0,68.1,0.0,28820.0,27040.0,6.75
5.0,100.0,3300.0,2.32,1271.0,6048.0,71.6,0.0,29140.0,27360.0,6.75
6.0,100.0,3299.999,2.31,1238.0,6048.0,75.4,0.0,29780.0,27984.0,6.75
7.0,100.0,3300.0,2.32,1248.0,5976.0,73.7,0.0,30096.0,28304.0,6.75
8.0,100.0,3300.0,2.3,1266.0,5544.0,79.1,0.0,30000.0,28384.0,6.75
9.0,100.0,3300.0,2.32,1244.0,5976.0,92.1,0.0,30000.0,28384.0,6.75
10.0,100.0,3300.0,2.32,1244.0,6048.0,81.4,0.0,30000.0,28384.0,6.75
11.0,100.0,3300.0,2.31,1218.0,5328.0,63.5,0.0,30000.0,28384.0,6.75
12.0,100.0,3300.0,2.32,1178.0,5616.0,65.1,0.0,30000.0,28384.0,6.75
13.0,100.0,3299.999,2.31,1210.0,6048.0,62.6,0.0,30000.0,28384.0,6.75
14.0,100.0,3299.999,2.31,1247.0,5832.0,65.4,0.0,30000.0,28384.0,6.75
15.0,100.0,3299.999,2.32,1199.0,5688.0,63.6,0.0,30000.0,28384.0,6.75
16.0,100.0,3300.0,2.31,1165.0,5544.0,54.5,0.0,30000.0,28392.0,6.75
17.0,100.0,3299.999,2.33,1162.0,5328.0,55.2,0.0,29728.0,28120.0,6.75
18.0,100.0,3299.999,2.32,1223.0,5472.0,60.5,0.0,30000.0,28388.0,6.75
19.0,100.0,3300.0,2.32,1168.0,5976.0,74.2,0.0,30000.0,28388.0,6.75
20.0,100.0,3299.999,2.33,1220.0,5976.0,74.0,0.0,30000.0,28388.0,6.75
21.0,100.0,3300.0,2.3,1263.0,5832.0,66.1,0.0,30000.0,28388.0,6.75
22.0,100.0,3299.999,2.33,1227.0,5688.0,64.2,0.0,30000.0,28388.0,6.75
23.0,100.0,3299.999,2.32,1194.0,5832.0,50.8,0.0,30000.0,28388.0,6.75
24.0,100.0,3300.0,1.97,1013.0,6048.0,53.6,0.0,30000.0,28388.0,6.75
25.0,100.0,3299.999,2.32,1186.0,5760.0,53.1,0.0,30000.0,28388.0,6.75
26.0,100.0,3299.999,2.32,1207.0,5616.0,59.6,0.0,30000.0,28388.0,6.75
27.0,100.0,3299.999,2.33,1189.0,5616.0,59.6,0.0,30000.0,28388.0,6.75
28.0,100.0,3300.0,2.31,1228.0,5400.0,62.1,0.0,30000.0,28384.0,6.75
29.0,100.0,3299.999,2.33,1199.0,5904.0,71.9,0.0,30000.0,28388.0,6.75
30.0,100.0,3300.0,2.32,1244.0,5832.0,75.4,0.0,30000.0,28388.0,6.75
31.0,100.0,3299.999,2.32,1179.0,5832.0,81.5,0.0,30000.0,28388.0,6.75
32.0,100.0,3300.0,2.33,1187.0,5400.0,73.5,0.0,30000.0,28388.0,6.75
33.0,100.0,3300.0,2.3,1256.0,6120.0,66.4,0.0,30000.0,28388.0,6.75
34.0,100.0,3299.999,2.33,1210.0,5688.0,70.2,0.0,30000.0,28388.0,6.75
35.0,100.0,3299.999,2.32,1143.0,5400.0,63.6,0.0,30000.0,28388.0,6.75
36.0,100.0,3300.0,2.33,1212.0,5688.0,69.3,0.0,30000.0,28388.0,6.75
37.0,100.0,3300.0,2.33,1246.0,5544.0,75.7,0.0,30000.0,28388.0,6.75
38.0,100.0,3300.0,2.32,1170.0,5400.0,72.4,0.0,30000.0,28388.0,6.75
39.0,100.0,3300.0,2.33,1214.0,5688.0,79.3,0.0,30000.0,28388.0,6.75
