time,CPU_Utilization,Frequency,IPC,Misses,LLC,MBL,Memory_Footprint,Virt_Memory,Res_Memory,Allocated_Cache
0.0,100.0,3300.0,2.12,0.0,0.0,0.0,0.0,19800.0,17724.0,11.25
1.0,100.0,3299.999,2.27,144.0,5544.0,15.5,0.0,24592.0,22556.0,11.25
2.0,100.0,3300.0,2.32,311.0,8352.0,30.2,0.0,26984.0,24968.0,11.25
3.0,100.0,3300.0,2.32,398.0,8568.0,28.3,0.0,28184.0,26184.0,11.25
4.0,100.0,3299.999,1.93,440.0,8496.0,26.1,0.0,28820.0,26832.0,11.25
5.0,93.8,3300.0,2.27,534.0,8424.0,30.3,0.0,29140.0,27152.0,11.25
6.0,100.0,3300.0,2.33,540.0,8784.0,29.8,0.0,29780.0,27776.0,11.25
7.0,100.0,3300.0,2.32,515.0,9720.0,32.3,0.0,30096.0,28096.0,11.25
8.0,100.0,3300.0,2.31,552.0,8712.0,33.5,0.0,30000.0,28176.0,11.25
9.0,100.0,3300.0,2.33,520.0,9144.0,32.1,0.0,30000.0,28176.0,11.25
10.0,100.0,3300.0,2.31,506.0,8640.0,33.5,0.0,30000.0,28176.0,11.25
11.0,100.0,3299.999,2.33,534.0,9144.0,33.5,0.0,30000.0,28176.0,11.25
12.0,100.0,3300.0,2.32,522.0,9144.0,33.5,0.0,30000.0,28176.0,11.25
13.0,100.0,3299.999,2.31,512.0,8928.0,29.1,0.0,30000.0,28176.0,11.25
14.0,100.0,3300.0,2.33,545.0,9360.0,35.1,0.0,30000.0,28176.0,11.25
15.0,100.0,3299.999,2.31,510.0,9144.0,31.8,0.0,30000.0,28176.0,11.25
16.0,93.8,3300.0,2.32,520.0,9072.0,30.6,0.0,30000.0,28184.0,11.25
17.0,100.0,3299.999,2.33,529.0,9288.0,34.2,0.0,30000.0,28184.0,11.25
18.0,100.0,3300.0,2.32,514.0,9288.0,32.6,0.0,30000.0,28180.0,11.25
19.0,100.0,3300.0,2.33,527.0,9432.0,31.9,0.0,30000.0,28180.0,11.25
20.0,100.0,3299.999,2.32,507.0,9000.0,29.3,0.0,30000.0,28180.0,11.25
21.0,100.0,3299.999,2.32,539.0,8928.0,34.2,0.0,30000.0,28180.0,11.25
22.0,100.0,3300.0,2.21,500.0,8352.0,32.8,0.0,30000.0,28180.0,11.25
23.0,100.0,3299.999,2.32,521.0,8640.0,30.2,0.0,30000.0,28180.0,11.25
24.0,100.0,3299.999,2.34,542.0,8496.0,35.2,0.0,30000.0,28180.0,11.25
25.0,100.0,3300.0,2.32,510.0,8424.0,34.9,0.0,30000.0,28180.0,11.25
26.0,100.0,3299.999,2.34,536.0,8640.0,31.5,0.0,30000.0,28180.0,11.25
27.0,100.0,3300.0,2.34,554.0,9288.0,32.6,0.0,30000.0,28180.0,11.25
28.0,100.0,3299.999,2.32,523.0,8424.0,36.0,0.0,30000.0,28176.0,11.25
29.0,100.0,3300.0,2.34,540.0,8424.0,32.3,0.0,30000.0,28180.0,11.25
30.0,100.0,3300.0,2.08,480.0,7632.0,26.2,0.0,30000.0,28180.0,11.25
31.0,100.0,3300.0,2.06,486.0,9144.0,27.5,0.0,30000.0,28180.0,11.25
32.0,100.0,3299.999,2.32,532.0,8496.0,28.8,0.0,30000.0,28180.0,11.25
33.0,100.0,3300.0,2.34,511.0,8568.0,29.2,0.0,30000.0,28180.0,11.25
34.0,93.8,3299.999,2.33,506.0,9000.0,24.1,0.0,30000.0,28180.0,11.25
35.0,100.0,3300.0,2.33,512.0,8640.0,31.8,0.0,30000.0,28180.0,11.25
36.0,100.0,3299.999,2.34,516.0,8424.0,34.4,0.0,30000.0,28180.0,11.25
37.0,100.0,3300.0,2.09,463.0,7992.0,25.4,0.0,30000.0,28180.0,11.25
38.0,100.0,3299.999,2.1,517.0,8064.0,27.1,0.0,30000.0,28180.0,11.25
39.0,93.8,3300.0,2.32,519.0,8784.0,23.1,0.0,30000.0,28176.0,11.25
