time,CPU_Utilization,Frequency,IPC,Misses,LLC,MBL,Memory_Footprint,Virt_Memory,Res_Memory,Allocated_Cache
0.0,100.0,3299.999,2.14,0.0,0.0,0.0,0.0,19800.0,17732.0,15.75
1.0,100.0,3300.0,2.28,116.0,5112.0,9.8,0.0,23392.0,21348.0,15.75
2.0,100.0,3300.0,2.32,234.0,8424.0,21.2,0.0,25788.0,23768.0,15.75
3.0,100.0,3300.0,2.31,284.0,9072.0,17.8,0.0,28184.0,26192.0,15.75
4.0,100.0,3300.0,2.16,349.0,10008.0,19.8,0.0,28820.0,26840.0,15.75
5.0,100.0,3300.0,2.33,372.0,9504.0,20.1,0.0,29140.0,27160.0,15.75
6.0,100.0,3299.999,2.32,362.0,9576.0,18.3,0.0,29780.0,27784.0,15.75
7.0,93.8,3300.0,2.33,351.0,9648.0,17.5,0.0,30096.0,28104.0,15.75
8.0,100.0,3300.0,2.3,340.0,9576.0,16.7,0.0,30000.0,28184.0,15.75
9.0,100.0,3300.0,2.33,369.0,9504.0,17.2,0.0,30000.0,28184.0,15.75
10.0,100.0,3300.0,2.33,372.0,10368.0,17.2,0.0,30000.0,28184.0,15.75
11.0,100.0,3299.999,2.32,349.0,10152.0,14.1,0.0,30000.0,28184.0,15.75
12.0,100.0,3300.0,2.33,356.0,10152.0,15.9,0.0,30000.0,28184.0,15.75
13.0,100.0,3299.999,2.32,337.0,9720.0,16.8,0.0,30000.0,28184.0,15.75
14.0,100.0,3300.0,2.32,385.0,9720.0,16.9,0.0,30000.0,28184.0,15.75
15.0,100.0,3300.0,2.33,350.0,9720.0,16.7,0.0,30000.0,28184.0,15.75
16.0,100.0,3300.0,2.32,346.0,9432.0,11.5,0.0,30000.0,28192.0,15.75
17.0,100.0,3300.0,2.34,360.0,10080.0,20.2,0.0,30000.0,28192.0,15.75
18.0,100.0,3300.0,2.32,348.0,9792.0,19.9,0.0,30000.0,28188.0,15.75
19.0,100.0,3299.999,2.33,385.0,10224.0,23.6,0.0,30000.0,28188.0,15.75
20.0,100.0,3300.0,2.33,369.0,10368.0,21.4,0.0,30000.0,28188.0,15.75
21.0,100.0,3300.0,2.32,358.0,10080.0,18.0,0.0,30000.0,28188.0,15.75
22.0,100.0,3299.999,1.85,325.0,10296.0,20.0,0.0,30000.0,28188.0,15.75
23.0,100.0,3300.0,2.32,374.0,10656.0,17.6,0.0,30000.0,28188.0,15.75
24.0,100.0,3300.0,2.34,359.0,11016.0,18.2,0.0,30000.0,28188.0,15.75
25.0,100.0,3299.999,2.33,354.0,10800.0,16.9,0.0,30000.0,28188.0,15.75
26.0,100.0,3300.0,2.33,360.0,10944.0,17.5,0.0,30000.0,28188.0,15.75
27.0,93.8,3299.999,2.34,376.0,10008.0,18.2,0.0,30000.0,28188.0,15.75
28.0,100.0,3300.0,1.93,317.0,10296.0,16.2,0.0,30000.0,28184.0,15.75
29.0,100.0,3299.999,2.33,392.0,10368.0,19.8,0.0,30000.0,28188.0,15.75
30.0,93.8,3300.0,2.31,370.0,10368.0,17.9,0.0,30000.0,28188.0,15.75
31.0,100.0,3300.0,2.34,365.0,10368.0,19.5,0.0,30000.0,28188.0,15.75
32.0,93.8,3299.999,1.89,305.0,9144.0,13.8,0.0,30000.0,28188.0,15.75
33.0,100.0,3300.0,2.34,375.0,10656.0,20.7,0.0,30000.0,28188.0,15.75
34.0,100.0,3300.0,2.26,345.0,10584.0,18.1,0.0,30000.0,28188.0,15.75
35.0,100.0,3300.0,2.34,358.0,10224.0,18.8,0.0,30000.0,28188.0,15.75
36.0,100.0,3299.999,2.21,332.0,9720.0,16.9,0.0,30000.0,28188.0,15.75
37.0,100.0,3300.0,2.34,367.0,9576.0,18.7,0.0,30000.0,28188.0,15.75
38.0,100.0,3300.0,2.34,369.0,10440.0,18.8,0.0,30000.0,28188.0,15.75
39.0,93.8,3299.999,2.33,354.0,9792.0,19.1,0.0,30000.0,28184.0,15.75
