time,CPU_Utilization,Frequency,IPC,Misses,LLC,MBL,Memory_Footprint,Virt_Memory,Res_Memory,Allocated_Cache
0.0,100.0,3299.999,2.09,1.0,0.0,0.0,0.0,19800.0,17872.0,20.25
1.0,100.0,3300.0,2.27,99.0,4680.0,7.7,0.0,23392.0,21488.0,20.25
2.0,100.0,3300.0,2.32,185.0,6768.0,11.8,0.0,25788.0,23908.0,20.25
3.0,93.8,3299.999,2.32,237.0,7704.0,10.7,0.0,28184.0,26332.0,20.25
4.0,100.0,3300.0,2.14,307.0,9864.0,15.5,0.0,28820.0,26980.0,20.25
5.0,93.8,3299.999,2.33,301.0,9936.0,11.5,0.0,29140.0,27300.0,20.25
6.0,100.0,3299.999,2.33,331.0,9864.0,12.4,0.0,29780.0,27924.0,20.25
7.0,100.0,3300.0,2.32,303.0,9576.0,13.4,0.0,30096.0,28244.0,20.25
8.0,93.8,3300.0,2.27,280.0,9360.0,8.9,0.0,30000.0,28324.0,20.25
9.0,100.0,3300.0,2.15,315.0,9000.0,14.4,0.0,30000.0,28324.0,20.25
10.0,100.0,3299.999,2.3,296.0,8856.0,12.0,0.0,30000.0,28324.0,20.25
11.0,100.0,3300.0,2.34,316.0,9504.0,11.5,0.0,30000.0,28324.0,20.25
12.0,100.0,3299.999,2.33,311.0,9360.0,9.4,0.0,30000.0,28324.0,20.25
13.0,100.0,3300.0,2.32,293.0,8712.0,11.5,0.0,30000.0,28324.0,20.25
14.0,100.0,3300.0,2.33,316.0,9648.0,12.0,0.0,30000.0,28324.0,20.25
15.0,100.0,3299.999,2.32,297.0,9144.0,11.3,0.0,30000.0,28324.0,20.25
16.0,100.0,3299.999,2.19,300.0,9504.0,12.0,0.0,30000.0,28332.0,20.25
17.0,100.0,3299.999,2.34,308.0,9648.0,11.6,0.0,30000.0,28332.0,20.25
18.0,100.0,3299.999,2.33,305.0,8928.0,11.1,0.0,30000.0,28328.0,20.25
19.0,100.0,3299.999,2.32,313.0,9072.0,13.6,0.0,30000.0,28328.0,20.25
20.0,100.0,3300.0,2.32,288.0,8928.0,10.2,0.0,30000.0,28328.0,20.25
21.0,100.0,3299.999,2.26,308.0,8928.0,14.6,0.0,30000.0,28328.0,20.25
22.0,100.0,3300.0,2.33,309.0,9144.0,13.2,0.0,30000.0,28328.0,20.25
23.0,100.0,3300.0,2.33,299.0,9216.0,12.9,0.0,30000.0,28328.0,20.25
24.0,100.0,3300.0,2.34,319.0,10296.0,12.2,0.0,30000.0,28328.0,20.25
25.0,100.0,3300.0,2.32,289.0,9288.0,15.5,0.0,30000.0,28328.0,20.25
26.0,100.0,3299.999,2.34,306.0,9864.0,14.8,0.0,30000.0,28328.0,20.25
27.0,100.0,3300.0,2.34,323.0,10152.0,14.9,0.0,30000.0,28328.0,20.25
28.0,100.0,3300.0,2.32,303.0,10008.0,14.0,0.0,30000.0,28324.0,20.25
29.0,100.0,3299.999,2.34,313.0,9648.0,11.1,0.0,30000.0,28328.0,20.25
30.0,100.0,3299.999,2.33,309.0,9576.0,11.8,0.0,30000.0,28328.0,20.25
31.0,100.0,3299.999,2.34,345.0,9360.0,15.3,0.0,30000.0,28328.0,20.25
32.0,100.0,3300.0,2.29,306.0,9432.0,10.6,0.0,30000.0,28328.0,20.25
33.0,100.0,3299.999,2.17,297.0,9288.0,10.1,0.0,30000.0,28328.0,20.25
34.0,100.0,3300.0,2.35,312.0,9648.0,14.8,0.0,30000.0,28328.0,20.25
35.0,100.0,3299.999,2.33,284.0,9720.0,9.2,0.0,30000.0,28328.0,20.25
36.0,100.0,3299.999,2.34,312.0,10008.0,11.5,0.0,30000.0,28328.0,20.25
37.0,100.0,3300.0,2.35,316.0,9720.0,14.7,0.0,30000.0,28328.0,20.25
38.0,100.0,3300.0,2.33,305.0,9936.0,10.2,0.0,30000.0,28328.0,20.25
39.0,100.0,3300.0,2.35,315.0,9216.0,13.3,0.0,30000.0,28328.0,20.25
