time,CPU_Utilization,Frequency,IPC,Misses,LLC,MBL,Memory_Footprint,Virt_Memory,Res_Memory,Allocated_Cache
0.0,100.0,3300.0,2.1,0.0,0.0,0.0,0.0,19800.0,17876.0,13.5
1.0,100.0,3299.999,2.27,121.0,4608.0,11.4,0.0,23392.0,21492.0,13.5
2.0,100.0,3299.999,1.83,218.0,5976.0,14.3,0.0,25788.0,23912.0,13.5
3.0,100.0,3299.999,2.17,335.0,7632.0,15.5,0.0,28184.0,26336.0,13.5
4.0,100.0,3300.0,2.33,398.0,9288.0,19.5,0.0,28500.0,26660.0,13.5
5.0,100.0,3299.999,2.32,415.0,8928.0,19.7,0.0,29140.0,27304.0,13.5
6.0,100.0,3299.999,2.25,423.0,9000.0,24.5,0.0,29460.0,27624.0,13.5
7.0,100.0,3300.0,2.31,387.0,9072.0,19.5,0.0,30096.0,28248.0,13.5
8.0,100.0,3299.999,2.32,425.0,8928.0,22.4,0.0,30000.0,28328.0,13.5
9.0,100.0,3300.0,2.32,403.0,9648.0,21.9,0.0,30000.0,28328.0,13.5
10.0,100.0,3300.0,2.31,410.0,9360.0,23.9,0.0,30000.0,28328.0,13.5
11.0,100.0,3299.999,2.33,422.0,9072.0,25.2,0.0,30000.0,28328.0,13.5
12.0,100.0,3299.999,2.31,394.0,9000.0,21.1,0.0,30000.0,28328.0,13.5
13.0,100.0,3300.0,2.33,416.0,9360.0,23.3,0.0,30000.0,28328.0,13.5
14.0,100.0,3299.999,2.32,418.0,8928.0,20.8,0.0,30000.0,28328.0,13.5
15.0,100.0,3300.0,2.32,406.0,9216.0,19.9,0.0,30000.0,28328.0,13.5
16.0,100.0,3299.999,2.33,415.0,9072.0,22.9,0.0,30000.0,28336.0,13.5
17.0,100.0,3299.999,2.32,403.0,8784.0,24.8,0.0,30000.0,28336.0,13.5
18.0,100.0,3300.0,2.33,423.0,8928.0,23.4,0.0,30000.0,28332.0,13.5
19.0,100.0,3300.0,2.08,364.0,9000.0,18.0,0.0,30000.0,28332.0,13.5
20.0,100.0,3299.999,2.33,431.0,8928.0,20.0,0.0,30000.0,28332.0,13.5
21.0,100.0,3299.999,2.33,418.0,9000.0,22.6,0.0,30000.0,28332.0,13.5
22.0,100.0,3299.999,2.32,387.0,9432.0,22.6,0.0,30000.0,28332.0,13.5
23.0,93.8,3300.0,2.33,418.0,9072.0,21.2,0.0,30000.0,28332.0,13.5
24.0,100.0,3299.999,2.33,401.0,9144.0,21.4,0.0,30000.0,28332.0,13.5
25.0,100.0,3300.0,2.33,414.0,9288.0,20.2,0.0,30000.0,28332.0,13.5
26.0,100.0,3299.999,2.34,408.0,9072.0,23.1,0.0,30000.0,28332.0,13.5
27.0,100.0,3300.0,2.32,399.0,9288.0,20.2,0.0,30000.0,28332.0,13.5
28.0,100.0,3299.999,2.34,435.0,9504.0,21.0,0.0,30000.0,28328.0,13.5
29.0,100.0,3299.999,2.33,421.0,9072.0,22.0,0.0,30000.0,28332.0,13.5
30.0,100.0,3300.0,2.33,416.0,9288.0,16.5,0.0,30000.0,28332.0,13.5
31.0,100.0,3299.999,2.34,414.0,9648.0,22.4,0.0,30000.0,28332.0,13.5
32.0,100.0,3300.0,2.33,385.0,9504.0,19.5,0.0,30000.0,28332.0,13.5
33.0,100.0,3299.999,2.33,433.0,9288.0,23.8,0.0,30000.0,28332.0,13.5
34.0,100.0,3300.0,2.34,407.0,9288.0,21.2,0.0,30000.0,28332.0,13.5
35.0,100.0,3299.999,2.32,400.0,9288.0,19.0,0.0,30000.0,28332.0,13.5
36.0,100.0,3300.0,2.34,417.0,9648.0,21.0,0.0,30000.0,28332.0,13.5
37.0,93.8,3300.0,2.33,407.0,8928.0,19.4,0.0,30000.0,28332.0,13.5
38.0,100.0,3299.999,2.33,418.0,9720.0,24.3,0.0,30000.0,28332.0,13.5
39.0,100.0,3300.0,2.34,411.0,10080.0,20.2,0.0,30000.0,28328.0,13.5
