time,CPU_Utilization,Frequency,IPC,Misses,LLC,MBL,Memory_Footprint,Virt_Memory,Res_Memory,Allocated_Cache
0.0,93.3,3299.999,1.41,16.0,72.0,1.3,0.0,76876.0,75460.0,20.25
1.0,100.0,3299.999,1.29,17077.0,20232.0,1259.1,0.2,650260.0,648596.0,20.25
2.0,100.0,3300.0,2.06,8268.0,13464.0,1882.3,0.2,650260.0,648812.0,20.25
3.0,100.0,3299.999,2.66,4545.0,8856.0,417.8,0.2,650260.0,648812.0,20.25
4.0,100.0,3300.0,2.59,9728.0,20304.0,732.1,0.0,120252.0,116364.0,20.25
5.0,100.0,3299.999,2.71,5711.0,11304.0,444.6,0.0,125352.0,121352.0,20.25
6.0,100.0,3299.999,3.03,540.0,11376.0,37.4,0.0,120252.0,116384.0,20.25
7.0,100.0,3300.0,2.95,1852.0,10296.0,154.5,0.0,123900.0,119772.0,20.25
8.0,100.0,3299.999,3.06,554.0,10296.0,36.8,0.0,110728.0,108732.0,20.25
9.0,100.0,3300.0,2.54,6710.0,13392.0,507.0,0.0,110728.0,108732.0,20.25
10.0,100.0,3299.999,2.28,20823.0,20304.0,1388.3,0.0,119784.0,118352.0,20.25
11.0,100.0,3299.999,1.34,65083.0,20016.0,4326.9,0.0,108552.0,107152.0,20.25
12.0,93.3,3299.999,2.1,5484.0,17064.0,390.1,0.0,109948.0,107968.0,20.25
13.0,100.0,3300.0,2.77,671.0,13032.0,62.9,0.0,120840.0,119440.0,20.25
14.0,100.0,3300.0,1.19,56596.0,20736.0,3703.9,0.2,577012.0,574828.0,20.25
15.0,100.0,3299.999,1.11,28768.0,18432.0,3502.4,0.2,577012.0,574828.0,20.25
16.0,100.0,3300.0,1.36,749.0,14328.0,74.7,0.2,577012.0,574828.0,20.25
17.0,100.0,3300.0,1.59,323.0,12528.0,35.3,0.2,577012.0,574828.0,20.25
18.0,100.0,3299.999,1.6,262.0,11880.0,31.1,0.2,577012.0,574828.0,20.25
19.0,93.8,3300.0,1.58,3593.0,18144.0,316.7,0.2,400648.0,398432.0,20.25
20.0,100.0,3300.0,1.33,45478.0,20304.0,5671.8,0.0,113364.0,111408.0,20.25
21.0,93.3,3299.999,0.96,4407.0,15480.0,312.6,0.0,113372.0,110860.0,20.25
22.0,100.0,3299.999,0.92,5770.0,19872.0,403.4,0.0,112796.0,110124.0,20.25
23.0,100.0,3299.999,0.95,853.0,14184.0,56.8,0.0,111048.0,108760.0,20.25
24.0,93.8,3299.999,1.77,8236.0,20304.0,557.6,0.0,111048.0,108912.0,20.25
25.0,100.0,3300.0,1.91,10504.0,20664.0,1051.1,0.0,124448.0,122892.0,20.25
26.0,100.0,3299.999,1.46,8021.0,19728.0,699.8,0.0,120928.0,119488.0,20.25
27.0,93.8,3299.999,0.33,19971.0,18144.0,815.9,0.0,120928.0,119488.0,20.25
28.0,100.0,3300.0,0.23,40976.0,20160.0,2090.1,0.0,120928.0,119488.0,20.25
29.0,93.3,3300.0,0.31,35902.0,20232.0,1747.7,0.0,127884.0,121428.0,20.25
30.0,100.0,3299.999,1.13,22481.0,20592.0,1654.0,0.1,148728.0,146100.0,20.25
31.0,100.0,3299.999,1.92,8471.0,20232.0,639.1,0.1,148884.0,147484.0,20.25
32.0,100.0,3299.999,1.19,13474.0,20664.0,1054.3,0.1,146920.0,145520.0,20.25
33.0,100.0,3300.0,1.59,8521.0,19728.0,664.5,0.1,146920.0,145520.0,20.25
