time,CPU_Utilization,Frequency,IPC,Misses,LLC,MBL,Memory_Footprint,Virt_Memory,Res_Memory,Allocated_Cache
0.0,100.0,3299.999,1.47,9.0,72.0,1.2,0.0,76896.0,75316.0,15.75
1.0,100.0,3300.0,1.27,19351.0,15840.0,1444.6,0.1,387036.0,385460.0,15.75
2.0,100.0,3299.999,2.06,8364.0,15840.0,1909.5,0.2,650276.0,648892.0,15.75
3.0,100.0,3300.0,2.66,4536.0,10584.0,425.9,0.2,650276.0,648892.0,15.75
4.0,100.0,3300.0,2.59,10133.0,16128.0,770.5,0.0,120252.0,116428.0,15.75
5.0,100.0,3299.999,2.65,6007.0,10944.0,475.3,0.0,125088.0,121152.0,15.75
6.0,100.0,3300.0,2.99,547.0,10728.0,37.3,0.0,119604.0,115656.0,15.75
7.0,100.0,3300.0,2.88,1996.0,9000.0,151.2,0.0,123636.0,119572.0,15.75
8.0,93.3,3299.999,3.0,552.0,9288.0,35.9,0.0,110728.0,108796.0,15.75
9.0,100.0,3300.0,2.54,7259.0,13392.0,506.4,0.0,110728.0,108796.0,15.75
10.0,100.0,3300.0,2.38,17557.0,15984.0,1226.9,0.0,119784.0,118416.0,15.75
11.0,100.0,3299.999,1.26,76747.0,15984.0,5337.4,0.0,111684.0,109376.0,15.75
12.0,100.0,3299.999,1.96,9842.0,15192.0,677.2,0.0,109948.0,108032.0,15.75
13.0,100.0,3300.0,2.77,708.0,11448.0,44.9,0.0,120840.0,119248.0,15.75
14.0,100.0,3300.0,1.36,55442.0,15624.0,3813.8,0.1,387096.0,338404.0,15.75
15.0,100.0,3300.0,1.0,42561.0,14904.0,4453.2,0.2,577012.0,574896.0,15.75
16.0,93.8,3300.0,1.55,1018.0,14184.0,102.7,0.2,577012.0,574896.0,15.75
17.0,100.0,3299.999,1.6,381.0,11736.0,41.3,0.2,577012.0,574896.0,15.75
18.0,100.0,3300.0,1.61,302.0,11088.0,31.4,0.2,577012.0,574896.0,15.75
19.0,93.3,3300.0,1.57,530.0,13248.0,51.4,0.0,111004.0,109068.0,15.75
20.0,100.0,3299.999,1.32,50506.0,16488.0,6109.2,0.0,112784.0,110420.0,15.75
21.0,100.0,3300.0,1.01,5429.0,12960.0,377.7,0.0,112788.0,109116.0,15.75
22.0,100.0,3299.999,0.9,6587.0,15048.0,454.4,0.0,113388.0,111512.0,15.75
23.0,100.0,3300.0,0.96,921.0,13320.0,65.2,0.0,111052.0,108300.0,15.75
24.0,93.3,3299.999,1.59,9470.0,15984.0,629.8,0.0,109296.0,107456.0,15.75
25.0,100.0,3300.0,2.0,11139.0,16128.0,1047.7,0.0,124448.0,122956.0,15.75
26.0,100.0,3300.0,1.55,6803.0,15912.0,507.9,0.0,120928.0,119552.0,15.75
27.0,100.0,3300.0,0.31,23831.0,14832.0,1468.3,0.0,120928.0,119552.0,15.75
28.0,93.8,3299.999,0.23,49225.0,15408.0,2325.9,0.0,120928.0,119552.0,15.75
29.0,100.0,3300.0,0.24,49940.0,15624.0,2507.6,0.0,120928.0,119552.0,15.75
30.0,93.8,3300.0,0.33,41791.0,15624.0,2066.6,0.1,188984.0,186364.0,15.75
31.0,100.0,3299.999,1.38,18782.0,15912.0,1494.6,0.1,148732.0,146168.0,15.75
32.0,100.0,3300.0,1.85,10608.0,15624.0,714.7,0.1,158260.0,156848.0,15.75
33.0,93.8,3300.0,1.1,15173.0,16056.0,1113.1,0.1,146924.0,145588.0,15.75
34.0,,,,,,,,,,
