time,CPU_Utilization,Frequency,IPC,Misses,LLC,MBL,Memory_Footprint,Virt_Memory,Res_Memory,Allocated_Cache
0.0,100.0,3300.0,1.5,10.0,72.0,0.4,0.0,76892.0,75176.0,6.75
1.0,100.0,3299.998,1.17,24773.0,7056.0,1741.6,0.0,123796.0,122032.0,6.75
2.0,100.0,3300.0,2.03,8356.0,7344.0,1901.8,0.2,650276.0,648748.0,6.75
3.0,100.0,3299.999,2.66,4639.0,5544.0,423.8,0.2,650276.0,648748.0,6.75
4.0,100.0,3299.999,2.63,8569.0,7200.0,641.2,0.0,119216.0,115092.0,6.75
5.0,100.0,3300.0,2.59,9345.0,6408.0,685.1,0.0,124556.0,120476.0,6.75
6.0,100.0,3300.0,3.03,692.0,6336.0,48.8,0.0,119216.0,115196.0,6.75
7.0,100.0,3300.001,2.91,2495.0,5688.0,182.7,0.0,123368.0,119164.0,6.75
8.0,100.0,3299.999,3.04,637.0,6264.0,44.9,0.0,110144.0,108652.0,6.75
9.0,100.0,3299.999,2.51,8467.0,6480.0,559.5,0.0,110144.0,108652.0,6.75
10.0,100.0,3299.999,2.39,18780.0,6480.0,1318.0,0.0,119780.0,118272.0,6.75
11.0,100.0,3300.0,1.16,93689.0,6984.0,6568.4,0.0,111680.0,108704.0,6.75
12.0,100.0,3299.999,1.72,22362.0,6336.0,1557.2,0.0,109944.0,107888.0,6.75
13.0,93.8,3300.0,2.74,807.0,5904.0,43.9,0.0,120836.0,119100.0,6.75
14.0,100.0,3300.0,1.55,56075.0,7056.0,3765.3,0.0,120836.0,119100.0,6.75
15.0,100.0,3299.999,0.77,67794.0,6984.0,5695.0,0.2,577008.0,574748.0,6.75
16.0,100.0,3300.0,1.36,6126.0,5832.0,963.4,0.2,577008.0,574748.0,6.75
17.0,100.0,3299.999,1.54,1728.0,6120.0,199.2,0.2,577008.0,574748.0,6.75
18.0,93.8,3299.999,1.56,1482.0,6048.0,198.6,0.2,577008.0,574748.0,6.75
19.0,100.0,3300.0,1.54,1484.0,5976.0,223.2,0.2,577008.0,574748.0,6.75
20.0,100.0,3299.999,1.61,33131.0,7272.0,4113.4,0.0,111028.0,108888.0,6.75
21.0,100.0,3299.999,0.9,29895.0,6768.0,3059.8,0.0,112776.0,108688.0,6.75
22.0,100.0,3300.0,0.85,2408.0,6264.0,527.8,0.0,108700.0,107276.0,6.75
23.0,100.0,3299.999,0.86,9863.0,6264.0,1051.2,0.0,113380.0,111364.0,6.75
24.0,100.0,3300.0,0.93,2852.0,5760.0,632.2,0.0,111044.0,108416.0,6.75
25.0,100.0,3300.0,1.84,12434.0,7056.0,891.5,0.1,202912.0,201268.0,6.75
26.0,100.0,3300.0,1.76,13809.0,6768.0,1274.3,0.0,124456.0,122824.0,6.75
27.0,100.0,3299.999,1.42,11000.0,6552.0,871.2,0.0,120936.0,119420.0,6.75
28.0,100.0,3300.0,0.2,54076.0,6768.0,2791.8,0.0,120936.0,119420.0,6.75
29.0,93.8,3300.0,0.16,61475.0,6696.0,3378.0,0.0,120936.0,119420.0,6.75
30.0,100.0,3299.999,0.15,63741.0,6912.0,3543.1,0.0,120936.0,119420.0,6.75
31.0,100.0,3300.0,0.16,63628.0,6624.0,3563.5,0.0,120936.0,119420.0,6.75
32.0,100.0,3299.999,0.19,59163.0,6912.0,3204.1,0.0,120936.0,119420.0,6.75
33.0,100.0,3300.0,0.68,42693.0,6912.0,2480.9,0.1,220088.0,215712.0,6.75
34.0,100.0,3299.999,1.45,18247.0,6984.0,1483.2,0.1,147556.0,146020.0,6.75
35.0,93.8,3299.999,1.56,13255.0,6768.0,925.2,0.1,157676.0,154264.0,6.75
36.0,100.0,3300.0,1.02,20593.0,6984.0,1544.1,0.1,146920.0,145444.0,6.75
37.0,100.0,3299.999,1.46,14799.0,6840.0,770.1,0.1,146920.0,145444.0,6.75
