time,CPU_Utilization,Frequency,IPC,Misses,LLC,MBL,Memory_Footprint,Virt_Memory,Res_Memory,Allocated_Cache
0.0,100.0,3300.0,1.46,12.0,72.0,0.7,0.0,76740.0,75188.0,2.25
1.0,100.0,3299.999,1.04,34568.0,2448.0,2459.1,0.0,123796.0,122048.0,2.25
2.0,100.0,3299.999,1.98,8213.0,3672.0,1891.6,0.2,650276.0,648764.0,2.25
3.0,100.0,3299.999,2.66,4754.0,3384.0,434.2,0.2,650276.0,648764.0,2.25
4.0,100.0,3300.0,2.62,7972.0,3528.0,594.8,0.0,119092.0,114912.0,2.25
5.0,93.8,3300.0,2.52,11477.0,2736.0,884.7,0.0,124428.0,120232.0,2.25
6.0,100.0,3299.999,3.01,899.0,2376.0,77.8,0.0,119088.0,114968.0,2.25
7.0,100.0,3299.999,2.87,2969.0,2520.0,249.7,0.0,123108.0,118916.0,2.25
8.0,100.0,3299.999,3.03,813.0,3024.0,71.6,0.0,110728.0,108668.0,2.25
9.0,100.0,3300.0,2.49,9208.0,2664.0,627.5,0.0,110728.0,108668.0,2.25
10.0,100.0,3299.999,2.59,3689.0,2448.0,261.3,0.0,119784.0,118288.0,2.25
11.0,100.0,3300.0,1.04,95875.0,2520.0,7177.9,0.0,110872.0,108608.0,2.25
12.0,100.0,3299.999,1.47,47647.0,2808.0,3541.8,0.0,109948.0,107904.0,2.25
13.0,100.0,3299.999,2.37,9862.0,2304.0,604.1,0.0,109948.0,107904.0,2.25
14.0,100.0,3299.999,2.15,27807.0,2520.0,2081.9,0.0,120840.0,119116.0,2.25
15.0,100.0,3299.999,0.88,90888.0,2520.0,6804.4,0.2,577012.0,574768.0,2.25
16.0,100.0,3299.999,0.81,33699.0,3240.0,3868.7,0.2,577012.0,574768.0,2.25
17.0,100.0,3299.999,1.02,13435.0,2592.0,918.4,0.2,577012.0,574768.0,2.25
18.0,100.0,3300.0,0.95,10979.0,2448.0,814.3,0.2,577012.0,574768.0,2.25
19.0,100.0,3299.999,1.07,11786.0,2520.0,877.3,0.2,577012.0,574768.0,2.25
20.0,100.0,3300.0,1.08,11443.0,2304.0,804.5,0.2,577012.0,574768.0,2.25
21.0,100.0,3299.999,1.07,11551.0,2304.0,711.8,0.2,577012.0,574768.0,2.25
22.0,100.0,3300.0,1.08,14216.0,2520.0,941.8,0.2,609984.0,607932.0,2.25
23.0,93.3,3299.999,1.24,54267.0,2736.0,6388.1,0.0,113368.0,111080.0,2.25
24.0,100.0,3300.0,0.81,17764.0,2160.0,3514.1,0.0,112788.0,109244.0,2.25
25.0,100.0,3299.999,0.73,12407.0,2016.0,5883.8,0.0,113380.0,111100.0,2.25
26.0,100.0,3299.999,0.67,18522.0,2376.0,5215.0,0.0,112800.0,108488.0,2.25
27.0,100.0,3299.999,0.74,12339.0,2592.0,2776.5,0.0,111052.0,107912.0,2.25
28.0,100.0,3299.999,1.42,17126.0,2736.0,1726.4,0.0,109296.0,107328.0,2.25
29.0,100.0,3300.0,1.96,20126.0,2376.0,1610.2,0.0,124456.0,122836.0,2.25
30.0,100.0,3299.999,1.55,6030.0,2448.0,465.8,0.0,120936.0,119432.0,2.25
31.0,100.0,3299.999,0.33,56586.0,2448.0,3102.4,0.0,120936.0,119432.0,2.25
32.0,100.0,3300.0,0.14,65560.0,2664.0,3729.0,0.0,120936.0,119432.0,2.25
33.0,100.0,3299.999,0.13,66643.0,2304.0,3741.9,0.0,120936.0,119432.0,2.25
34.0,100.0,3300.0,0.13,67247.0,2520.0,3798.8,0.0,120936.0,119432.0,2.25
35.0,100.0,3299.999,0.13,67535.0,2520.0,3809.5,0.0,120936.0,119432.0,2.25
36.0,93.8,3300.0,0.15,66082.0,2376.0,3676.1,0.0,120936.0,119432.0,2.25
37.0,100.0,3300.0,0.15,65244.0,2520.0,3639.9,0.1,137248.0,135120.0,2.25
38.0,93.8,3300.0,1.13,32962.0,2376.0,2306.4,0.1,148732.0,146040.0,2.25
39.0,100.0,3300.0,1.87,11422.0,2664.0,845.0,0.1,147560.0,146036.0,2.25
