time,CPU_Utilization,Frequency,IPC,Misses,LLC,MBL,Memory_Footprint,Virt_Memory,Res_Memory,Allocated_Cache
0.0,100.0,3300.0,1.39,19.0,0.0,1.1,0.0,72528.0,71000.0,24.75
1.0,100.0,3299.999,1.34,14190.0,25272.0,1099.9,0.0,123800.0,122036.0,24.75
2.0,93.8,3300.0,2.07,8208.0,25056.0,1871.3,0.2,650280.0,648752.0,24.75
3.0,100.0,3300.0,2.67,4459.0,24840.0,414.3,0.2,650280.0,648752.0,24.75
4.0,100.0,3299.999,2.56,9848.0,24912.0,749.7,0.0,119600.0,115504.0,24.75
5.0,100.0,3300.001,2.72,4625.0,24840.0,364.6,0.0,124688.0,120472.0,24.75
6.0,100.0,3299.999,2.99,419.0,24912.0,27.4,0.0,119216.0,115192.0,24.75
7.0,100.0,3300.0,2.89,1628.0,24624.0,129.3,0.0,123368.0,119160.0,24.75
8.0,100.0,3299.999,2.99,450.0,24624.0,28.5,0.0,110724.0,108648.0,24.75
9.0,100.0,3299.999,2.49,5773.0,25272.0,405.7,0.0,110724.0,108648.0,24.75
10.0,100.0,3299.999,2.35,13760.0,24624.0,863.9,0.0,119780.0,118268.0,24.75
11.0,100.0,3299.999,1.37,59665.0,24696.0,3701.2,0.0,111680.0,109228.0,24.75
12.0,100.0,3300.0,2.06,4396.0,24192.0,319.9,0.0,109364.0,107884.0,24.75
13.0,100.0,3299.999,2.69,392.0,24912.0,22.2,0.0,120836.0,119100.0,24.75
14.0,100.0,3300.0,1.36,45504.0,24768.0,2642.9,0.2,411444.0,407716.0,24.75
15.0,100.0,3300.0,1.12,27231.0,24048.0,3369.2,0.2,577008.0,574752.0,24.75
16.0,93.8,3299.999,1.56,515.0,23832.0,38.8,0.2,577008.0,574752.0,24.75
17.0,100.0,3300.0,1.6,143.0,23976.0,11.9,0.2,577008.0,574752.0,24.75
18.0,100.0,3299.999,1.61,168.0,18216.0,15.8,0.2,577008.0,574752.0,24.75
19.0,100.0,3300.0,1.57,11970.0,25272.0,1603.4,0.1,400068.0,281056.0,24.75
20.0,100.0,3300.0,1.32,37792.0,24480.0,4479.9,0.0,113368.0,110760.0,24.75
21.0,100.0,3300.0,0.92,652.0,24336.0,43.9,0.0,112792.0,109500.0,24.75
22.0,93.3,3299.999,0.91,4663.0,24192.0,324.4,0.0,113388.0,111368.0,24.75
23.0,100.0,3299.999,0.94,731.0,23832.0,50.8,0.0,111052.0,108420.0,24.75
24.0,100.0,3300.0,2.03,6455.0,24984.0,453.9,0.1,140112.0,138716.0,24.75
25.0,100.0,3299.999,1.74,10382.0,24696.0,1041.7,0.0,124452.0,122816.0,24.75
26.0,100.0,3300.01,1.32,6453.0,24624.0,571.1,0.0,120936.0,119412.0,24.75
27.0,100.0,3299.999,0.35,16357.0,24840.0,870.1,0.0,120936.0,119412.0,24.75
28.0,100.0,3300.01,0.32,31438.0,24768.0,1631.7,0.0,120936.0,119412.0,24.75
29.0,93.3,3299.999,0.75,19443.0,25272.0,1095.5,0.1,220092.0,215180.0,24.75
30.0,100.0,3299.999,1.52,14410.0,25272.0,1165.4,0.1,147564.0,146020.0,24.75
31.0,100.0,3300.0,1.73,7620.0,24768.0,540.8,0.1,156508.0,153696.0,24.75
32.0,100.0,3299.999,1.5,9958.0,24768.0,834.3,0.1,146924.0,145444.0,24.75
