time,CPU_Utilization,Frequency,IPC,Misses,LLC,MBL,Memory_Footprint,Virt_Memory,Res_Memory,Allocated_Cache
0.0,100.0,3300.0,1.54,9.0,0.0,0.6,0.0,76628.0,75248.0,4.5
1.0,100.0,3300.0,1.13,26893.0,4824.0,1541.7,0.0,123792.0,122100.0,4.5
2.0,100.0,3300.0,2.02,8270.0,5832.0,1553.5,0.2,650272.0,648820.0,4.5
3.0,100.0,3299.999,2.07,3565.0,5328.0,269.7,0.2,650272.0,648820.0,4.5
4.0,93.3,3300.0,2.47,5123.0,5040.0,352.3,0.0,99152.0,95148.0,4.5
5.0,100.0,3300.0,2.43,14365.0,5256.0,858.4,0.0,123236.0,119236.0,4.5
6.0,100.0,3299.999,3.03,727.0,4896.0,42.3,0.0,126800.0,122668.0,4.5
7.0,100.0,3300.0,2.86,2773.0,4824.0,178.8,0.0,122444.0,118452.0,4.5
8.0,100.0,3300.0,3.05,652.0,4680.0,33.0,0.0,124688.0,120556.0,4.5
9.0,100.0,3300.0,2.61,8703.0,4824.0,477.2,0.0,110724.0,108728.0,4.5
10.0,100.0,3299.999,2.79,1059.0,4032.0,52.2,0.0,119780.0,118348.0,4.5
11.0,100.0,3300.0,1.31,82533.0,4896.0,5085.6,0.0,119780.0,118348.0,4.5
12.0,93.8,3299.999,1.43,52643.0,4824.0,3261.4,0.0,109944.0,107964.0,4.5
13.0,93.3,3299.999,2.4,8042.0,4536.0,431.2,0.0,109944.0,107964.0,4.5
14.0,100.0,3300.0,2.24,25395.0,4896.0,1589.1,0.0,120836.0,119176.0,4.5
15.0,100.0,3299.999,0.91,85857.0,4608.0,5434.2,0.2,482248.0,466864.0,4.5
16.0,100.0,3300.0,1.02,27233.0,4464.0,2895.3,0.2,577008.0,574824.0,4.5
17.0,100.0,3299.999,1.39,5088.0,4608.0,302.1,0.2,577008.0,574824.0,4.5
18.0,100.0,3299.999,1.43,4031.0,4536.0,192.2,0.2,577008.0,574824.0,4.5
19.0,100.0,3300.0,1.45,3805.0,4680.0,233.0,0.2,577008.0,574824.0,4.5
20.0,100.0,3299.999,1.02,3106.0,4320.0,238.7,0.2,577008.0,574824.0,4.5
21.0,100.0,3299.999,1.54,34954.0,4752.0,3487.7,0.0,111028.0,108964.0,4.5
22.0,100.0,3299.999,0.92,32103.0,4392.0,2721.8,0.0,112776.0,108768.0,4.5
23.0,100.0,3300.0,0.87,6712.0,4464.0,990.0,0.0,108700.0,107352.0,4.5
24.0,100.0,3299.999,0.81,13519.0,4032.0,921.4,0.0,112792.0,108540.0,4.5
25.0,100.0,3300.0,0.86,6718.0,4104.0,750.3,0.0,111044.0,108228.0,4.5
26.0,100.0,3300.0,1.69,14007.0,4824.0,895.4,0.0,109288.0,107384.0,4.5
27.0,100.0,3300.0,1.84,15315.0,4680.0,1101.6,0.0,124448.0,122892.0,4.5
28.0,100.0,3299.999,1.5,9396.0,4032.0,654.6,0.0,120928.0,119488.0,4.5
29.0,100.0,3299.999,0.2,56935.0,4608.0,3040.4,0.0,120928.0,119488.0,4.5
30.0,100.0,3299.999,0.15,63546.0,4536.0,2978.4,0.0,120928.0,119488.0,4.5
31.0,100.0,3300.0,0.14,65305.0,4608.0,3184.7,0.0,120928.0,119488.0,4.5
32.0,100.0,3300.0,0.14,66490.0,4608.0,3296.3,0.0,120928.0,119488.0,4.5
33.0,100.0,3299.999,0.16,63770.0,4680.0,3197.5,0.0,120928.0,119488.0,4.5
34.0,100.0,3299.999,0.16,62035.0,4680.0,3029.1,0.0,121436.0,120012.0,4.5
35.0,100.0,3299.999,0.97,35794.0,4968.0,2080.3,0.1,220900.0,216160.0,4.5
36.0,100.0,3300.0,1.68,14391.0,4824.0,819.5,0.1,147556.0,146096.0,4.5
37.0,100.0,3300.0,1.26,15728.0,4536.0,871.4,0.1,156504.0,153880.0,4.5
38.0,100.0,3300.0,1.11,22510.0,4464.0,1360.5,0.1,146920.0,145520.0,4.5
39.0,,,,,,,,,,
