time,CPU_Utilization,Frequency,IPC,Misses,LLC,MBL,Memory_Footprint,Virt_Memory,Res_Memory,Allocated_Cache
0.0,93.3,3299.999,1.47,13.0,0.0,0.8,0.0,76880.0,75300.0,9.0
1.0,100.0,3300.001,1.2,23323.0,9072.0,1734.3,0.0,123780.0,122156.0,9.0
2.0,100.0,3300.0,2.04,8325.0,9720.0,1881.8,0.2,650260.0,648872.0,9.0
3.0,100.0,3299.999,2.66,4630.0,5976.0,426.4,0.2,650260.0,648872.0,9.0
4.0,93.3,3300.0,2.63,8539.0,9288.0,642.6,0.0,119600.0,115636.0,9.0
5.0,100.0,3299.999,2.61,8920.0,8208.0,701.8,0.0,124556.0,120616.0,9.0
6.0,100.0,3300.0,3.04,623.0,8640.0,47.9,0.0,119216.0,115336.0,9.0
7.0,100.0,3300.001,2.91,2365.0,7272.0,194.3,0.0,123368.0,119304.0,9.0
8.0,93.3,3299.999,3.06,599.0,7632.0,43.6,0.0,110724.0,108792.0,9.0
9.0,100.0,3300.0,2.5,8080.0,8784.0,595.3,0.0,110724.0,108792.0,9.0
10.0,93.8,3300.0,2.37,18114.0,9288.0,1416.3,0.0,119780.0,118412.0,9.0
11.0,100.0,3299.999,1.17,88174.0,8424.0,6751.5,0.0,111680.0,108844.0,9.0
12.0,100.0,3300.0,1.57,20014.0,8640.0,1463.1,0.0,109944.0,108028.0,9.0
13.0,100.0,3299.999,2.72,689.0,8352.0,72.4,0.0,120836.0,119244.0,9.0
14.0,100.0,3300.0,1.65,48510.0,9360.0,3594.4,0.0,120836.0,119244.0,9.0
15.0,100.0,3299.999,0.83,67112.0,10152.0,6106.1,0.2,577008.0,574892.0,9.0
16.0,100.0,3300.0,1.45,4567.0,9000.0,673.2,0.2,577008.0,574892.0,9.0
17.0,100.0,3299.999,1.57,820.0,8136.0,125.2,0.2,577008.0,574892.0,9.0
18.0,100.0,3299.999,1.58,675.0,8424.0,78.1,0.2,577008.0,574892.0,9.0
19.0,100.0,3300.0,1.56,708.0,7704.0,70.5,0.2,577008.0,574892.0,9.0
20.0,100.0,3299.999,1.47,38902.0,9792.0,5259.5,0.0,111032.0,107980.0,9.0
21.0,100.0,3300.0,1.03,22029.0,8496.0,1666.2,0.0,112784.0,109628.0,9.0
22.0,100.0,3300.0,0.94,1532.0,7632.0,119.3,0.0,112792.0,108852.0,9.0
23.0,100.0,3300.0,0.89,8428.0,8568.0,568.8,0.0,112796.0,110196.0,9.0
24.0,100.0,3300.0,1.05,8390.0,9288.0,570.9,0.0,109292.0,107452.0,9.0
25.0,100.0,3299.999,2.44,4417.0,8352.0,312.3,0.0,115612.0,113128.0,9.0
26.0,100.0,3300.0,1.3,16587.0,9360.0,1559.7,0.0,118920.0,117624.0,9.0
27.0,100.0,3299.999,0.94,22865.0,9000.0,1445.3,0.0,121052.0,119548.0,9.0
28.0,100.0,3300.0,0.19,55957.0,8784.0,3174.1,0.0,121052.0,119548.0,9.0
29.0,100.0,3300.001,0.17,60837.0,9000.0,3660.4,0.0,121052.0,119548.0,9.0
30.0,100.0,3299.999,0.16,62302.0,9144.0,3850.7,0.0,121052.0,119548.0,9.0
31.0,100.0,3300.0,0.21,55443.0,9288.0,3189.8,0.0,121052.0,119548.0,9.0
32.0,100.0,3299.999,0.68,41410.0,9216.0,2536.9,0.1,220084.0,215688.0,9.0
33.0,100.0,3300.0,1.46,17850.0,9720.0,1508.9,0.1,148140.0,146744.0,9.0
34.0,100.0,3300.0,1.37,10581.0,9216.0,762.9,0.1,158840.0,157308.0,9.0
35.0,100.0,3299.999,0.85,17589.0,9072.0,1353.4,0.1,147504.0,146232.0,9.0
36.0,100.0,3300.0,1.6,13830.0,9144.0,966.0,0.1,147504.0,146232.0,9.0
