time,CPU_Utilization,Frequency,IPC,Misses,LLC,MBL,Memory_Footprint,Virt_Memory,Res_Memory,Allocated_Cache
0.0,100.0,3300.0,1.43,16.0,72.0,0.3,0.0,76892.0,75460.0,18.0
1.0,93.3,3300.0,1.28,18236.0,18288.0,1368.5,0.1,387036.0,385312.0,18.0
2.0,100.0,3299.999,2.06,8279.0,18144.0,1877.1,0.2,650276.0,648816.0,18.0
3.0,100.0,3299.999,2.67,4556.0,10008.0,424.1,0.2,650276.0,648816.0,18.0
4.0,100.0,3299.999,2.59,9955.0,18360.0,737.9,0.0,120264.0,116340.0,18.0
5.0,100.0,3300.0,2.71,5878.0,11808.0,447.7,0.0,125232.0,121088.0,18.0
6.0,100.0,3300.0,3.03,550.0,12168.0,39.9,0.0,119748.0,115596.0,18.0
7.0,100.0,3300.0,2.94,1949.0,9288.0,148.1,0.0,123780.0,119776.0,18.0
8.0,93.3,3300.0,3.05,555.0,9936.0,36.5,0.0,110740.0,108736.0,18.0
9.0,100.0,3299.999,2.53,6999.0,13248.0,495.2,0.0,110740.0,108736.0,18.0
10.0,100.0,3300.0,2.28,21752.0,18504.0,1266.1,0.0,119796.0,118356.0,18.0
11.0,100.0,3299.999,1.3,69779.0,18360.0,4025.7,0.0,111696.0,109580.0,18.0
12.0,100.0,3299.999,2.08,5765.0,17928.0,392.7,0.0,109960.0,107972.0,18.0
13.0,93.8,3300.0,2.79,662.0,12744.0,58.9,0.0,120852.0,119444.0,18.0
14.0,100.0,3299.999,1.2,58718.0,18360.0,3453.3,0.1,389240.0,386964.0,18.0
15.0,100.0,3299.999,1.08,32483.0,14904.0,3656.6,0.2,577024.0,574764.0,18.0
16.0,100.0,3300.0,1.56,837.0,13392.0,81.0,0.2,577024.0,574764.0,18.0
17.0,100.0,3300.0,1.61,329.0,12960.0,31.2,0.2,577024.0,574764.0,18.0
18.0,100.0,3299.999,1.61,334.0,10800.0,30.9,0.2,577024.0,574764.0,18.0
19.0,93.8,3300.0,1.58,10863.0,18288.0,1360.2,0.2,444420.0,442324.0,18.0
20.0,93.3,3299.999,1.31,41004.0,18072.0,4821.0,0.0,113376.0,111412.0,18.0
21.0,100.0,3300.0,0.91,3304.0,13680.0,207.3,0.0,113384.0,110900.0,18.0
22.0,100.0,3299.999,0.89,6180.0,17568.0,403.9,0.0,112808.0,108808.0,18.0
23.0,100.0,3300.0,0.94,888.0,14976.0,61.7,0.0,111060.0,108500.0,18.0
24.0,100.0,3300.0,1.8,8904.0,17712.0,581.6,0.1,140120.0,138796.0,18.0
25.0,100.0,3299.999,1.85,10936.0,18072.0,1071.3,0.0,124460.0,122896.0,18.0
26.0,100.0,3300.0,1.43,8393.0,17568.0,676.3,0.0,120940.0,119492.0,18.0
27.0,100.0,3299.999,0.32,25814.0,16992.0,1183.9,0.0,120940.0,119492.0,18.0
28.0,100.0,3299.999,0.23,48175.0,17640.0,2165.5,0.0,120940.0,119492.0,18.0
29.0,100.0,3299.999,0.29,40383.0,17568.0,1871.2,0.0,121448.0,120016.0,18.0
30.0,100.0,3300.0,1.01,25870.0,18072.0,1563.1,0.1,214516.0,212464.0,18.0
31.0,100.0,3299.999,1.76,11825.0,18072.0,837.8,0.1,148144.0,146092.0,18.0
32.0,100.0,3300.0,1.33,12528.0,18288.0,917.5,0.1,146920.0,145512.0,18.0
33.0,100.0,3300.014,1.54,11487.0,17208.0,857.2,0.1,146920.0,145512.0,18.0
