time,CPU_Utilization,Frequency,IPC,Misses,LLC,MBL,Memory_Footprint,Virt_Memory,Res_Memory,Allocated_Cache
0.0,100.0,3300.0,1.52,10.0,0.0,0.8,0.0,76892.0,75196.0,13.5
1.0,100.0,3299.999,1.24,20631.0,13824.0,1517.6,0.1,387036.0,219452.0,13.5
2.0,100.0,3300.0,2.05,8323.0,14328.0,1876.9,0.2,650276.0,648772.0,13.5
3.0,93.8,3300.0,2.66,4594.0,9000.0,420.8,0.2,650276.0,648772.0,13.5
4.0,100.0,3299.999,2.61,9319.0,13896.0,703.6,0.0,119736.0,115728.0,13.5
5.0,100.0,3300.0,2.67,7318.0,10656.0,562.7,0.0,124956.0,120764.0,13.5
6.0,100.0,3300.0,3.04,571.0,11160.0,43.2,0.0,119604.0,115536.0,13.5
7.0,100.0,3300.0,2.93,2107.0,9576.0,171.1,0.0,123636.0,119452.0,13.5
8.0,93.3,3299.999,3.06,565.0,9648.0,40.7,0.0,110728.0,108676.0,13.5
9.0,100.0,3299.999,2.54,7546.0,12240.0,515.3,0.0,110728.0,108676.0,13.5
10.0,100.0,3299.999,2.31,22126.0,13248.0,1499.1,0.0,119784.0,118296.0,13.5
11.0,100.0,3300.0,1.24,80132.0,13752.0,5396.5,0.0,111684.0,109256.0,13.5
12.0,100.0,3299.999,1.99,8692.0,13104.0,588.1,0.0,109368.0,107912.0,13.5
13.0,100.0,3300.0,2.8,725.0,9144.0,43.4,0.0,120840.0,119128.0,13.5
14.0,93.8,3300.0,1.27,61254.0,13032.0,3964.6,0.1,387096.0,317784.0,13.5
15.0,100.0,3299.999,0.99,43121.0,13608.0,4444.8,0.2,577012.0,574772.0,13.5
16.0,100.0,3300.0,1.54,1132.0,11736.0,99.1,0.2,577012.0,574772.0,13.5
17.0,100.0,3299.999,1.6,412.0,10080.0,33.2,0.2,577012.0,574772.0,13.5
18.0,100.0,3300.0,1.61,340.0,9792.0,29.9,0.2,577012.0,574772.0,13.5
19.0,93.3,3300.0,1.57,565.0,11592.0,39.2,0.2,609980.0,607936.0,13.5
20.0,100.0,3300.0,1.31,51405.0,13824.0,6165.7,0.0,112780.0,109500.0,13.5
21.0,100.0,3300.0,0.99,6083.0,11664.0,424.5,0.0,112784.0,109780.0,13.5
22.0,100.0,3300.0,0.88,7116.0,13032.0,489.7,0.0,112796.0,110820.0,13.5
23.0,100.0,3299.999,0.94,946.0,12096.0,62.1,0.0,111048.0,107916.0,13.5
24.0,93.8,3299.999,1.46,10167.0,13608.0,678.7,0.0,109292.0,107332.0,13.5
25.0,100.0,3299.999,2.07,11575.0,13752.0,1086.6,0.0,124456.0,122844.0,13.5
26.0,100.0,3300.0,1.57,5074.0,13176.0,386.6,0.0,120936.0,119440.0,13.5
27.0,100.0,3299.999,0.38,31276.0,12528.0,1776.9,0.0,120936.0,119440.0,13.5
28.0,100.0,3300.0,0.21,52646.0,13176.0,2746.5,0.0,120936.0,119440.0,13.5
29.0,100.0,3299.999,0.19,56791.0,13320.0,3193.9,0.0,120936.0,119440.0,13.5
30.0,100.0,3299.999,0.25,48206.0,13248.0,2603.4,0.1,137248.0,135128.0,13.5
31.0,100.0,3300.0,1.07,28224.0,13896.0,1930.1,0.1,149904.0,147096.0,13.5
32.0,100.0,3299.999,1.86,10013.0,13536.0,771.7,0.1,148148.0,146048.0,13.5
33.0,100.0,3299.999,1.16,15278.0,13536.0,1148.6,0.1,146924.0,145468.0,13.5
34.0,100.0,3300.0,1.49,13934.0,13824.0,1066.5,0.1,146924.0,145468.0,13.5
