time,CPU_Utilization,Frequency,IPC,Misses,LLC,MBL,Memory_Footprint,Virt_Memory,Res_Memory,Allocated_Cache
0.0,100.0,3299.999,1.52,8.0,0.0,1.2,0.0,76876.0,75376.0,22.5
1.0,100.0,3299.99,1.32,16023.0,22752.0,1069.5,0.2,650260.0,406000.0,22.5
2.0,100.0,3300.0,2.09,8493.0,20808.0,1904.1,0.2,650260.0,648724.0,22.5
3.0,100.0,3299.999,2.67,4407.0,10440.0,413.1,0.2,650260.0,648724.0,22.5
4.0,100.0,3299.999,2.54,10403.0,22464.0,772.2,0.0,120252.0,116280.0,22.5
5.0,93.8,3299.999,2.8,4526.0,11376.0,337.7,0.0,125352.0,121264.0,22.5
6.0,100.0,3300.0,3.03,542.0,13032.0,39.0,0.0,119736.0,115736.0,22.5
7.0,100.0,3300.001,2.95,1812.0,11160.0,137.0,0.0,123900.0,119688.0,22.5
8.0,100.0,3299.999,3.05,552.0,11880.0,36.9,0.0,110148.0,108648.0,22.5
9.0,100.0,3299.999,2.53,6512.0,12456.0,432.8,0.0,110728.0,108648.0,22.5
10.0,100.0,3300.0,2.22,23352.0,22176.0,1550.7,0.0,119784.0,118268.0,22.5
11.0,100.0,3300.0,1.32,57494.0,22680.0,3768.5,0.0,108552.0,107068.0,22.5
12.0,100.0,3299.999,2.14,5233.0,21096.0,349.0,0.0,109948.0,107884.0,22.5
13.0,100.0,3299.999,2.77,661.0,11448.0,42.1,0.0,120840.0,119356.0,22.5
14.0,100.0,3300.0,1.15,55296.0,23040.0,3492.5,0.2,577012.0,574744.0,22.5
15.0,100.0,3300.0,1.14,24661.0,19872.0,3261.7,0.2,577012.0,574744.0,22.5
16.0,100.0,3300.0,1.56,669.0,17136.0,61.8,0.2,577012.0,574744.0,22.5
17.0,93.8,3299.999,1.6,298.0,13824.0,29.6,0.2,577012.0,574744.0,22.5
18.0,100.0,3300.0,1.6,275.0,11376.0,25.0,0.2,577012.0,574744.0,22.5
19.0,100.0,3300.0,1.63,15953.0,22896.0,1875.0,0.0,111032.0,108776.0,22.5
20.0,100.0,3299.999,1.21,35343.0,22248.0,4321.5,0.0,112780.0,110272.0,22.5
21.0,93.3,3300.0,0.94,823.0,17064.0,53.8,0.0,112792.0,110548.0,22.5
22.0,100.0,3299.999,0.91,5415.0,17856.0,378.8,0.0,112796.0,110308.0,22.5
23.0,100.0,3300.0,0.95,870.0,17280.0,62.8,0.0,108704.0,107304.0,22.5
24.0,100.0,3299.999,2.13,7669.0,21168.0,511.5,0.0,114628.0,112372.0,22.5
25.0,100.0,3300.0,1.63,12596.0,22680.0,1195.9,0.0,124452.0,122812.0,22.5
26.0,100.0,3299.999,1.25,6034.0,21744.0,556.0,0.0,120932.0,119408.0,22.5
27.0,100.0,3299.999,0.33,22082.0,21168.0,1272.5,0.0,120932.0,119408.0,22.5
28.0,100.0,3300.0,0.3,36743.0,20952.0,2040.2,0.0,120932.0,119408.0,22.5
29.0,100.0,3299.999,0.65,23572.0,22464.0,1424.3,0.1,220092.0,215700.0,22.5
30.0,93.8,3300.0,1.36,18164.0,22680.0,1444.4,0.1,147560.0,146016.0,22.5
31.0,100.0,3300.0,1.84,7931.0,22392.0,538.9,0.1,148936.0,147452.0,22.5
32.0,100.0,3299.999,1.41,11628.0,22320.0,964.8,0.1,146924.0,145440.0,22.5
