time,CPU_Utilization,Frequency,IPC,Misses,LLC,MBL,Memory_Footprint,Virt_Memory,Res_Memory,Allocated_Cache
0.0,100.0,3299.999,1.47,13.0,72.0,0.9,0.0,76892.0,75428.0,11.25
1.0,100.0,3300.0,1.23,21951.0,11448.0,1603.3,0.0,123796.0,122064.0,11.25
2.0,100.0,3299.999,2.05,8334.0,11880.0,1883.4,0.2,650276.0,648780.0,11.25
3.0,100.0,3299.999,2.66,4599.0,7416.0,419.3,0.2,650276.0,648780.0,11.25
4.0,100.0,3299.999,2.61,9209.0,11880.0,698.5,0.0,119620.0,115512.0,11.25
5.0,100.0,3299.999,2.65,7800.0,9576.0,592.4,0.0,124840.0,120784.0,11.25
6.0,100.0,3299.999,3.03,585.0,9864.0,45.4,0.0,119620.0,115560.0,11.25
7.0,100.0,3299.999,2.92,2234.0,9432.0,174.1,0.0,123520.0,119476.0,11.25
8.0,100.0,3299.999,3.05,569.0,8928.0,40.2,0.0,110744.0,108700.0,11.25
9.0,100.0,3300.0,2.49,7752.0,10368.0,535.0,0.0,110744.0,108700.0,11.25
10.0,100.0,3300.0,2.35,17959.0,11808.0,1235.3,0.0,119800.0,118320.0,11.25
11.0,100.0,3299.999,1.21,85687.0,11808.0,5850.0,0.0,111700.0,109016.0,11.25
12.0,100.0,3300.0,1.83,15097.0,10944.0,1033.7,0.0,109964.0,107936.0,11.25
13.0,100.0,3300.002,2.7,663.0,9648.0,45.4,0.0,120856.0,119152.0,11.25
14.0,100.0,3300.0,1.49,54159.0,11448.0,3776.0,0.0,108568.0,107120.0,11.25
15.0,93.8,3299.999,0.88,57639.0,11376.0,5520.4,0.2,577028.0,574792.0,11.25
16.0,93.8,3299.999,1.52,1518.0,10512.0,136.8,0.2,577028.0,574792.0,11.25
17.0,100.0,3300.0,1.58,558.0,9720.0,87.6,0.2,577028.0,574792.0,11.25
18.0,100.0,3300.0,1.59,430.0,9360.0,87.5,0.2,577028.0,574792.0,11.25
19.0,93.3,3300.0,1.57,473.0,8928.0,49.6,0.3,798916.0,796684.0,11.25
20.0,100.0,3299.999,1.37,45950.0,11664.0,5818.1,0.0,113376.0,110836.0,11.25
21.0,100.0,3300.0,1.05,13168.0,10368.0,855.4,0.0,112796.0,109796.0,11.25
22.0,100.0,3300.0,0.92,4195.0,11304.0,284.7,0.0,112804.0,109812.0,11.25
23.0,100.0,3300.0,0.93,4398.0,10440.0,422.6,0.0,113400.0,110892.0,11.25
24.0,100.0,3299.999,1.27,8022.0,11664.0,605.2,0.0,109304.0,107352.0,11.25
25.0,100.0,3300.0,2.18,11987.0,11664.0,1099.7,0.0,118596.0,116016.0,11.25
26.0,93.3,3300.0,1.49,7961.0,11448.0,589.8,0.0,121080.0,119464.0,11.25
27.0,100.0,3299.999,0.68,27754.0,10728.0,1422.4,0.0,121080.0,119464.0,11.25
28.0,100.0,3299.999,0.2,54402.0,10656.0,2748.2,0.0,121080.0,119464.0,11.25
29.0,100.0,3300.0,0.18,59297.0,11376.0,3427.1,0.0,121080.0,119464.0,11.25
30.0,100.0,3300.0,0.21,56264.0,11160.0,3145.9,0.0,121080.0,119464.0,11.25
31.0,100.0,3300.0,0.32,48273.0,11520.0,2493.9,0.1,188796.0,186644.0,11.25
32.0,100.0,3299.999,1.35,19928.0,11520.0,1621.5,0.1,149316.0,146640.0,11.25
33.0,100.0,3300.0,1.82,11727.0,11448.0,814.0,0.1,149472.0,147952.0,11.25
34.0,100.0,3299.999,0.76,12716.0,11520.0,997.2,0.1,147508.0,146124.0,11.25
35.0,93.8,3299.999,1.43,15039.0,10656.0,952.6,0.1,147508.0,146124.0,11.25
