time,CPU_Utilization,Frequency,IPC,Misses,LLC,MBL,Memory_Footprint,Virt_Memory,Res_Memory,Allocated_Cache
0.0,100.0,3300.0,2.35,0.0,0.0,0.0,0.0,6616.0,5356.0,2.25
1.0,100.0,3300.0,2.39,25.0,0.0,0.2,0.0,6616.0,5356.0,2.25
2.0,100.0,3299.999,2.38,26.0,216.0,0.3,0.0,6616.0,5356.0,2.25
3.0,93.8,3300.0,2.38,26.0,576.0,0.0,0.0,6616.0,5356.0,2.25
4.0,93.8,3300.0,2.39,24.0,504.0,0.1,0.0,6616.0,5356.0,2.25
5.0,100.0,3300.0,2.39,25.0,792.0,0.1,0.0,6616.0,5356.0,2.25
6.0,100.0,3299.999,2.38,25.0,792.0,0.6,0.0,6616.0,5356.0,2.25
7.0,100.0,3299.999,2.36,28.0,1080.0,0.5,0.0,6616.0,5356.0,2.25
8.0,100.0,3300.0,2.33,32.0,1440.0,0.6,0.0,6616.0,5356.0,2.25
9.0,100.0,3300.0,2.3,33.0,1440.0,0.0,0.0,6616.0,5356.0,2.25
10.0,100.0,3300.0,2.22,37.0,1368.0,0.0,0.0,6616.0,5356.0,2.25
11.0,100.0,3299.999,2.21,36.0,1368.0,0.1,0.0,6616.0,5356.0,2.25
12.0,100.0,3299.999,2.22,34.0,1512.0,0.1,0.0,6616.0,5356.0,2.25
13.0,100.0,3299.999,2.21,34.0,1512.0,0.0,0.0,6616.0,5356.0,2.25
14.0,93.8,3299.999,2.21,35.0,1440.0,0.2,0.0,6616.0,5356.0,2.25
15.0,100.0,3300.0,2.19,33.0,1584.0,0.2,0.0,6616.0,5356.0,2.25
16.0,100.0,3300.0,2.2,33.0,1656.0,0.4,0.0,6616.0,5356.0,2.25
17.0,100.0,3300.0,2.19,33.0,1584.0,0.1,0.0,6616.0,5356.0,2.25
18.0,100.0,3299.999,2.19,36.0,1512.0,0.2,0.0,6616.0,5356.0,2.25
19.0,100.0,3299.999,2.21,33.0,1512.0,0.4,0.0,6616.0,5356.0,2.25
20.0,100.0,3300.0,2.17,36.0,1656.0,0.4,0.0,6616.0,5356.0,2.25
21.0,93.8,3299.999,2.17,35.0,1584.0,0.0,0.0,6616.0,5356.0,2.25
22.0,100.0,3300.0,1.99,35.0,1440.0,0.1,0.0,6616.0,5356.0,2.25
23.0,100.0,3299.999,2.18,34.0,1440.0,0.0,0.0,6616.0,5356.0,2.25
24.0,100.0,3300.0,2.2,33.0,1440.0,0.0,0.0,6616.0,5356.0,2.25
25.0,100.0,3299.999,2.19,34.0,1512.0,0.1,0.0,6616.0,5356.0,2.25
26.0,100.0,3300.0,2.18,36.0,1584.0,0.1,0.0,6616.0,5356.0,2.25
27.0,100.0,3300.0,2.2,38.0,1512.0,0.1,0.0,6616.0,5356.0,2.25
28.0,100.0,3299.999,2.18,33.0,1584.0,0.0,0.0,6616.0,5356.0,2.25
29.0,100.0,3300.0,2.17,34.0,1584.0,0.0,0.0,6616.0,5356.0,2.25
30.0,100.0,3299.999,2.02,36.0,1440.0,0.1,0.0,6616.0,5356.0,2.25
31.0,100.0,3300.0,2.05,36.0,1728.0,0.0,0.0,6616.0,5356.0,2.25
32.0,100.0,3300.0,2.17,35.0,1656.0,0.1,0.0,6616.0,5356.0,2.25
33.0,100.0,3300.0,2.17,33.0,1512.0,0.0,0.0,6616.0,5356.0,2.25
34.0,100.0,3300.0,2.17,34.0,1440.0,0.0,0.0,6616.0,5356.0,2.25
35.0,93.8,3299.999,2.16,33.0,1584.0,0.1,0.0,6616.0,5356.0,2.25
36.0,100.0,3300.0,1.88,35.0,1584.0,0.1,0.0,6616.0,5356.0,2.25
37.0,100.0,3299.999,2.05,32.0,1584.0,0.0,0.0,6616.0,5356.0,2.25
38.0,100.0,3300.0,2.17,36.0,1512.0,0.0,0.0,6616.0,5356.0,2.25
39.0,100.0,3300.0,2.18,34.0,1584.0,0.0,0.0,6616.0,5356.0,2.25
