time,CPU_Utilization,Frequency,IPC,Misses,LLC,MBL,Memory_Footprint,Virt_Memory,Res_Memory,Allocated_Cache
0.0,100.0,3300.0,2.21,0.0,0.0,0.0,0.0,6616.0,5364.0,4.5
1.0,100.0,3299.999,2.36,27.0,0.0,0.3,0.0,6616.0,5364.0,4.5
2.0,100.0,3299.999,2.36,27.0,72.0,0.5,0.0,6616.0,5364.0,4.5
3.0,100.0,3300.0,2.36,27.0,144.0,0.3,0.0,6616.0,5364.0,4.5
4.0,100.0,3300.0,2.36,27.0,216.0,0.3,0.0,6616.0,5364.0,4.5
5.0,100.0,3299.999,2.36,26.0,360.0,0.4,0.0,6616.0,5364.0,4.5
6.0,100.0,3300.0,2.36,26.0,432.0,0.1,0.0,6616.0,5364.0,4.5
7.0,100.0,3299.999,2.34,23.0,792.0,0.3,0.0,6616.0,5364.0,4.5
8.0,100.0,3300.0,2.3,26.0,936.0,0.4,0.0,6616.0,5364.0,4.5
9.0,100.0,3300.0,2.28,25.0,1008.0,0.1,0.0,6616.0,5364.0,4.5
10.0,93.8,3300.0,2.11,28.0,1008.0,0.4,0.0,6616.0,5364.0,4.5
11.0,100.0,3299.999,2.2,25.0,1008.0,0.3,0.0,6616.0,5364.0,4.5
12.0,100.0,3300.0,2.2,25.0,1008.0,0.3,0.0,6616.0,5364.0,4.5
13.0,100.0,3299.999,2.19,26.0,1224.0,0.1,0.0,6616.0,5364.0,4.5
14.0,100.0,3299.999,2.2,26.0,1296.0,0.1,0.0,6616.0,5364.0,4.5
15.0,100.0,3300.0,2.19,25.0,1224.0,0.1,0.0,6616.0,5364.0,4.5
16.0,100.0,3299.999,2.18,25.0,1152.0,0.2,0.0,6616.0,5364.0,4.5
17.0,93.8,3300.0,2.18,25.0,936.0,0.4,0.0,6616.0,5364.0,4.5
18.0,100.0,3300.0,2.18,24.0,1224.0,0.4,0.0,6616.0,5364.0,4.5
19.0,100.0,3299.999,2.19,27.0,1152.0,0.3,0.0,6616.0,5364.0,4.5
20.0,100.0,3300.0,2.17,24.0,1152.0,0.4,0.0,6616.0,5364.0,4.5
21.0,100.0,3299.999,2.16,25.0,1152.0,0.4,0.0,6616.0,5364.0,4.5
22.0,100.0,3299.999,2.17,25.0,1224.0,0.3,0.0,6616.0,5364.0,4.5
23.0,100.0,3299.999,2.16,27.0,1224.0,0.4,0.0,6616.0,5364.0,4.5
24.0,100.0,3299.999,2.18,25.0,1296.0,0.5,0.0,6616.0,5364.0,4.5
25.0,100.0,3300.0,2.18,25.0,1512.0,0.3,0.0,6616.0,5364.0,4.5
26.0,100.0,3299.999,2.17,26.0,1584.0,0.3,0.0,6616.0,5364.0,4.5
27.0,100.0,3300.0,2.19,25.0,1440.0,0.1,0.0,6616.0,5364.0,4.5
28.0,100.0,3300.0,2.17,25.0,1584.0,0.3,0.0,6616.0,5364.0,4.5
29.0,100.0,3299.999,2.16,26.0,1656.0,0.3,0.0,6616.0,5364.0,4.5
30.0,100.0,3299.999,2.17,26.0,1944.0,0.3,0.0,6616.0,5364.0,4.5
31.0,100.0,3299.999,2.16,25.0,2376.0,0.6,0.0,6616.0,5364.0,4.5
32.0,100.0,3300.0,2.16,26.0,2304.0,0.2,0.0,6616.0,5364.0,4.5
33.0,100.0,3299.999,2.16,26.0,2232.0,0.3,0.0,6616.0,5364.0,4.5
34.0,100.0,3300.0,2.15,26.0,2232.0,0.4,0.0,6616.0,5364.0,4.5
35.0,100.0,3300.0,2.15,32.0,1080.0,1.3,0.0,6616.0,5364.0,4.5
36.0,93.8,3300.0,2.16,29.0,1224.0,0.3,0.0,6616.0,5364.0,4.5
37.0,100.0,3300.0,2.16,28.0,1368.0,0.4,0.0,6616.0,5364.0,4.5
38.0,93.8,3299.999,2.17,27.0,1152.0,0.7,0.0,6616.0,5364.0,4.5
39.0,100.0,3300.0,2.15,27.0,1224.0,0.1,0.0,6616.0,5364.0,4.5
