time,CPU_Utilization,Frequency,IPC,Misses,LLC,MBL,Memory_Footprint,Virt_Memory,Res_Memory,Allocated_Cache
0.0,100.0,3300.0,2.42,0.0,0.0,0.0,0.0,6616.0,5376.0,18.0
1.0,100.0,3300.0,2.38,23.0,216.0,0.2,0.0,6616.0,5376.0,18.0
2.0,100.0,3299.999,2.38,25.0,288.0,0.2,0.0,6616.0,5376.0,18.0
3.0,100.0,3300.0,2.38,23.0,576.0,0.2,0.0,6616.0,5376.0,18.0
4.0,100.0,3299.999,2.38,27.0,504.0,0.2,0.0,6616.0,5376.0,18.0
5.0,100.0,3300.0,2.38,24.0,648.0,0.1,0.0,6616.0,5376.0,18.0
6.0,100.0,3299.999,2.37,24.0,648.0,0.1,0.0,6616.0,5376.0,18.0
7.0,100.0,3299.999,2.36,27.0,792.0,0.1,0.0,6616.0,5376.0,18.0
8.0,100.0,3300.0,2.32,27.0,864.0,0.0,0.0,6616.0,5376.0,18.0
9.0,100.0,3300.0,2.29,26.0,1008.0,0.2,0.0,6616.0,5376.0,18.0
10.0,100.0,3299.999,2.23,26.0,1080.0,0.0,0.0,6616.0,5376.0,18.0
11.0,100.0,3300.0,2.2,26.0,1152.0,0.0,0.0,6616.0,5376.0,18.0
12.0,100.0,3299.999,2.21,26.0,1440.0,0.1,0.0,6616.0,5376.0,18.0
13.0,100.0,3300.0,2.2,22.0,1512.0,0.0,0.0,6616.0,5376.0,18.0
14.0,100.0,3300.0,2.2,24.0,1656.0,0.1,0.0,6616.0,5376.0,18.0
15.0,100.0,3299.999,2.19,22.0,1728.0,0.2,0.0,6616.0,5376.0,18.0
16.0,100.0,3299.999,2.19,22.0,2016.0,0.1,0.0,6616.0,5376.0,18.0
17.0,93.8,3299.999,2.19,23.0,2016.0,0.1,0.0,6616.0,5376.0,18.0
18.0,100.0,3300.0,2.18,24.0,2016.0,0.1,0.0,6616.0,5376.0,18.0
19.0,100.0,3299.999,2.2,24.0,2088.0,0.1,0.0,6616.0,5376.0,18.0
20.0,100.0,3299.999,2.17,22.0,2448.0,0.4,0.0,6616.0,5376.0,18.0
21.0,93.8,3300.0,2.17,22.0,2448.0,0.1,0.0,6616.0,5376.0,18.0
22.0,100.0,3300.0,2.18,22.0,2448.0,0.1,0.0,6616.0,5376.0,18.0
23.0,100.0,3299.999,2.17,22.0,2520.0,0.1,0.0,6616.0,5376.0,18.0
24.0,100.0,3300.0,2.2,22.0,2376.0,0.2,0.0,6616.0,5376.0,18.0
25.0,100.0,3299.999,2.19,20.0,2448.0,0.1,0.0,6616.0,5376.0,18.0
26.0,100.0,3299.999,2.18,21.0,2376.0,0.0,0.0,6616.0,5376.0,18.0
27.0,100.0,3299.999,2.2,22.0,2520.0,0.2,0.0,6616.0,5376.0,18.0
28.0,100.0,3299.999,2.18,21.0,2592.0,0.1,0.0,6616.0,5376.0,18.0
29.0,100.0,3300.0,2.17,21.0,2448.0,0.3,0.0,6616.0,5376.0,18.0
30.0,100.0,3299.999,2.17,21.0,2592.0,0.2,0.0,6616.0,5376.0,18.0
31.0,100.0,3300.0,2.16,20.0,2664.0,0.0,0.0,6616.0,5376.0,18.0
32.0,100.0,3299.999,2.17,21.0,2808.0,0.1,0.0,6616.0,5376.0,18.0
33.0,100.0,3299.999,2.17,22.0,2736.0,0.0,0.0,6616.0,5376.0,18.0
34.0,100.0,3300.001,2.16,23.0,2808.0,0.2,0.0,6616.0,5376.0,18.0
35.0,100.0,3299.999,2.16,23.0,2952.0,0.1,0.0,6616.0,5376.0,18.0
36.0,100.0,3299.999,2.16,21.0,2880.0,0.1,0.0,6616.0,5376.0,18.0
37.0,100.0,3300.0,2.17,20.0,2808.0,0.0,0.0,6616.0,5376.0,18.0
38.0,100.0,3300.0,2.17,22.0,3024.0,0.1,0.0,6616.0,5376.0,18.0
39.0,100.0,3299.999,2.15,21.0,3096.0,0.1,0.0,6616.0,5376.0,18.0
