time,CPU_Utilization,Frequency,IPC,Misses,LLC,MBL,Memory_Footprint,Virt_Memory,Res_Memory,Allocated_Cache
0.0,100.0,3299.999,2.36,0.0,0.0,0.0,0.0,6616.0,5368.0,15.75
1.0,100.0,3299.998,2.37,18.0,72.0,0.0,0.0,6616.0,5368.0,15.75
2.0,100.0,3300.0,2.37,24.0,144.0,0.0,0.0,6616.0,5368.0,15.75
3.0,100.0,3299.999,2.37,23.0,432.0,0.0,0.0,6616.0,5368.0,15.75
4.0,100.0,3299.999,2.38,24.0,720.0,0.1,0.0,6616.0,5368.0,15.75
5.0,100.0,3300.0,2.37,24.0,720.0,0.0,0.0,6616.0,5368.0,15.75
6.0,100.0,3299.999,2.37,23.0,792.0,0.1,0.0,6616.0,5368.0,15.75
7.0,100.0,3300.0,2.35,23.0,936.0,0.1,0.0,6616.0,5368.0,15.75
8.0,100.0,3300.0,2.31,24.0,1008.0,0.1,0.0,6616.0,5368.0,15.75
9.0,100.0,3300.0,2.28,24.0,1080.0,0.0,0.0,6616.0,5368.0,15.75
10.0,100.0,3299.999,2.21,26.0,1080.0,0.0,0.0,6616.0,5368.0,15.75
11.0,100.0,3299.999,2.2,25.0,1080.0,0.0,0.0,6616.0,5368.0,15.75
12.0,100.0,3299.999,2.2,26.0,1080.0,0.1,0.0,6616.0,5368.0,15.75
13.0,93.8,3300.0,2.2,25.0,1080.0,0.0,0.0,6616.0,5368.0,15.75
14.0,100.0,3299.999,2.2,26.0,1080.0,0.1,0.0,6616.0,5368.0,15.75
15.0,100.0,3300.0,2.19,26.0,1224.0,0.0,0.0,6616.0,5368.0,15.75
16.0,93.8,3300.0,2.19,26.0,1224.0,0.0,0.0,6616.0,5368.0,15.75
17.0,100.0,3299.999,2.19,25.0,1224.0,0.0,0.0,6616.0,5368.0,15.75
18.0,100.0,3299.999,2.18,26.0,1224.0,0.0,0.0,6616.0,5368.0,15.75
19.0,100.0,3300.0,2.2,26.0,1440.0,0.0,0.0,6616.0,5368.0,15.75
20.0,100.0,3299.999,2.17,26.0,1368.0,0.0,0.0,6616.0,5368.0,15.75
21.0,100.0,3300.0,1.99,28.0,1368.0,0.1,0.0,6616.0,5368.0,15.75
22.0,100.0,3299.999,2.08,27.0,1368.0,0.0,0.0,6616.0,5368.0,15.75
23.0,100.0,3300.0,2.17,26.0,1440.0,0.0,0.0,6616.0,5368.0,15.75
24.0,100.0,3299.999,2.19,26.0,1368.0,0.0,0.0,6616.0,5368.0,15.75
25.0,100.0,3299.999,2.18,27.0,1440.0,0.0,0.0,6616.0,5368.0,15.75
26.0,100.0,3299.999,2.18,29.0,1440.0,0.0,0.0,6616.0,5368.0,15.75
27.0,100.0,3299.999,2.19,27.0,1512.0,0.1,0.0,6616.0,5368.0,15.75
28.0,100.0,3300.0,2.19,29.0,1512.0,0.0,0.0,6616.0,5368.0,15.75
29.0,100.0,3300.0,2.17,28.0,1584.0,0.1,0.0,6616.0,5368.0,15.75
30.0,100.0,3299.999,2.17,27.0,1800.0,0.2,0.0,6616.0,5368.0,15.75
31.0,93.8,3300.0,2.16,26.0,1800.0,0.0,0.0,6616.0,5368.0,15.75
32.0,100.0,3299.999,2.16,26.0,1800.0,0.0,0.0,6616.0,5368.0,15.75
33.0,100.0,3300.0,2.16,27.0,1872.0,0.0,0.0,6616.0,5368.0,15.75
34.0,100.0,3300.0,2.16,29.0,1944.0,0.1,0.0,6616.0,5368.0,15.75
35.0,100.0,3300.0,2.15,26.0,2088.0,0.3,0.0,6616.0,5368.0,15.75
36.0,100.0,3300.0,2.16,27.0,2232.0,0.0,0.0,6616.0,5368.0,15.75
37.0,100.0,3300.0,2.17,26.0,1728.0,0.8,0.0,6616.0,5368.0,15.75
38.0,100.0,3299.999,2.17,27.0,1656.0,0.2,0.0,6616.0,5368.0,15.75
39.0,100.0,3299.999,2.16,26.0,1584.0,0.1,0.0,6616.0,5368.0,15.75
