time,CPU_Utilization,Frequency,IPC,Misses,LLC,MBL,Memory_Footprint,Virt_Memory,Res_Memory,Allocated_Cache
0.0,100.0,3300.0,2.12,0.0,0.0,0.0,0.0,6616.0,5508.0,24.75
1.0,100.0,3299.999,2.35,18.0,72.0,0.0,0.0,6616.0,5508.0,24.75
2.0,100.0,3300.0,2.37,19.0,360.0,0.1,0.0,6616.0,5508.0,24.75
3.0,100.0,3299.999,2.37,19.0,360.0,0.0,0.0,6616.0,5508.0,24.75
4.0,100.0,3299.999,2.36,19.0,504.0,0.1,0.0,6616.0,5508.0,24.75
5.0,93.8,3300.0,2.36,20.0,576.0,0.0,0.0,6616.0,5508.0,24.75
6.0,100.0,3300.0,2.36,19.0,576.0,0.0,0.0,6616.0,5508.0,24.75
7.0,100.0,3299.999,1.67,20.0,648.0,0.0,0.0,6616.0,5508.0,24.75
8.0,100.0,3300.0,1.72,22.0,792.0,0.0,0.0,6616.0,5508.0,24.75
9.0,100.0,3299.999,1.79,23.0,792.0,0.0,0.0,6616.0,5508.0,24.75
10.0,100.0,3300.001,2.26,20.0,936.0,0.1,0.0,6616.0,5508.0,24.75
11.0,100.0,3299.999,2.19,21.0,936.0,0.0,0.0,6616.0,5508.0,24.75
12.0,100.0,3300.0,2.2,21.0,1008.0,0.0,0.0,6616.0,5508.0,24.75
13.0,100.0,3300.0,2.2,21.0,936.0,0.1,0.0,6616.0,5508.0,24.75
14.0,100.0,3300.0,2.19,20.0,936.0,0.0,0.0,6616.0,5508.0,24.75
15.0,100.0,3299.999,2.2,20.0,1008.0,0.0,0.0,6616.0,5508.0,24.75
16.0,100.0,3299.999,2.18,21.0,1008.0,0.0,0.0,6616.0,5508.0,24.75
17.0,100.0,3300.0,1.5,22.0,1080.0,0.0,0.0,6616.0,5508.0,24.75
18.0,100.0,3300.0,1.59,25.0,1080.0,0.1,0.0,6616.0,5508.0,24.75
19.0,100.0,3300.0,2.18,20.0,1152.0,0.0,0.0,6616.0,5508.0,24.75
20.0,100.0,3299.999,2.18,21.0,1152.0,0.0,0.0,6616.0,5508.0,24.75
21.0,100.0,3299.999,2.19,20.0,1080.0,0.0,0.0,6616.0,5508.0,24.75
22.0,100.0,3300.0,2.15,20.0,1152.0,0.1,0.0,6616.0,5508.0,24.75
23.0,100.0,3300.0,2.17,20.0,1224.0,0.1,0.0,6616.0,5508.0,24.75
24.0,100.0,3300.0,2.17,20.0,1296.0,0.0,0.0,6616.0,5508.0,24.75
25.0,100.0,3300.0,1.45,21.0,1440.0,0.1,0.0,6616.0,5508.0,24.75
26.0,93.8,3300.0,1.56,24.0,1512.0,0.0,0.0,6616.0,5508.0,24.75
27.0,100.0,3299.999,2.18,19.0,1224.0,0.1,0.0,6616.0,5508.0,24.75
28.0,100.0,3299.999,2.17,21.0,1224.0,0.0,0.0,6616.0,5508.0,24.75
29.0,93.8,3300.0,2.19,20.0,1296.0,0.1,0.0,6616.0,5508.0,24.75
30.0,93.8,3299.999,2.17,20.0,1368.0,0.0,0.0,6616.0,5508.0,24.75
31.0,100.0,3299.999,2.16,20.0,1296.0,0.0,0.0,6616.0,5508.0,24.75
32.0,100.0,3299.999,2.17,22.0,1296.0,0.0,0.0,6616.0,5508.0,24.75
33.0,100.0,3300.0,2.16,21.0,1584.0,0.0,0.0,6616.0,5508.0,24.75
34.0,100.0,3300.0,2.17,20.0,1512.0,0.1,0.0,6616.0,5508.0,24.75
35.0,100.0,3299.999,2.17,21.0,1512.0,0.0,0.0,6616.0,5508.0,24.75
36.0,100.0,3299.999,2.16,21.0,1440.0,0.0,0.0,6616.0,5508.0,24.75
37.0,100.0,3299.999,2.15,21.0,1584.0,0.0,0.0,6616.0,5508.0,24.75
38.0,100.0,3300.0,2.15,21.0,1656.0,0.0,0.0,6616.0,5508.0,24.75
39.0,100.0,3300.0,2.17,20.0,1512.0,0.0,0.0,6616.0,5508.0,24.75
40.0,100.0,3299.999,2.16,22.0,1656.0,0.1,0.0,6616.0,5508.0,24.75
41.0,100.0,3300.0,2.17,21.0,1656.0,0.0,0.0,6616.0,5508.0,24.75
42.0,100.0,3300.001,2.16,17.0,1656.0,0.0,0.0,6616.0,5508.0,24.75
43.0,100.0,3299.999,2.17,17.0,1728.0,0.1,0.0,6616.0,5508.0,24.75
44.0,100.0,3300.0,2.17,17.0,1728.0,0.4,0.0,6616.0,5508.0,24.75
45.0,100.0,3299.999,2.18,17.0,1728.0,0.3,0.0,6616.0,5508.0,24.75
46.0,100.0,3300.0,2.16,16.0,1800.0,0.4,0.0,6616.0,5508.0,24.75
47.0,100.0,3299.999,2.15,17.0,1728.0,0.4,0.0,6616.0,5508.0,24.75
48.0,100.0,3300.0,2.16,17.0,1872.0,0.4,0.0,6616.0,5508.0,24.75
49.0,100.0,3300.0,2.17,17.0,1728.0,0.3,0.0,6616.0,5508.0,24.75
50.0,100.0,3300.0,2.17,17.0,1872.0,0.4,0.0,6616.0,5508.0,24.75
51.0,100.0,3299.999,2.17,17.0,1872.0,0.4,0.0,6616.0,5508.0,24.75
52.0,100.0,3300.0,2.17,18.0,1944.0,0.4,0.0,6616.0,5508.0,24.75
53.0,100.0,3300.0,2.17,18.0,1944.0,0.4,0.0,6616.0,5508.0,24.75
54.0,100.0,3299.999,2.16,17.0,2160.0,0.5,0.0,6616.0,5508.0,24.75
55.0,100.0,3300.0,2.16,18.0,2160.0,0.4,0.0,6616.0,5508.0,24.75
56.0,100.0,3299.999,2.16,17.0,2304.0,0.6,0.0,6616.0,5508.0,24.75
57.0,100.0,3300.0,2.16,17.0,2232.0,0.4,0.0,6616.0,5508.0,24.75
58.0,100.0,3299.999,2.16,18.0,2160.0,0.5,0.0,6616.0,5508.0,24.75
59.0,100.0,3299.999,2.16,17.0,2232.0,0.4,0.0,6616.0,5508.0,24.75
60.0,100.0,3300.0,2.17,17.0,2376.0,0.4,0.0,6616.0,5508.0,24.75
61.0,100.0,3300.0,2.15,17.0,2376.0,0.4,0.0,6616.0,5508.0,24.75
62.0,100.0,3299.999,2.15,16.0,2448.0,0.4,0.0,6616.0,5508.0,24.75
63.0,100.0,3299.999,2.17,17.0,2592.0,0.4,0.0,6616.0,5508.0,24.75
64.0,100.0,3299.999,2.17,18.0,2664.0,0.4,0.0,6616.0,5508.0,24.75
65.0,93.8,3299.999,2.17,17.0,2520.0,0.5,0.0,6616.0,5508.0,24.75
66.0,93.8,3300.0,2.16,16.0,2592.0,0.4,0.0,6616.0,5508.0,24.75
67.0,100.0,3299.999,2.15,17.0,2520.0,0.3,0.0,6616.0,5508.0,24.75
68.0,100.0,3299.999,2.15,18.0,2520.0,0.4,0.0,6616.0,5508.0,24.75
69.0,93.8,3300.0,2.15,17.0,2520.0,0.3,0.0,6616.0,5508.0,24.75
70.0,93.8,3299.999,2.14,16.0,2736.0,0.4,0.0,6616.0,5508.0,24.75
71.0,100.0,3300.0,2.16,17.0,2520.0,0.4,0.0,6616.0,5508.0,24.75
72.0,100.0,3300.0,2.16,17.0,2592.0,0.4,0.0,6616.0,5508.0,24.75
73.0,100.0,3299.999,2.16,17.0,2736.0,0.4,0.0,6616.0,5508.0,24.75
74.0,100.0,3300.0,2.18,18.0,2808.0,0.2,0.0,6616.0,5508.0,24.75
75.0,100.0,3300.0,2.19,18.0,3024.0,0.1,0.0,6616.0,5508.0,24.75
76.0,93.8,3299.999,2.19,18.0,3024.0,0.0,0.0,6616.0,5508.0,24.75
77.0,100.0,3299.999,2.18,17.0,2952.0,0.1,0.0,6616.0,5508.0,24.75
78.0,100.0,3300.0,2.18,18.0,3096.0,0.1,0.0,6616.0,5508.0,24.75
79.0,100.0,3299.999,2.18,18.0,3240.0,0.2,0.0,6616.0,5508.0,24.75
80.0,100.0,3300.0,2.17,19.0,3456.0,0.2,0.0,6616.0,5508.0,24.75
81.0,100.0,3299.999,2.18,20.0,3672.0,0.4,0.0,6616.0,5508.0,24.75
82.0,100.0,3300.0,2.16,19.0,3744.0,0.1,0.0,6616.0,5508.0,24.75
83.0,100.0,3299.999,1.47,20.0,3744.0,0.0,0.0,6616.0,5508.0,24.75
84.0,100.0,3300.0,1.56,21.0,3672.0,0.0,0.0,6616.0,5508.0,24.75
85.0,100.0,3299.999,2.16,20.0,3888.0,0.4,0.0,6616.0,5508.0,24.75
86.0,93.8,3300.0,1.53,21.0,4104.0,0.3,0.0,6616.0,5508.0,24.75
87.0,100.0,3299.999,1.62,22.0,4104.0,0.0,0.0,6616.0,5508.0,24.75
88.0,100.0,3299.999,2.17,21.0,3960.0,0.1,0.0,6616.0,5508.0,24.75
89.0,100.0,3299.999,2.16,21.0,3960.0,0.0,0.0,6616.0,5508.0,24.75
90.0,100.0,3300.0,2.16,21.0,4104.0,0.1,0.0,6616.0,5508.0,24.75
91.0,100.0,3299.999,2.15,20.0,4248.0,0.3,0.0,6616.0,5508.0,24.75
92.0,100.0,3300.0,2.16,20.0,4176.0,0.0,0.0,6616.0,5508.0,24.75
93.0,100.0,3299.999,2.17,20.0,4464.0,0.1,0.0,6616.0,5508.0,24.75
94.0,93.8,3299.999,2.16,20.0,4320.0,0.0,0.0,6616.0,5508.0,24.75
95.0,93.8,3300.0,2.18,20.0,4464.0,0.0,0.0,6616.0,5508.0,24.75
96.0,100.0,3299.999,2.2,20.0,4320.0,0.1,0.0,6616.0,5508.0,24.75
97.0,100.0,3299.999,2.21,20.0,4320.0,0.0,0.0,6616.0,5508.0,24.75
98.0,93.8,3300.0,2.21,20.0,4248.0,0.0,0.0,6616.0,5508.0,24.75
99.0,100.0,3299.999,2.2,21.0,4464.0,0.1,0.0,6616.0,5508.0,24.75
100.0,100.0,3300.0,2.2,20.0,4464.0,0.0,0.0,6616.0,5508.0,24.75
101.0,100.0,3300.0,2.19,21.0,4392.0,0.0,0.0,6616.0,5508.0,24.75
102.0,100.0,3300.0,2.19,17.0,4464.0,0.0,0.0,6616.0,5508.0,24.75
103.0,100.0,3299.999,2.19,18.0,4392.0,0.1,0.0,6616.0,5508.0,24.75
104.0,100.0,3300.0,2.21,17.0,4464.0,0.1,0.0,6616.0,5508.0,24.75
105.0,100.0,3300.0,2.2,17.0,4320.0,0.1,0.0,6616.0,5508.0,24.75
106.0,100.0,3299.999,2.21,18.0,4320.0,0.0,0.0,6616.0,5508.0,24.75
107.0,93.8,3299.999,2.21,18.0,4320.0,0.1,0.0,6616.0,5508.0,24.75
108.0,93.8,3300.0,2.23,18.0,4248.0,0.0,0.0,6616.0,5508.0,24.75
109.0,100.0,3299.999,2.22,18.0,4392.0,0.0,0.0,6616.0,5508.0,24.75
110.0,100.0,3300.0,2.22,17.0,4248.0,0.1,0.0,6616.0,5508.0,24.75
111.0,93.8,3299.999,2.21,18.0,4464.0,0.1,0.0,6616.0,5508.0,24.75
112.0,100.0,3299.999,2.19,17.0,4392.0,0.0,0.0,6616.0,5508.0,24.75
113.0,100.0,3300.0,2.19,17.0,4392.0,0.0,0.0,6616.0,5508.0,24.75
114.0,93.8,3299.999,2.2,18.0,4464.0,0.0,0.0,6616.0,5508.0,24.75
115.0,100.0,3300.0,2.21,17.0,4392.0,0.0,0.0,6616.0,5508.0,24.75
116.0,100.0,3300.0,2.2,17.0,4464.0,0.0,0.0,6616.0,5508.0,24.75
117.0,100.0,3299.999,2.2,17.0,3672.0,0.6,0.0,6616.0,5508.0,24.75
118.0,100.0,3299.999,2.19,17.0,3672.0,0.0,0.0,6616.0,5508.0,24.75
119.0,100.0,3300.0,2.2,17.0,3672.0,0.1,0.0,6616.0,5508.0,24.75
120.0,100.0,3299.999,2.2,18.0,3744.0,0.0,0.0,6616.0,5508.0,24.75
121.0,100.0,3300.0,2.22,18.0,3744.0,0.0,0.0,6616.0,5508.0,24.75
122.0,100.0,3299.999,2.23,18.0,3744.0,0.0,0.0,6616.0,5508.0,24.75
123.0,93.8,3299.999,2.22,17.0,3672.0,0.0,0.0,6616.0,5508.0,24.75
124.0,100.0,3300.0,2.21,19.0,3960.0,0.1,0.0,6616.0,5508.0,24.75
125.0,100.0,3299.999,2.21,19.0,4032.0,0.1,0.0,6616.0,5508.0,24.75
126.0,100.0,3300.0,2.22,18.0,4248.0,0.1,0.0,6616.0,5508.0,24.75
127.0,100.0,3299.999,2.23,18.0,4320.0,0.2,0.0,6616.0,5508.0,24.75
128.0,100.0,3299.999,2.24,20.0,4320.0,0.1,0.0,6616.0,5508.0,24.75
129.0,100.0,3300.0,2.24,21.0,4392.0,0.0,0.0,6616.0,5508.0,24.75
130.0,100.0,3300.0,2.23,20.0,4320.0,0.0,0.0,6616.0,5508.0,24.75
131.0,100.0,3300.0,2.23,20.0,4464.0,0.1,0.0,6616.0,5508.0,24.75
132.0,100.0,3300.0,2.24,21.0,4464.0,0.0,0.0,6616.0,5508.0,24.75
133.0,100.0,3299.999,2.23,20.0,4536.0,0.0,0.0,6616.0,5508.0,24.75
134.0,100.0,3299.999,2.23,21.0,4464.0,0.1,0.0,6616.0,5508.0,24.75
135.0,100.0,3299.999,2.23,21.0,4536.0,0.0,0.0,6616.0,5508.0,24.75
136.0,100.0,3300.0,2.24,22.0,4464.0,0.1,0.0,6616.0,5508.0,24.75
137.0,100.0,3300.0,2.24,21.0,4536.0,0.0,0.0,6616.0,5508.0,24.75
138.0,100.0,3300.0,2.24,20.0,4608.0,0.0,0.0,6616.0,5508.0,24.75
139.0,100.0,3299.999,2.24,20.0,4824.0,0.1,0.0,6616.0,5508.0,24.75
140.0,100.0,3300.0,2.24,20.0,4896.0,0.1,0.0,6616.0,5508.0,24.75
141.0,100.0,3299.999,2.25,20.0,4968.0,0.1,0.0,6616.0,5508.0,24.75
142.0,100.0,3300.0,2.26,22.0,4968.0,0.0,0.0,6616.0,5508.0,24.75
143.0,100.0,3299.999,2.27,21.0,4968.0,0.0,0.0,6616.0,5508.0,24.75
144.0,100.0,3299.999,2.27,20.0,5040.0,0.1,0.0,6616.0,5508.0,24.75
145.0,100.0,3300.0,2.27,20.0,5040.0,0.0,0.0,6616.0,5508.0,24.75
146.0,93.8,3299.999,2.07,19.0,5040.0,0.0,0.0,6616.0,5508.0,24.75
147.0,93.8,3300.0,1.84,20.0,5256.0,0.2,0.0,6616.0,5508.0,24.75
148.0,100.0,3300.0,2.26,20.0,5256.0,0.0,0.0,6616.0,5508.0,24.75
149.0,100.0,3299.999,2.26,21.0,5112.0,0.1,0.0,6616.0,5508.0,24.75
150.0,100.0,3300.0,2.26,20.0,5040.0,0.0,0.0,6616.0,5508.0,24.75
151.0,100.0,3299.999,2.26,19.0,4968.0,0.1,0.0,6616.0,5508.0,24.75
152.0,100.0,3299.999,2.26,21.0,5112.0,0.0,0.0,6616.0,5508.0,24.75
153.0,100.0,3300.0,2.27,21.0,5112.0,0.0,0.0,6616.0,5508.0,24.75
154.0,100.0,3300.0,2.27,21.0,5040.0,0.0,0.0,6616.0,5508.0,24.75
155.0,100.0,3300.0,2.27,21.0,5040.0,0.0,0.0,6616.0,5508.0,24.75
156.0,100.0,3299.999,2.27,20.0,5040.0,0.1,0.0,6616.0,5508.0,24.75
157.0,100.0,3299.999,2.27,21.0,5184.0,0.1,0.0,6616.0,5508.0,24.75
158.0,100.0,3299.999,1.49,20.0,5112.0,0.0,0.0,6616.0,5508.0,24.75
159.0,93.8,3299.999,1.62,23.0,5112.0,0.0,0.0,6616.0,5508.0,24.75
160.0,93.8,3300.0,2.29,22.0,5040.0,0.0,0.0,6616.0,5508.0,24.75
161.0,100.0,3300.0,2.29,20.0,5112.0,0.0,0.0,6616.0,5508.0,24.75
162.0,100.0,3299.999,2.29,21.0,5040.0,0.1,0.0,6616.0,5508.0,24.75
163.0,100.0,3300.0,2.28,20.0,5256.0,0.2,0.0,6616.0,5508.0,24.75
164.0,100.0,3299.999,1.6,22.0,5184.0,0.1,0.0,6616.0,5508.0,24.75
165.0,100.0,3299.999,1.59,23.0,5328.0,0.0,0.0,6616.0,5508.0,24.75
166.0,100.0,3299.999,1.72,23.0,5328.0,0.3,0.0,6616.0,5508.0,24.75
