time,CPU_Utilization,Frequency,IPC,Misses,LLC,MBL,Memory_Footprint,Virt_Memory,Res_Memory,Allocated_Cache
0.0,100.0,3299.999,2.43,0.0,0.0,0.0,0.0,6616.0,5364.0,20.25
1.0,100.0,3299.999,2.38,22.0,432.0,0.3,0.0,6616.0,5364.0,20.25
2.0,100.0,3300.0,2.38,22.0,576.0,0.1,0.0,6616.0,5364.0,20.25
3.0,93.8,3300.0,2.38,22.0,648.0,0.3,0.0,6616.0,5364.0,20.25
4.0,100.0,3300.0,2.38,21.0,1008.0,0.1,0.0,6616.0,5364.0,20.25
5.0,100.0,3300.0,2.38,22.0,936.0,0.1,0.0,6616.0,5364.0,20.25
6.0,100.0,3299.999,2.37,22.0,1656.0,0.2,0.0,6616.0,5364.0,20.25
7.0,100.0,3299.999,2.35,22.0,1584.0,0.0,0.0,6616.0,5364.0,20.25
8.0,100.0,3299.999,2.32,23.0,1728.0,0.0,0.0,6616.0,5364.0,20.25
9.0,100.0,3300.0,2.28,22.0,1728.0,0.3,0.0,6616.0,5364.0,20.25
10.0,100.0,3300.0,2.22,23.0,1656.0,0.0,0.0,6616.0,5364.0,20.25
11.0,100.0,3300.0,2.2,23.0,1728.0,0.1,0.0,6616.0,5364.0,20.25
12.0,93.8,3300.0,2.21,24.0,1656.0,0.1,0.0,6616.0,5364.0,20.25
13.0,100.0,3299.999,2.2,22.0,1584.0,0.1,0.0,6616.0,5364.0,20.25
14.0,100.0,3299.999,2.2,23.0,1512.0,0.1,0.0,6616.0,5364.0,20.25
15.0,100.0,3299.999,2.19,23.0,1512.0,0.0,0.0,6616.0,5364.0,20.25
16.0,100.0,3299.999,2.19,24.0,1440.0,0.1,0.0,6616.0,5364.0,20.25
17.0,100.0,3300.0,2.19,23.0,1656.0,0.0,0.0,6616.0,5364.0,20.25
18.0,100.0,3299.999,2.18,23.0,1800.0,0.1,0.0,6616.0,5364.0,20.25
19.0,100.0,3299.999,2.2,23.0,1800.0,0.1,0.0,6616.0,5364.0,20.25
20.0,100.0,3299.999,2.18,22.0,1944.0,0.6,0.0,6616.0,5364.0,20.25
21.0,100.0,3300.0,2.17,25.0,1944.0,0.5,0.0,6616.0,5364.0,20.25
22.0,100.0,3299.999,2.18,23.0,1944.0,0.5,0.0,6616.0,5364.0,20.25
23.0,100.0,3299.999,2.17,25.0,1944.0,0.2,0.0,6616.0,5364.0,20.25
24.0,100.0,3299.999,2.19,23.0,2016.0,0.1,0.0,6616.0,5364.0,20.25
25.0,100.0,3299.999,2.18,25.0,1656.0,0.3,0.0,6616.0,5364.0,20.25
26.0,100.0,3300.0,2.18,25.0,1872.0,0.1,0.0,6616.0,5364.0,20.25
27.0,100.0,3299.999,2.19,25.0,1800.0,0.0,0.0,6616.0,5364.0,20.25
28.0,100.0,3299.999,2.18,25.0,1872.0,0.0,0.0,6616.0,5364.0,20.25
29.0,100.0,3300.0,2.17,25.0,2088.0,0.3,0.0,6616.0,5364.0,20.25
30.0,100.0,3299.999,2.17,26.0,2160.0,0.1,0.0,6616.0,5364.0,20.25
31.0,100.0,3300.0,2.16,25.0,2160.0,0.0,0.0,6616.0,5364.0,20.25
32.0,100.0,3299.999,2.16,26.0,2160.0,0.0,0.0,6616.0,5364.0,20.25
33.0,100.0,3299.999,2.17,25.0,2232.0,0.1,0.0,6616.0,5364.0,20.25
34.0,100.0,3299.999,2.16,28.0,2232.0,0.1,0.0,6616.0,5364.0,20.25
35.0,93.8,3300.0,2.16,26.0,2448.0,0.3,0.0,6616.0,5364.0,20.25
36.0,100.0,3299.999,2.15,25.0,2376.0,0.0,0.0,6616.0,5364.0,20.25
37.0,100.0,3299.999,2.17,24.0,2448.0,0.0,0.0,6616.0,5364.0,20.25
38.0,100.0,3299.999,2.17,26.0,2304.0,0.0,0.0,6616.0,5364.0,20.25
39.0,93.8,3300.0,2.16,28.0,2592.0,0.2,0.0,6616.0,5364.0,20.25
