time,CPU_Utilization,Frequency,IPC,Misses,LLC,MBL,Memory_Footprint,Virt_Memory,Res_Memory,Allocated_Cache
0.0,100.0,3300.0,2.37,0.0,0.0,0.0,0.0,6616.0,5308.0,6.75
1.0,100.0,3299.999,2.35,23.0,288.0,0.1,0.0,6616.0,5308.0,6.75
2.0,100.0,3299.999,2.35,26.0,576.0,0.4,0.0,6616.0,5308.0,6.75
3.0,100.0,3300.0,2.35,24.0,648.0,0.2,0.0,6616.0,5308.0,6.75
4.0,100.0,3300.0,2.35,24.0,576.0,0.1,0.0,6616.0,5308.0,6.75
5.0,100.0,3299.999,2.35,25.0,576.0,0.1,0.0,6616.0,5308.0,6.75
6.0,100.0,3300.0,2.35,24.0,648.0,0.3,0.0,6616.0,5308.0,6.75
7.0,100.0,3300.0,2.33,26.0,720.0,0.3,0.0,6616.0,5308.0,6.75
8.0,100.0,3299.999,2.3,26.0,936.0,0.1,0.0,6616.0,5308.0,6.75
9.0,100.0,3300.0,2.27,25.0,1224.0,0.3,0.0,6616.0,5308.0,6.75
10.0,100.0,3300.0,2.21,26.0,1224.0,0.1,0.0,6616.0,5308.0,6.75
11.0,100.0,3300.0,2.19,28.0,1080.0,0.1,0.0,6616.0,5308.0,6.75
12.0,100.0,3300.0,2.18,25.0,1440.0,0.1,0.0,6616.0,5308.0,6.75
13.0,100.0,3299.999,2.18,24.0,1512.0,0.3,0.0,6616.0,5308.0,6.75
14.0,100.0,3299.999,2.19,26.0,1800.0,0.4,0.0,6616.0,5308.0,6.75
15.0,100.0,3300.0,2.18,27.0,1728.0,0.0,0.0,6616.0,5308.0,6.75
16.0,100.0,3300.0,2.18,27.0,1728.0,0.0,0.0,6616.0,5308.0,6.75
17.0,100.0,3300.0,2.18,26.0,1656.0,0.1,0.0,6616.0,5308.0,6.75
18.0,100.0,3300.0,2.17,27.0,1944.0,0.3,0.0,6616.0,5308.0,6.75
19.0,100.0,3300.0,2.18,27.0,1656.0,0.2,0.0,6616.0,5308.0,6.75
20.0,100.0,3299.999,2.17,25.0,1656.0,0.2,0.0,6616.0,5308.0,6.75
21.0,100.0,3300.0,2.15,29.0,2088.0,0.6,0.0,6616.0,5308.0,6.75
22.0,100.0,3299.999,2.17,26.0,2232.0,0.1,0.0,6616.0,5308.0,6.75
23.0,100.0,3300.0,2.16,28.0,2232.0,0.2,0.0,6616.0,5308.0,6.75
24.0,100.0,3299.999,2.18,26.0,1872.0,0.1,0.0,6616.0,5308.0,6.75
25.0,100.0,3300.0,2.18,26.0,2232.0,0.0,0.0,6616.0,5308.0,6.75
26.0,100.0,3299.999,2.15,28.0,2232.0,0.4,0.0,6616.0,5308.0,6.75
27.0,100.0,3299.999,2.18,28.0,2088.0,0.1,0.0,6616.0,5308.0,6.75
28.0,100.0,3299.999,2.17,27.0,2304.0,0.0,0.0,6616.0,5308.0,6.75
29.0,100.0,3300.0,2.16,25.0,2232.0,0.1,0.0,6616.0,5308.0,6.75
30.0,100.0,3299.999,2.16,28.0,2160.0,0.1,0.0,6616.0,5308.0,6.75
31.0,100.0,3300.0,2.15,27.0,2088.0,0.2,0.0,6616.0,5308.0,6.75
32.0,100.0,3300.0,2.15,24.0,2232.0,0.1,0.0,6616.0,5308.0,6.75
33.0,100.0,3299.999,2.15,23.0,1872.0,0.4,0.0,6616.0,5308.0,6.75
34.0,100.0,3299.999,2.15,24.0,2016.0,0.4,0.0,6616.0,5308.0,6.75
35.0,93.8,3299.999,2.14,23.0,1944.0,0.4,0.0,6616.0,5308.0,6.75
36.0,100.0,3300.0,2.14,26.0,2016.0,0.1,0.0,6616.0,5308.0,6.75
37.0,100.0,3300.0,2.16,22.0,2016.0,0.0,0.0,6616.0,5308.0,6.75
38.0,100.0,3300.0,2.16,23.0,1872.0,0.1,0.0,6616.0,5308.0,6.75
39.0,100.0,3299.999,2.16,22.0,2160.0,0.1,0.0,6616.0,5308.0,6.75
