time,CPU_Utilization,Frequency,IPC,Misses,LLC,MBL,Memory_Footprint,Virt_Memory,Res_Memory,Allocated_Cache
0.0,93.8,3299.999,2.31,0.0,0.0,0.1,0.0,6616.0,5252.0,11.25
1.0,100.0,3299.998,2.33,22.0,0.0,0.1,0.0,6616.0,5252.0,11.25
2.0,100.0,3300.0,2.32,24.0,144.0,0.0,0.0,6616.0,5252.0,11.25
3.0,100.0,3299.999,2.33,24.0,216.0,0.0,0.0,6616.0,5252.0,11.25
4.0,100.0,3299.999,2.33,23.0,288.0,0.0,0.0,6616.0,5252.0,11.25
5.0,100.0,3300.0,2.32,24.0,288.0,0.0,0.0,6616.0,5252.0,11.25
6.0,100.0,3300.0,2.32,23.0,648.0,0.1,0.0,6616.0,5252.0,11.25
7.0,100.0,3299.999,2.32,23.0,648.0,0.1,0.0,6616.0,5252.0,11.25
8.0,100.0,3300.0,2.28,27.0,648.0,0.1,0.0,6616.0,5252.0,11.25
9.0,100.0,3299.999,2.26,25.0,936.0,0.1,0.0,6616.0,5252.0,11.25
10.0,100.0,3299.999,2.2,26.0,864.0,0.0,0.0,6616.0,5252.0,11.25
11.0,100.0,3299.999,2.17,23.0,1008.0,0.0,0.0,6616.0,5252.0,11.25
12.0,100.0,3300.0,2.18,27.0,936.0,0.0,0.0,6616.0,5252.0,11.25
13.0,100.0,3299.999,2.17,24.0,1008.0,0.1,0.0,6616.0,5252.0,11.25
14.0,100.0,3300.0,2.17,25.0,1008.0,0.0,0.0,6616.0,5252.0,11.25
15.0,100.0,3299.999,2.17,24.0,1008.0,0.2,0.0,6616.0,5252.0,11.25
16.0,100.0,3300.0,2.17,24.0,1224.0,0.0,0.0,6616.0,5252.0,11.25
17.0,100.0,3299.999,2.16,24.0,1152.0,0.0,0.0,6616.0,5252.0,11.25
18.0,100.0,3299.999,2.16,25.0,1224.0,0.1,0.0,6616.0,5252.0,11.25
19.0,100.0,3300.0,2.16,24.0,1224.0,0.1,0.0,6616.0,5252.0,11.25
20.0,100.0,3299.999,2.17,23.0,1152.0,0.1,0.0,6616.0,5252.0,11.25
21.0,100.0,3300.0,2.14,24.0,1296.0,0.1,0.0,6616.0,5252.0,11.25
22.0,100.0,3300.0,2.16,24.0,1296.0,0.0,0.0,6616.0,5252.0,11.25
23.0,100.0,3300.0,2.15,24.0,1368.0,0.0,0.0,6616.0,5252.0,11.25
24.0,100.0,3299.999,2.16,24.0,1512.0,0.1,0.0,6616.0,5252.0,11.25
25.0,100.0,3299.999,2.17,24.0,1584.0,0.1,0.0,6616.0,5252.0,11.25
26.0,93.8,3299.999,2.15,24.0,1584.0,0.1,0.0,6616.0,5252.0,11.25
27.0,100.0,3299.999,2.17,25.0,1656.0,0.1,0.0,6616.0,5252.0,11.25
28.0,100.0,3300.0,2.17,25.0,1800.0,0.3,0.0,6616.0,5252.0,11.25
29.0,100.0,3299.999,2.15,25.0,1944.0,0.0,0.0,6616.0,5252.0,11.25
30.0,100.0,3300.0,2.16,27.0,1872.0,0.0,0.0,6616.0,5252.0,11.25
31.0,100.0,3299.999,2.15,25.0,1944.0,0.2,0.0,6616.0,5252.0,11.25
32.0,100.0,3300.0,2.13,26.0,2160.0,0.4,0.0,6616.0,5252.0,11.25
33.0,100.0,3299.999,2.14,24.0,2088.0,0.0,0.0,6616.0,5252.0,11.25
34.0,100.0,3299.999,2.12,27.0,2160.0,0.4,0.0,6616.0,5252.0,11.25
35.0,100.0,3300.0,2.14,25.0,2160.0,0.0,0.0,6616.0,5252.0,11.25
36.0,100.0,3299.999,2.14,25.0,2160.0,0.0,0.0,6616.0,5252.0,11.25
37.0,100.0,3300.0,2.15,25.0,2160.0,0.0,0.0,6616.0,5252.0,11.25
38.0,93.8,3300.0,2.15,27.0,2160.0,0.0,0.0,6616.0,5252.0,11.25
39.0,100.0,3300.0,2.16,24.0,2232.0,0.1,0.0,6616.0,5252.0,11.25
