time,CPU_Utilization,Frequency,IPC,Misses,LLC,MBL,Memory_Footprint,Virt_Memory,Res_Memory,Allocated_Cache
0.0,100.0,3300.0,2.19,0.0,0.0,0.0,0.0,6616.0,5376.0,9.0
1.0,100.0,3299.999,2.23,21.0,288.0,0.1,0.0,6616.0,5376.0,9.0
2.0,100.0,3300.0,2.23,22.0,288.0,0.1,0.0,6616.0,5376.0,9.0
3.0,100.0,3300.0,2.23,22.0,432.0,0.1,0.0,6616.0,5376.0,9.0
4.0,100.0,3300.0,2.23,22.0,432.0,0.0,0.0,6616.0,5376.0,9.0
5.0,100.0,3299.999,2.23,22.0,432.0,0.0,0.0,6616.0,5376.0,9.0
6.0,100.0,3300.0,2.23,23.0,576.0,0.3,0.0,6616.0,5376.0,9.0
7.0,100.0,3300.0,2.23,22.0,576.0,0.1,0.0,6616.0,5376.0,9.0
8.0,100.0,3300.0,2.22,24.0,792.0,0.1,0.0,6616.0,5376.0,9.0
9.0,100.0,3299.999,2.21,24.0,864.0,0.5,0.0,6616.0,5376.0,9.0
10.0,100.0,3300.0,2.17,27.0,792.0,0.1,0.0,6616.0,5376.0,9.0
11.0,100.0,3300.0,2.15,24.0,792.0,0.1,0.0,6616.0,5376.0,9.0
12.0,93.8,3300.0,2.14,23.0,864.0,0.1,0.0,6616.0,5376.0,9.0
13.0,93.8,3299.999,2.14,22.0,1008.0,0.3,0.0,6616.0,5376.0,9.0
14.0,100.0,3299.999,2.14,24.0,1152.0,0.1,0.0,6616.0,5376.0,9.0
15.0,100.0,3300.0,2.14,23.0,1224.0,0.0,0.0,6616.0,5376.0,9.0
16.0,100.0,3299.999,2.13,23.0,1512.0,0.1,0.0,6616.0,5376.0,9.0
17.0,100.0,3299.999,2.14,23.0,1512.0,0.1,0.0,6616.0,5376.0,9.0
18.0,100.0,3300.0,2.13,23.0,1728.0,0.0,0.0,6616.0,5376.0,9.0
19.0,93.8,3300.0,1.34,24.0,1728.0,0.0,0.0,6616.0,5376.0,9.0
20.0,100.0,3300.0,1.97,25.0,1728.0,0.0,0.0,6616.0,5376.0,9.0
21.0,100.0,3299.999,2.13,23.0,1728.0,0.0,0.0,6616.0,5376.0,9.0
22.0,100.0,3299.999,2.11,23.0,1800.0,0.1,0.0,6616.0,5376.0,9.0
23.0,100.0,3300.0,2.12,23.0,1800.0,0.0,0.0,6616.0,5376.0,9.0
24.0,100.0,3299.999,2.12,23.0,1872.0,0.0,0.0,6616.0,5376.0,9.0
25.0,100.0,3299.999,2.13,23.0,2016.0,0.1,0.0,6616.0,5376.0,9.0
26.0,100.0,3299.999,2.14,24.0,2016.0,0.0,0.0,6616.0,5376.0,9.0
27.0,100.0,3300.0,2.13,24.0,2016.0,0.0,0.0,6616.0,5376.0,9.0
28.0,100.0,3300.0,2.14,24.0,2016.0,0.0,0.0,6616.0,5376.0,9.0
29.0,100.0,3299.999,1.47,25.0,2088.0,0.0,0.0,6616.0,5376.0,9.0
30.0,100.0,3300.0,1.96,28.0,2016.0,0.0,0.0,6616.0,5376.0,9.0
31.0,100.0,3299.999,2.12,26.0,2088.0,0.0,0.0,6616.0,5376.0,9.0
32.0,100.0,3299.999,2.13,24.0,2376.0,0.1,0.0,6616.0,5376.0,9.0
33.0,100.0,3299.999,2.12,25.0,2376.0,0.1,0.0,6616.0,5376.0,9.0
34.0,100.0,3299.999,2.12,25.0,2376.0,0.0,0.0,6616.0,5376.0,9.0
35.0,100.0,3300.0,2.13,25.0,2376.0,0.1,0.0,6616.0,5376.0,9.0
36.0,100.0,3299.999,2.12,24.0,2376.0,0.0,0.0,6616.0,5376.0,9.0
37.0,100.0,3300.0,2.12,24.0,2376.0,0.0,0.0,6616.0,5376.0,9.0
38.0,100.0,3300.0,2.12,24.0,2376.0,0.0,0.0,6616.0,5376.0,9.0
39.0,100.0,3300.0,2.14,25.0,2376.0,0.0,0.0,6616.0,5376.0,9.0
