time,CPU_Utilization,Frequency,IPC,Misses,LLC,MBL,Memory_Footprint,Virt_Memory,Res_Memory,Allocated_Cache
0.0,100.0,3299.999,2.35,0.0,0.0,0.0,0.0,6616.0,5388.0,13.5
1.0,100.0,3300.0,2.37,24.0,288.0,0.0,0.0,6616.0,5388.0,13.5
2.0,100.0,3300.0,2.37,21.0,360.0,0.0,0.0,6616.0,5388.0,13.5
3.0,100.0,3299.999,2.37,22.0,360.0,0.0,0.0,6616.0,5388.0,13.5
4.0,100.0,3300.0,2.38,20.0,360.0,0.0,0.0,6616.0,5388.0,13.5
5.0,100.0,3300.0,2.37,20.0,504.0,0.1,0.0,6616.0,5388.0,13.5
6.0,100.0,3299.999,1.58,21.0,576.0,0.1,0.0,6616.0,5388.0,13.5
7.0,100.0,3299.999,2.24,20.0,792.0,0.0,0.0,6616.0,5388.0,13.5
8.0,100.0,3300.0,2.33,20.0,864.0,0.1,0.0,6616.0,5388.0,13.5
9.0,100.0,3299.999,2.3,20.0,936.0,0.0,0.0,6616.0,5388.0,13.5
10.0,100.0,3300.0,2.23,22.0,1080.0,0.1,0.0,6616.0,5388.0,13.5
11.0,100.0,3300.001,2.21,21.0,1080.0,0.1,0.0,6616.0,5388.0,13.5
12.0,100.0,3299.999,2.2,21.0,1080.0,0.0,0.0,6616.0,5388.0,13.5
13.0,100.0,3300.0,2.2,20.0,1080.0,0.0,0.0,6616.0,5388.0,13.5
14.0,100.0,3300.0,2.19,21.0,1080.0,0.0,0.0,6616.0,5388.0,13.5
15.0,100.0,3299.999,2.19,20.0,1296.0,0.0,0.0,6616.0,5388.0,13.5
16.0,100.0,3300.0,2.19,20.0,1368.0,0.0,0.0,6616.0,5388.0,13.5
17.0,100.0,3300.0,2.18,21.0,1296.0,0.0,0.0,6616.0,5388.0,13.5
18.0,100.0,3299.999,2.18,22.0,1296.0,0.0,0.0,6616.0,5388.0,13.5
19.0,100.0,3299.999,2.18,21.0,1296.0,0.1,0.0,6616.0,5388.0,13.5
20.0,100.0,3299.999,2.19,20.0,1440.0,0.1,0.0,6616.0,5388.0,13.5
21.0,100.0,3299.999,2.15,22.0,1368.0,0.2,0.0,6616.0,5388.0,13.5
22.0,100.0,3300.0,2.17,22.0,1368.0,0.0,0.0,6616.0,5388.0,13.5
23.0,100.0,3300.0,2.17,22.0,1440.0,0.1,0.0,6616.0,5388.0,13.5
24.0,100.0,3300.0,2.18,21.0,1656.0,0.1,0.0,6616.0,5388.0,13.5
25.0,100.0,3300.0,2.19,22.0,1800.0,0.0,0.0,6616.0,5388.0,13.5
26.0,100.0,3299.999,2.17,22.0,1800.0,0.0,0.0,6616.0,5388.0,13.5
27.0,100.0,3299.999,2.19,22.0,1872.0,0.0,0.0,6616.0,5388.0,13.5
28.0,100.0,3300.0,2.18,22.0,2088.0,0.1,0.0,6616.0,5388.0,13.5
29.0,100.0,3299.999,2.16,23.0,2160.0,0.0,0.0,6616.0,5388.0,13.5
30.0,100.0,3300.0,2.17,23.0,2232.0,0.1,0.0,6616.0,5388.0,13.5
31.0,100.0,3299.999,2.16,22.0,2232.0,0.0,0.0,6616.0,5388.0,13.5
32.0,100.0,3300.0,2.16,22.0,2304.0,0.0,0.0,6616.0,5388.0,13.5
33.0,100.0,3300.0,2.16,23.0,2232.0,0.0,0.0,6616.0,5388.0,13.5
34.0,100.0,3300.0,2.16,24.0,2160.0,0.1,0.0,6616.0,5388.0,13.5
35.0,93.8,3299.999,2.15,24.0,2160.0,0.0,0.0,6616.0,5388.0,13.5
36.0,100.0,3300.0,2.15,23.0,2304.0,0.3,0.0,6616.0,5388.0,13.5
37.0,100.0,3300.0,2.17,22.0,2376.0,0.0,0.0,6616.0,5388.0,13.5
38.0,100.0,3299.999,2.16,23.0,2376.0,0.0,0.0,6616.0,5388.0,13.5
39.0,100.0,3299.999,2.17,22.0,2376.0,0.0,0.0,6616.0,5388.0,13.5
