time,CPU_Utilization,Frequency,IPC,Misses,LLC,MBL,Memory_Footprint,Virt_Memory,Res_Memory,Allocated_Cache
0.0,100.0,3299.999,2.37,0.0,0.0,0.0,0.0,6616.0,5392.0,22.5
1.0,93.8,3300.0,2.38,23.0,144.0,0.2,0.0,6616.0,5392.0,22.5
2.0,100.0,3299.999,2.38,25.0,360.0,0.2,0.0,6616.0,5392.0,22.5
3.0,100.0,3299.999,2.38,23.0,360.0,0.3,0.0,6616.0,5392.0,22.5
4.0,100.0,3299.999,2.37,25.0,432.0,0.4,0.0,6616.0,5392.0,22.5
5.0,100.0,3300.0,2.38,27.0,432.0,0.4,0.0,6616.0,5392.0,22.5
6.0,100.0,3300.001,2.37,25.0,432.0,0.4,0.0,6616.0,5392.0,22.5
7.0,100.0,3300.0,2.36,25.0,648.0,0.3,0.0,6616.0,5392.0,22.5
8.0,93.8,3299.999,2.32,25.0,720.0,0.3,0.0,6616.0,5392.0,22.5
9.0,93.8,3300.0,2.28,25.0,1008.0,0.4,0.0,6616.0,5392.0,22.5
10.0,100.0,3299.999,2.21,25.0,1224.0,0.4,0.0,6616.0,5392.0,22.5
11.0,100.0,3300.0,2.2,25.0,1224.0,0.3,0.0,6616.0,5392.0,22.5
12.0,100.0,3299.999,2.2,26.0,1224.0,0.2,0.0,6616.0,5392.0,22.5
13.0,93.8,3300.0,2.19,26.0,1296.0,0.2,0.0,6616.0,5392.0,22.5
14.0,93.8,3299.999,2.19,26.0,1440.0,0.2,0.0,6616.0,5392.0,22.5
15.0,93.8,3300.0,2.18,26.0,1368.0,0.2,0.0,6616.0,5392.0,22.5
16.0,100.0,3299.999,2.19,27.0,1368.0,0.3,0.0,6616.0,5392.0,22.5
17.0,100.0,3299.999,2.18,26.0,1440.0,0.4,0.0,6616.0,5392.0,22.5
18.0,100.0,3300.0,2.18,27.0,1584.0,0.2,0.0,6616.0,5392.0,22.5
19.0,100.0,3300.0,2.19,25.0,1584.0,0.3,0.0,6616.0,5392.0,22.5
20.0,100.0,3300.0,2.17,26.0,1656.0,0.4,0.0,6616.0,5392.0,22.5
21.0,100.0,3300.0,2.15,25.0,1656.0,0.2,0.0,6616.0,5392.0,22.5
22.0,100.0,3299.999,2.17,26.0,1728.0,0.3,0.0,6616.0,5392.0,22.5
23.0,100.0,3300.0,2.17,27.0,1800.0,0.2,0.0,6616.0,5392.0,22.5
24.0,100.0,3300.0,2.19,26.0,1800.0,0.2,0.0,6616.0,5392.0,22.5
25.0,100.0,3300.0,2.18,24.0,1440.0,0.4,0.0,6616.0,5392.0,22.5
26.0,100.0,3299.999,2.17,23.0,1440.0,0.4,0.0,6616.0,5392.0,22.5
27.0,100.0,3299.999,2.19,22.0,1656.0,0.2,0.0,6616.0,5392.0,22.5
28.0,100.0,3299.999,2.18,23.0,1728.0,0.2,0.0,6616.0,5392.0,22.5
29.0,93.8,3300.0,2.15,23.0,1656.0,0.2,0.0,6616.0,5392.0,22.5
30.0,100.0,3299.999,2.17,22.0,1584.0,0.2,0.0,6616.0,5392.0,22.5
31.0,100.0,3299.999,2.16,22.0,1584.0,0.3,0.0,6616.0,5392.0,22.5
32.0,100.0,3299.999,2.16,23.0,1584.0,0.4,0.0,6616.0,5392.0,22.5
33.0,100.0,3299.999,2.16,21.0,1656.0,0.1,0.0,6616.0,5392.0,22.5
34.0,100.0,3299.999,2.16,23.0,1584.0,0.3,0.0,6616.0,5392.0,22.5
35.0,100.0,3300.0,2.15,23.0,1656.0,0.1,0.0,6616.0,5392.0,22.5
36.0,93.8,3299.999,2.16,22.0,1656.0,0.2,0.0,6616.0,5392.0,22.5
37.0,100.0,3300.0,1.9,23.0,1512.0,0.2,0.0,6616.0,5392.0,22.5
38.0,93.8,3300.0,2.18,24.0,1656.0,0.3,0.0,6616.0,5392.0,22.5
39.0,100.0,3300.0,2.16,21.0,1512.0,0.2,0.0,6616.0,5392.0,22.5
