time,CPU_Utilization,Frequency,IPC,Misses,LLC,MBL,Memory_Footprint,Virt_Memory,Res_Memory,Allocated_Cache
0.0,100.0,3300.0,2.35,5.0,0.0,0.1,0.0,46132.0,44556.0,15.75
1.0,100.0,3300.0,2.04,289.0,18864.0,73.7,0.0,48772.0,46992.0,15.75
2.0,100.0,3299.999,2.13,252.0,20232.0,23.6,0.0,49468.0,47784.0,15.75
3.0,100.0,3299.999,2.08,109.0,20016.0,8.1,0.0,49468.0,47784.0,15.75
4.0,93.8,3299.999,2.15,101.0,19512.0,7.7,0.0,49468.0,47784.0,15.75
5.0,100.0,3300.001,2.06,233.0,20016.0,17.2,0.0,49468.0,47784.0,15.75
6.0,100.0,3299.999,2.12,203.0,19944.0,17.2,0.0,49468.0,47784.0,15.75
7.0,100.0,3299.999,2.13,98.0,19584.0,8.6,0.0,49468.0,47784.0,15.75
8.0,100.0,3300.0,2.07,219.0,19800.0,24.5,0.0,49468.0,47784.0,15.75
9.0,100.0,3299.999,2.17,107.0,18864.0,8.2,0.0,49468.0,47784.0,15.75
10.0,100.0,3299.999,2.05,208.0,17640.0,16.7,0.0,49468.0,47784.0,15.75
11.0,100.0,3300.0,2.21,85.0,17640.0,5.4,0.0,49468.0,47784.0,15.75
12.0,93.8,3300.0,2.03,265.0,15984.0,20.0,0.0,49468.0,47784.0,15.75
13.0,100.0,3300.0,2.14,222.0,16272.0,17.1,0.0,49468.0,47784.0,15.75
14.0,100.0,3299.999,1.68,82.0,16128.0,3.4,0.0,49468.0,47784.0,15.75
15.0,100.0,3300.0,2.18,85.0,15768.0,5.4,0.0,49468.0,47784.0,15.75
16.0,93.8,3300.0,2.03,264.0,12312.0,25.0,0.0,49468.0,47784.0,15.75
17.0,100.0,3300.0,1.95,86.0,12888.0,4.8,0.0,49468.0,47784.0,15.75
18.0,100.0,3300.002,2.0,247.0,14688.0,19.3,0.0,49468.0,47784.0,15.75
19.0,100.0,3300.0,2.14,232.0,15120.0,25.0,0.0,49468.0,47784.0,15.75
20.0,100.0,3299.999,2.11,105.0,15048.0,7.7,0.0,49468.0,47784.0,15.75
21.0,93.8,3299.999,2.12,224.0,14904.0,16.5,0.0,49468.0,47784.0,15.75
22.0,100.0,3300.0,2.17,94.0,15120.0,6.0,0.0,49468.0,47784.0,15.75
23.0,100.0,3299.999,2.03,269.0,13896.0,22.0,0.0,49468.0,47784.0,15.75
24.0,100.0,3299.999,2.19,88.0,12960.0,6.5,0.0,49468.0,47784.0,15.75
25.0,100.0,3300.0,2.03,236.0,14616.0,16.9,0.0,49468.0,47784.0,15.75
26.0,100.0,3299.999,1.97,91.0,14976.0,4.7,0.0,49468.0,47784.0,15.75
27.0,100.0,3300.0,1.88,212.0,14904.0,15.9,0.0,49468.0,47784.0,15.75
28.0,100.0,3299.999,2.18,94.0,14976.0,4.7,0.0,49468.0,47784.0,15.75
29.0,93.8,3300.001,2.03,238.0,15120.0,19.6,0.0,49468.0,47784.0,15.75
30.0,100.0,3299.999,2.18,231.0,15480.0,25.6,0.0,49468.0,47784.0,15.75
31.0,100.0,3299.999,2.09,105.0,15048.0,8.7,0.0,49468.0,47784.0,15.75
32.0,100.0,3299.999,2.13,237.0,15336.0,18.8,0.0,49468.0,47784.0,15.75
33.0,100.0,3300.0,1.56,96.0,14832.0,7.1,0.0,49468.0,47784.0,15.75
34.0,100.0,3299.999,1.99,259.0,14976.0,18.4,0.0,49468.0,47784.0,15.75
35.0,100.0,3300.0,1.85,87.0,14976.0,5.8,0.0,49468.0,47784.0,15.75
36.0,100.0,3300.0,1.67,203.0,14760.0,16.0,0.0,49468.0,47784.0,15.75
37.0,100.0,3299.999,1.97,90.0,15048.0,3.8,0.0,49468.0,47784.0,15.75
38.0,100.0,3299.999,2.17,89.0,15048.0,5.0,0.0,49468.0,47784.0,15.75
39.0,100.0,3300.0,2.03,222.0,14976.0,18.2,0.0,49468.0,47784.0,15.75
