time,CPU_Utilization,Frequency,IPC,Misses,LLC,MBL,Memory_Footprint,Virt_Memory,Res_Memory,Allocated_Cache
0.0,100.0,3300.0,2.35,5.0,0.0,0.3,0.0,46132.0,44592.0,6.75
1.0,100.0,3300.0,1.62,299.0,18792.0,70.5,0.0,48632.0,47028.0,6.75
2.0,100.0,3299.999,2.17,207.0,18504.0,20.1,0.0,49468.0,47820.0,6.75
3.0,100.0,3300.0,1.74,456.0,18792.0,40.4,0.0,49468.0,47820.0,6.75
4.0,100.0,3299.999,1.69,269.0,18144.0,25.7,0.0,49468.0,47820.0,6.75
5.0,100.0,3300.0,1.94,448.0,17928.0,35.3,0.0,49468.0,47820.0,6.75
6.0,100.0,3300.0,2.15,266.0,17784.0,22.9,0.0,49468.0,47820.0,6.75
7.0,100.0,3299.999,2.02,438.0,15696.0,41.8,0.0,49468.0,47820.0,6.75
8.0,100.0,3300.0,1.64,204.0,15120.0,19.5,0.0,49468.0,47820.0,6.75
9.0,100.0,3299.999,1.49,393.0,13824.0,34.5,0.0,49468.0,47820.0,6.75
10.0,100.0,3300.0,2.14,312.0,13896.0,31.7,0.0,49468.0,47820.0,6.75
11.0,100.0,3299.999,1.7,393.0,11952.0,35.2,0.0,49468.0,47820.0,6.75
12.0,100.0,3300.0,2.15,275.0,9936.0,26.4,0.0,49468.0,47820.0,6.75
13.0,100.0,3299.999,2.02,484.0,8928.0,42.0,0.0,49468.0,47820.0,6.75
14.0,100.0,3300.0,2.18,266.0,8640.0,22.8,0.0,49468.0,47820.0,6.75
15.0,100.0,3299.999,2.03,468.0,9504.0,39.0,0.0,49468.0,47820.0,6.75
16.0,100.0,3300.0,2.17,300.0,8424.0,30.9,0.0,49468.0,47820.0,6.75
17.0,100.0,3299.999,2.03,448.0,8928.0,36.0,0.0,49468.0,47820.0,6.75
18.0,100.0,3300.001,2.19,271.0,8640.0,24.8,0.0,49468.0,47820.0,6.75
19.0,100.0,3299.999,2.04,500.0,8640.0,48.4,0.0,49468.0,47820.0,6.75
20.0,100.0,3300.0,1.69,170.0,8352.0,12.0,0.0,49468.0,47820.0,6.75
21.0,100.0,3299.999,1.69,477.0,9072.0,44.2,0.0,49468.0,47820.0,6.75
22.0,100.0,3300.0,2.2,297.0,8496.0,26.9,0.0,49468.0,47820.0,6.75
23.0,100.0,3300.001,2.07,485.0,8568.0,42.9,0.0,49468.0,47820.0,6.75
24.0,100.0,3300.0,2.14,533.0,8928.0,45.7,0.0,49468.0,47820.0,6.75
25.0,100.0,3300.0,2.09,246.0,8496.0,21.7,0.0,49468.0,47820.0,6.75
26.0,100.0,3299.999,2.1,450.0,8424.0,35.6,0.0,49468.0,47820.0,6.75
27.0,100.0,3300.001,2.12,284.0,8208.0,28.9,0.0,49468.0,47820.0,6.75
28.0,100.0,3299.999,2.11,469.0,8640.0,39.9,0.0,49468.0,47820.0,6.75
29.0,100.0,3299.999,1.76,209.0,8424.0,18.2,0.0,49468.0,47820.0,6.75
30.0,100.0,3300.0,2.1,462.0,8856.0,47.0,0.0,49468.0,47820.0,6.75
31.0,100.0,3300.0,2.14,251.0,8496.0,23.8,0.0,49468.0,47820.0,6.75
32.0,100.0,3300.0,2.05,464.0,8856.0,40.9,0.0,49468.0,47820.0,6.75
33.0,100.0,3300.0,2.19,333.0,7848.0,31.6,0.0,49468.0,47820.0,6.75
34.0,100.0,3299.999,2.05,481.0,7992.0,42.3,0.0,49468.0,47820.0,6.75
35.0,100.0,3300.0,2.19,565.0,8784.0,47.9,0.0,49468.0,47820.0,6.75
36.0,100.0,3300.0,2.06,241.0,8568.0,21.6,0.0,49468.0,47820.0,6.75
37.0,100.0,3300.0,2.12,451.0,8568.0,36.8,0.0,49468.0,47820.0,6.75
38.0,100.0,3299.999,1.61,206.0,8568.0,17.2,0.0,49468.0,47820.0,6.75
39.0,100.0,3300.0,2.18,269.0,8496.0,24.7,0.0,49468.0,47820.0,6.75
