time,CPU_Utilization,Frequency,IPC,Misses,LLC,MBL,Memory_Footprint,Virt_Memory,Res_Memory,Allocated_Cache
0.0,100.0,3299.999,2.35,8.0,144.0,0.8,0.0,46132.0,44508.0,18.0
1.0,100.0,3299.999,2.04,306.0,19512.0,54.6,0.0,48632.0,46944.0,18.0
2.0,93.8,3300.0,2.13,228.0,19584.0,23.2,0.0,49468.0,47736.0,18.0
3.0,100.0,3300.0,2.08,87.0,19656.0,4.3,0.0,49468.0,47736.0,18.0
4.0,100.0,3300.0,2.13,84.0,19080.0,5.7,0.0,49468.0,47736.0,18.0
5.0,100.0,3299.999,1.48,164.0,18720.0,15.4,0.0,49468.0,47736.0,18.0
6.0,100.0,3299.999,2.01,68.0,18648.0,4.1,0.0,49468.0,47736.0,18.0
7.0,93.8,3299.999,1.51,191.0,19440.0,9.3,0.0,49468.0,47736.0,18.0
8.0,100.0,3300.0,2.04,68.0,19008.0,3.7,0.0,49468.0,47736.0,18.0
9.0,100.0,3299.999,2.05,196.0,18576.0,13.0,0.0,49468.0,47736.0,18.0
10.0,100.0,3300.0,2.19,71.0,18648.0,6.5,0.0,49468.0,47736.0,18.0
11.0,100.0,3299.999,1.95,184.0,18504.0,8.3,0.0,49468.0,47736.0,18.0
12.0,100.0,3299.999,1.99,224.0,17856.0,15.2,0.0,49468.0,47736.0,18.0
13.0,100.0,3300.0,1.31,64.0,17352.0,2.9,0.0,49468.0,47736.0,18.0
14.0,100.0,3299.999,2.01,63.0,17496.0,3.5,0.0,49468.0,47736.0,18.0
15.0,100.0,3300.001,2.03,199.0,17856.0,14.3,0.0,49468.0,47736.0,18.0
16.0,100.0,3299.999,2.17,94.0,17784.0,5.0,0.0,49468.0,47736.0,18.0
17.0,100.0,3300.0,2.03,189.0,18720.0,18.4,0.0,49468.0,47736.0,18.0
18.0,100.0,3299.999,2.19,65.0,17136.0,3.6,0.0,49468.0,47736.0,18.0
19.0,100.0,3300.001,2.06,204.0,17424.0,10.2,0.0,49468.0,47736.0,18.0
20.0,100.0,3300.001,2.13,195.0,18072.0,13.6,0.0,49468.0,47736.0,18.0
21.0,100.0,3300.0,2.12,77.0,18000.0,3.9,0.0,49468.0,47736.0,18.0
22.0,100.0,3300.001,2.11,191.0,17928.0,10.8,0.0,49468.0,47736.0,18.0
23.0,100.0,3299.999,2.18,77.0,17640.0,2.3,0.0,49468.0,47736.0,18.0
24.0,100.0,3300.0,1.67,219.0,17856.0,15.1,0.0,49468.0,47736.0,18.0
25.0,100.0,3299.999,2.15,68.0,17856.0,3.4,0.0,49468.0,47736.0,18.0
26.0,100.0,3300.0,2.04,184.0,17712.0,14.3,0.0,49468.0,47736.0,18.0
27.0,100.0,3300.001,2.16,77.0,17568.0,4.5,0.0,49468.0,47736.0,18.0
28.0,100.0,3300.0,2.04,183.0,17424.0,18.5,0.0,49468.0,47736.0,18.0
29.0,100.0,3299.999,2.19,72.0,17568.0,4.4,0.0,49468.0,47736.0,18.0
30.0,93.8,3299.999,2.04,199.0,17640.0,10.8,0.0,49468.0,47736.0,18.0
31.0,100.0,3300.0,2.18,194.0,17856.0,14.1,0.0,49468.0,47736.0,18.0
32.0,100.0,3300.0,2.1,94.0,14040.0,5.8,0.0,49468.0,47736.0,18.0
33.0,100.0,3299.999,2.12,232.0,15840.0,12.4,0.0,49468.0,47736.0,18.0
34.0,100.0,3300.0,2.15,78.0,15264.0,3.0,0.0,49468.0,47736.0,18.0
35.0,100.0,3300.0,2.04,228.0,16344.0,14.2,0.0,49468.0,47736.0,18.0
36.0,100.0,3299.999,2.18,72.0,16344.0,3.6,0.0,49468.0,47736.0,18.0
37.0,100.0,3299.999,2.05,188.0,16776.0,14.3,0.0,49468.0,47736.0,18.0
38.0,100.0,3299.999,2.16,76.0,16272.0,4.6,0.0,49468.0,47736.0,18.0
39.0,100.0,3299.999,1.85,183.0,16920.0,17.9,0.0,49468.0,47736.0,18.0
