time,CPU_Utilization,Frequency,IPC,Misses,LLC,MBL,Memory_Footprint,Virt_Memory,Res_Memory,Allocated_Cache
0.0,100.0,3300.0,2.35,6.0,0.0,0.6,0.0,46132.0,44304.0,11.25
1.0,100.0,3299.999,2.05,313.0,18648.0,71.9,0.0,48632.0,47004.0,11.25
2.0,100.0,3299.999,2.13,322.0,19800.0,29.6,0.0,49468.0,47796.0,11.25
3.0,100.0,3299.999,1.82,157.0,19368.0,10.8,0.0,49468.0,47796.0,11.25
4.0,100.0,3300.0,2.17,182.0,19008.0,11.1,0.0,49468.0,47796.0,11.25
5.0,100.0,3300.0,2.0,323.0,18144.0,26.9,0.0,49468.0,47796.0,11.25
6.0,100.0,3300.0,2.16,327.0,17856.0,23.3,0.0,49468.0,47796.0,11.25
7.0,100.0,3299.999,2.08,180.0,17352.0,11.0,0.0,49468.0,47796.0,11.25
8.0,100.0,3299.999,2.1,342.0,16200.0,19.1,0.0,49468.0,47796.0,11.25
9.0,100.0,3299.999,2.15,190.0,16200.0,10.2,0.0,49468.0,47796.0,11.25
10.0,100.0,3299.999,2.07,324.0,14976.0,16.4,0.0,49468.0,47796.0,11.25
11.0,100.0,3300.0,2.2,165.0,14544.0,10.3,0.0,49468.0,47796.0,11.25
12.0,100.0,3299.999,1.59,311.0,12096.0,23.7,0.0,49468.0,47796.0,11.25
13.0,100.0,3300.0,2.02,161.0,11376.0,12.3,0.0,49468.0,47796.0,11.25
14.0,100.0,3299.999,1.78,309.0,11664.0,21.7,0.0,49468.0,47796.0,11.25
15.0,93.8,3300.002,2.1,194.0,10800.0,12.7,0.0,49468.0,47796.0,11.25
16.0,100.0,3300.0,2.05,319.0,11376.0,24.7,0.0,49468.0,47796.0,11.25
17.0,100.0,3300.0,2.15,179.0,11520.0,11.7,0.0,49468.0,47796.0,11.25
18.0,100.0,3299.999,1.65,312.0,12240.0,20.9,0.0,49468.0,47796.0,11.25
19.0,93.8,3300.0,2.19,189.0,11664.0,13.5,0.0,49468.0,47796.0,11.25
20.0,100.0,3299.999,2.05,346.0,11808.0,18.6,0.0,49468.0,47796.0,11.25
21.0,100.0,3299.999,2.2,193.0,11520.0,12.2,0.0,49468.0,47796.0,11.25
22.0,100.0,3299.999,2.06,343.0,11736.0,18.5,0.0,49468.0,47796.0,11.25
23.0,100.0,3299.999,2.14,373.0,12528.0,25.2,0.0,49468.0,47796.0,11.25
24.0,100.0,3300.0,2.09,153.0,11880.0,10.1,0.0,49468.0,47796.0,11.25
25.0,100.0,3300.0,2.11,311.0,11664.0,23.5,0.0,49468.0,47796.0,11.25
26.0,100.0,3299.999,2.12,167.0,11592.0,10.5,0.0,49468.0,47796.0,11.25
27.0,93.8,3300.0,2.1,313.0,12456.0,24.8,0.0,49468.0,47796.0,11.25
28.0,100.0,3300.0,2.11,156.0,11160.0,8.7,0.0,49468.0,47796.0,11.25
29.0,100.0,3299.999,2.06,355.0,11664.0,23.6,0.0,49468.0,47796.0,11.25
30.0,100.0,3300.0,2.19,154.0,11736.0,11.9,0.0,49468.0,47796.0,11.25
31.0,100.0,3299.999,2.04,350.0,12096.0,18.8,0.0,49468.0,47796.0,11.25
32.0,100.0,3299.999,1.43,126.0,11448.0,4.8,0.0,49468.0,47796.0,11.25
33.0,93.8,3300.0,1.94,348.0,11664.0,18.8,0.0,49468.0,47796.0,11.25
34.0,100.0,3300.0,2.2,157.0,11520.0,8.2,0.0,49468.0,47796.0,11.25
35.0,100.0,3299.999,1.59,358.0,12096.0,26.8,0.0,49468.0,47796.0,11.25
36.0,100.0,3300.0,2.07,143.0,11520.0,10.1,0.0,49468.0,47796.0,11.25
37.0,100.0,3299.999,2.04,346.0,12384.0,23.6,0.0,49468.0,47796.0,11.25
38.0,100.0,3300.0,2.17,189.0,11736.0,12.5,0.0,49468.0,47796.0,11.25
39.0,100.0,3299.999,1.64,292.0,11736.0,23.4,0.0,49468.0,47796.0,11.25
