time,CPU_Utilization,Frequency,IPC,Misses,LLC,MBL,Memory_Footprint,Virt_Memory,Res_Memory,Allocated_Cache
0.0,100.0,3299.999,2.37,4.0,0.0,0.3,0.0,46132.0,44576.0,24.75
0.0,100.0,3299.999,2.37,4.0,0.0,0.3,0.0,46132.0,44576.0,24.75
1.0,100.0,3300.0,2.04,250.0,19584.0,59.5,0.0,49188.0,47540.0,24.75
2.0,100.0,3299.999,2.13,142.0,20376.0,11.5,0.0,49468.0,47804.0,24.75
3.0,100.0,3299.999,2.08,38.0,20592.0,1.3,0.0,49468.0,47804.0,24.75
4.0,100.0,3299.999,2.15,31.0,20808.0,0.5,0.0,49468.0,47804.0,24.75
5.0,100.0,3300.0,1.48,139.0,20952.0,11.5,0.0,49468.0,47804.0,24.75
6.0,93.8,3300.0,2.01,44.0,21240.0,1.1,0.0,49468.0,47804.0,24.75
7.0,93.8,3299.999,2.05,142.0,21600.0,14.3,0.0,49468.0,47804.0,24.75
8.0,100.0,3299.999,2.14,154.0,21384.0,10.6,0.0,49468.0,47804.0,24.75
9.0,100.0,3299.999,2.11,36.0,21312.0,1.0,0.0,49468.0,47804.0,24.75
10.0,100.0,3300.0,2.11,153.0,21312.0,14.2,0.0,49468.0,47804.0,24.75
11.0,100.0,3299.999,2.15,34.0,21240.0,1.3,0.0,49468.0,47804.0,24.75
12.0,100.0,3300.0,2.02,180.0,21960.0,14.8,0.0,49468.0,47804.0,24.75
13.0,100.0,3300.0,2.19,33.0,21312.0,0.4,0.0,49468.0,47804.0,24.75
14.0,100.0,3300.0,2.04,132.0,21456.0,10.5,0.0,49468.0,47804.0,24.75
15.0,100.0,3299.999,2.19,31.0,20880.0,1.0,0.0,49468.0,47804.0,24.75
16.0,100.0,3300.0,2.04,133.0,21600.0,11.7,0.0,49468.0,47804.0,24.75
17.0,100.0,3299.999,2.19,32.0,21960.0,0.8,0.0,49468.0,47804.0,24.75
18.0,100.0,3300.0,2.04,139.0,22104.0,13.1,0.0,49468.0,47804.0,24.75
19.0,100.0,3299.999,2.14,131.0,21672.0,9.7,0.0,49468.0,47804.0,24.75
20.0,100.0,3300.0,1.96,49.0,21600.0,1.5,0.0,49468.0,47804.0,24.75
21.0,100.0,3300.0,1.88,135.0,21600.0,12.7,0.0,49468.0,47804.0,24.75
22.0,100.0,3299.999,2.1,37.0,22104.0,0.8,0.0,49468.0,47804.0,24.75
23.0,100.0,3299.999,2.08,162.0,21888.0,13.0,0.0,49468.0,47804.0,24.75
24.0,93.8,3300.0,2.14,33.0,21672.0,0.5,0.0,49468.0,47804.0,24.75
25.0,93.8,3300.0,2.06,129.0,22104.0,9.2,0.0,49468.0,47804.0,24.75
26.0,100.0,3299.999,2.15,32.0,21888.0,0.7,0.0,49468.0,47804.0,24.75
27.0,100.0,3299.999,2.06,130.0,22248.0,11.0,0.0,49468.0,47804.0,24.75
28.0,100.0,3300.0,2.16,34.0,22464.0,0.3,0.0,49468.0,47804.0,24.75
29.0,100.0,3299.999,2.02,135.0,22464.0,12.9,0.0,49468.0,47804.0,24.75
30.0,100.0,3299.999,2.2,116.0,22320.0,0.6,0.0,49468.0,47804.0,24.75
31.0,100.0,3299.999,2.07,51.0,22248.0,10.3,0.0,49468.0,47804.0,24.75
32.0,100.0,3300.0,2.15,130.0,22104.0,12.6,0.0,49468.0,47804.0,24.75
33.0,100.0,3299.999,2.11,34.0,22464.0,1.2,0.0,49468.0,47804.0,24.75
34.0,100.0,3299.999,1.41,161.0,22536.0,13.8,0.0,49468.0,47804.0,24.75
35.0,100.0,3299.999,1.62,32.0,22608.0,0.5,0.0,49468.0,47804.0,24.75
36.0,100.0,3300.0,1.83,48.0,20016.0,3.4,0.0,49468.0,47804.0,24.75
37.0,100.0,3299.999,1.57,167.0,17424.0,11.5,0.0,49468.0,47804.0,24.75
38.0,100.0,3300.0,2.16,56.0,18072.0,1.3,0.0,49468.0,47804.0,24.75
39.0,100.0,3299.999,1.83,133.0,19512.0,10.3,0.0,49468.0,47804.0,24.75
40.0,100.0,3300.0,1.57,32.0,19656.0,0.1,0.0,49468.0,47804.0,24.75
41.0,100.0,3299.999,2.08,140.0,21456.0,12.4,0.0,49468.0,47804.0,24.75
42.0,100.0,3300.0,2.17,34.0,21168.0,0.3,0.0,49468.0,47804.0,24.75
43.0,100.0,3300.0,2.04,138.0,21816.0,11.2,0.0,49468.0,47804.0,24.75
44.0,100.0,3300.0,2.2,33.0,21312.0,0.7,0.0,49468.0,47804.0,24.75
45.0,100.0,3299.999,2.06,138.0,22104.0,13.1,0.0,49468.0,47804.0,24.75
46.0,100.0,3299.999,2.16,167.0,22104.0,13.9,0.0,49468.0,47804.0,24.75
47.0,100.0,3300.0,2.08,32.0,21960.0,0.4,0.0,49468.0,47804.0,24.75
48.0,100.0,3300.0,2.11,130.0,22392.0,9.3,0.0,49468.0,47804.0,24.75
49.0,100.0,3299.999,2.11,33.0,22104.0,0.8,0.0,49468.0,47804.0,24.75
50.0,100.0,3300.0,2.11,129.0,22032.0,11.2,0.0,49468.0,47804.0,24.75
51.0,100.0,3299.999,2.1,33.0,22176.0,0.3,0.0,49468.0,47804.0,24.75
52.0,100.0,3299.999,2.07,132.0,22320.0,13.6,0.0,49468.0,47804.0,24.75
53.0,100.0,3300.0,2.17,35.0,22176.0,0.7,0.0,49468.0,47804.0,24.75
54.0,93.8,3299.999,2.05,134.0,22176.0,11.1,0.0,49468.0,47804.0,24.75
55.0,93.8,3300.0,2.21,32.0,22320.0,0.7,0.0,49468.0,47804.0,24.75
56.0,100.0,3299.999,2.07,135.0,22176.0,12.3,0.0,49468.0,47804.0,24.75
57.0,100.0,3300.0,2.16,162.0,22176.0,12.1,0.0,49468.0,47804.0,24.75
58.0,100.0,3300.0,2.07,34.0,22104.0,0.9,0.0,49468.0,47804.0,24.75
59.0,100.0,3299.999,2.11,128.0,21960.0,10.7,0.0,49468.0,47804.0,24.75
60.0,100.0,3300.0,2.11,30.0,21744.0,0.8,0.0,49468.0,47804.0,24.75
61.0,100.0,3299.999,2.12,129.0,21888.0,10.8,0.0,49468.0,47804.0,24.75
62.0,100.0,3300.0,2.1,33.0,21960.0,0.4,0.0,49468.0,47804.0,24.75
63.0,100.0,3299.999,2.08,133.0,22104.0,13.4,0.0,49468.0,47804.0,24.75
64.0,100.0,3299.999,2.17,33.0,22248.0,0.7,0.0,49468.0,47804.0,24.75
65.0,100.0,3300.0,2.06,133.0,22464.0,10.6,0.0,49468.0,47804.0,24.75
66.0,100.0,3300.0,2.2,31.0,22392.0,0.4,0.0,49468.0,47804.0,24.75
67.0,100.0,3300.0,2.06,132.0,22464.0,12.9,0.0,49468.0,47804.0,24.75
68.0,100.0,3299.999,2.17,183.0,22536.0,15.0,0.0,49468.0,47804.0,24.75
69.0,100.0,3300.0,2.07,35.0,22320.0,0.6,0.0,49468.0,47804.0,24.75
70.0,100.0,3300.0,1.82,131.0,22248.0,10.8,0.0,49468.0,47804.0,24.75
71.0,100.0,3299.999,1.59,32.0,22392.0,0.4,0.0,49468.0,47804.0,24.75
72.0,100.0,3299.999,2.17,29.0,21888.0,0.7,0.0,49468.0,47804.0,24.75
73.0,93.8,3300.0,2.03,133.0,22392.0,10.1,0.0,49468.0,47804.0,24.75
74.0,100.0,3299.999,2.18,30.0,21528.0,0.5,0.0,49468.0,47804.0,24.75
75.0,100.0,3300.0,2.06,136.0,21600.0,13.3,0.0,49468.0,47804.0,24.75
76.0,100.0,3299.999,2.12,135.0,22392.0,10.4,0.0,49468.0,47804.0,24.75
77.0,100.0,3300.0,2.13,35.0,22680.0,0.5,0.0,49468.0,47804.0,24.75
78.0,100.0,3299.999,1.75,133.0,22536.0,11.3,0.0,49468.0,47804.0,24.75
79.0,100.0,3300.0,1.59,34.0,22032.0,0.3,0.0,49468.0,47804.0,24.75
80.0,100.0,3299.999,2.11,163.0,22176.0,14.6,0.0,49468.0,47804.0,24.75
81.0,100.0,3300.0,2.14,32.0,21816.0,0.3,0.0,49468.0,47804.0,24.75
82.0,100.0,3299.999,1.91,129.0,22464.0,9.4,0.0,49468.0,47804.0,24.75
83.0,100.0,3300.0,2.12,33.0,22320.0,0.6,0.0,49468.0,47804.0,24.75
84.0,100.0,3299.999,2.09,131.0,22320.0,8.9,0.0,49468.0,47804.0,24.75
85.0,100.0,3300.0,2.12,33.0,22248.0,0.8,0.0,49468.0,47804.0,24.75
86.0,100.0,3300.0,2.04,133.0,22680.0,11.9,0.0,49468.0,47804.0,24.75
87.0,100.0,3299.999,2.2,34.0,22032.0,1.3,0.0,49468.0,47804.0,24.75
88.0,100.0,3299.999,2.04,135.0,22536.0,11.6,0.0,49468.0,47804.0,24.75
89.0,100.0,3300.0,2.19,34.0,22320.0,0.7,0.0,49468.0,47804.0,24.75
90.0,100.0,3299.999,2.07,136.0,21960.0,13.1,0.0,49468.0,47804.0,24.75
91.0,100.0,3299.999,2.13,165.0,22464.0,14.6,0.0,49468.0,47804.0,24.75
92.0,100.0,3299.999,2.11,33.0,22392.0,0.4,0.0,49468.0,47804.0,24.75
93.0,100.0,3299.999,2.09,127.0,22608.0,10.0,0.0,49468.0,47804.0,24.75
94.0,93.8,3300.0,2.12,31.0,22608.0,0.4,0.0,49468.0,47804.0,24.75
95.0,100.0,3300.0,2.09,128.0,22392.0,9.6,0.0,49468.0,47804.0,24.75
96.0,100.0,3299.999,1.6,31.0,22248.0,0.1,0.0,49468.0,47804.0,24.75
97.0,100.0,3299.999,1.51,50.0,15624.0,6.0,0.0,49468.0,47804.0,24.75
98.0,100.0,3300.0,1.73,164.0,18720.0,15.7,0.0,49468.0,47804.0,24.75
99.0,100.0,3299.999,2.17,151.0,19224.0,11.0,0.0,49468.0,47804.0,24.75
100.0,100.0,3299.999,2.1,36.0,19152.0,0.4,0.0,49468.0,47804.0,24.75
101.0,100.0,3300.0,2.12,136.0,20304.0,13.4,0.0,49468.0,47804.0,24.75
102.0,100.0,3300.0,2.14,35.0,19800.0,0.6,0.0,49468.0,47804.0,24.75
103.0,100.0,3300.0,2.04,165.0,21240.0,12.3,0.0,49468.0,47804.0,24.75
104.0,100.0,3300.0,2.18,32.0,20808.0,0.5,0.0,49468.0,47804.0,24.75
105.0,93.8,3299.999,2.04,134.0,21888.0,10.1,0.0,49468.0,47804.0,24.75
106.0,100.0,3300.0,2.17,33.0,21888.0,0.6,0.0,49468.0,47804.0,24.75
107.0,93.8,3299.999,2.04,133.0,21960.0,9.9,0.0,49468.0,47804.0,24.75
108.0,100.0,3300.0,2.2,33.0,22032.0,0.4,0.0,49468.0,47804.0,24.75
109.0,100.0,3300.0,2.05,134.0,22608.0,14.4,0.0,49468.0,47804.0,24.75
110.0,100.0,3299.999,2.15,133.0,22032.0,10.4,0.0,49468.0,47804.0,24.75
111.0,100.0,3300.0,2.1,32.0,21888.0,1.1,0.0,49468.0,47804.0,24.75
112.0,100.0,3300.0,2.12,130.0,22320.0,13.3,0.0,49468.0,47804.0,24.75
113.0,100.0,3299.999,2.15,34.0,22248.0,0.5,0.0,49468.0,47804.0,24.75
114.0,100.0,3300.0,2.03,164.0,22032.0,13.4,0.0,49468.0,47804.0,24.75
115.0,100.0,3299.999,2.18,33.0,22032.0,0.6,0.0,49468.0,47804.0,24.75
116.0,100.0,3300.0,2.05,129.0,22824.0,10.8,0.0,49468.0,47804.0,24.75
117.0,100.0,3299.999,2.18,32.0,22752.0,1.1,0.0,49468.0,47804.0,24.75
118.0,100.0,3300.0,2.03,133.0,22536.0,9.8,0.0,49468.0,47804.0,24.75
119.0,100.0,3299.999,2.19,33.0,22392.0,1.1,0.0,49468.0,47804.0,24.75
120.0,100.0,3300.0,2.04,136.0,22680.0,13.7,0.0,49468.0,47804.0,24.75
121.0,100.0,3300.0,1.67,28.0,22176.0,0.8,0.0,49468.0,47804.0,24.75
122.0,100.0,3299.999,1.91,133.0,22320.0,11.0,0.0,49468.0,47804.0,24.75
123.0,100.0,3300.0,2.19,30.0,22032.0,0.5,0.0,49468.0,47804.0,24.75
124.0,100.0,3300.0,1.52,130.0,22248.0,13.6,0.0,49468.0,47804.0,24.75
125.0,100.0,3299.999,1.16,31.0,22248.0,0.1,0.0,49468.0,47804.0,24.75
126.0,100.0,3300.0,1.9,163.0,22320.0,13.4,0.0,49468.0,47804.0,24.75
127.0,100.0,3300.0,2.14,33.0,21960.0,0.8,0.0,49468.0,47804.0,24.75
128.0,100.0,3299.999,2.06,126.0,22176.0,10.5,0.0,49468.0,47804.0,24.75
129.0,100.0,3300.0,1.8,30.0,22536.0,0.4,0.0,49468.0,47804.0,24.75
130.0,100.0,3299.999,1.97,128.0,22680.0,10.0,0.0,49468.0,47804.0,24.75
131.0,100.0,3300.0,2.11,31.0,22608.0,0.2,0.0,49468.0,47804.0,24.75
132.0,100.0,3300.0,2.06,129.0,22536.0,12.9,0.0,49468.0,47804.0,24.75
133.0,93.8,3299.999,2.18,53.0,22104.0,2.1,0.0,49468.0,47804.0,24.75
134.0,100.0,3299.999,2.04,135.0,22392.0,10.2,0.0,49468.0,47804.0,24.75
135.0,93.8,3299.999,2.2,32.0,21888.0,1.7,0.0,49468.0,47804.0,24.75
136.0,93.8,3300.0,2.06,132.0,22320.0,12.8,0.0,49468.0,47804.0,24.75
137.0,100.0,3300.0,2.14,168.0,22392.0,13.2,0.0,49468.0,47804.0,24.75
138.0,93.8,3299.999,2.09,36.0,22608.0,0.6,0.0,49468.0,47804.0,24.75
139.0,100.0,3300.0,2.1,128.0,22248.0,9.7,0.0,49468.0,47804.0,24.75
140.0,100.0,3300.0,2.11,31.0,22536.0,1.0,0.0,49468.0,47804.0,24.75
141.0,100.0,3300.0,2.11,129.0,22536.0,10.8,0.0,49468.0,47804.0,24.75
142.0,100.0,3300.0,2.11,31.0,22752.0,0.2,0.0,49468.0,47804.0,24.75
143.0,100.0,3300.0,2.07,131.0,22608.0,14.2,0.0,49468.0,47804.0,24.75
144.0,100.0,3299.999,2.18,32.0,22680.0,0.8,0.0,49468.0,47804.0,24.75
145.0,100.0,3300.0,2.04,135.0,22824.0,11.3,0.0,49468.0,47804.0,24.75
146.0,100.0,3299.999,2.2,33.0,22320.0,0.5,0.0,49468.0,47804.0,24.75
147.0,100.0,3300.0,2.06,135.0,22968.0,11.8,0.0,49468.0,47804.0,24.75
148.0,100.0,3300.0,2.16,164.0,22536.0,12.7,0.0,49468.0,47804.0,24.75
149.0,100.0,3299.999,2.09,33.0,22680.0,0.1,0.0,49468.0,47804.0,24.75
150.0,100.0,3299.999,2.1,127.0,22536.0,9.3,0.0,49468.0,47804.0,24.75
151.0,100.0,3300.0,2.09,31.0,22608.0,0.6,0.0,49468.0,47804.0,24.75
152.0,100.0,3299.999,1.94,129.0,22464.0,10.6,0.0,49468.0,47804.0,24.75
153.0,100.0,3300.0,2.08,34.0,22464.0,0.6,0.0,49468.0,47804.0,24.75
154.0,100.0,3299.999,2.09,131.0,22608.0,13.2,0.0,49468.0,47804.0,24.75
155.0,93.8,3300.0,2.15,32.0,22824.0,1.0,0.0,49468.0,47804.0,24.75
156.0,100.0,3300.0,2.05,133.0,22608.0,10.6,0.0,49468.0,47804.0,24.75
157.0,93.8,3299.999,2.19,71.0,16344.0,7.7,0.0,49468.0,47804.0,24.75
158.0,93.8,3300.0,2.05,144.0,18504.0,11.4,0.0,49468.0,47804.0,24.75
159.0,100.0,3300.0,2.18,170.0,19800.0,12.6,0.0,49468.0,47804.0,24.75
160.0,100.0,3299.999,1.66,33.0,20376.0,0.6,0.0,49468.0,47804.0,24.75
161.0,100.0,3300.0,1.6,31.0,19728.0,0.6,0.0,49468.0,47804.0,24.75
162.0,100.0,3300.0,2.03,135.0,21312.0,9.6,0.0,49468.0,47804.0,24.75
163.0,100.0,3299.999,2.17,31.0,20520.0,0.7,0.0,49468.0,47804.0,24.75
164.0,100.0,3300.0,2.04,135.0,21600.0,9.6,0.0,49468.0,47804.0,24.75
165.0,100.0,3299.999,2.2,30.0,21672.0,0.5,0.0,49468.0,47804.0,24.75
166.0,100.0,3300.0,1.9,142.0,22464.0,15.6,0.0,49468.0,47804.0,24.75
167.0,100.0,3300.0,2.17,136.0,22392.0,10.0,0.0,49468.0,47804.0,24.75
168.0,93.8,3299.999,2.1,37.0,22248.0,1.0,0.0,49468.0,47804.0,24.75
169.0,93.8,3300.0,2.12,129.0,22680.0,12.0,0.0,49468.0,47804.0,24.75
170.0,100.0,3299.999,2.15,35.0,22248.0,0.8,0.0,49468.0,47804.0,24.75
171.0,100.0,3300.0,2.03,163.0,22320.0,14.3,0.0,49468.0,47804.0,24.75
172.0,100.0,3299.999,2.18,35.0,22392.0,0.5,0.0,49468.0,47804.0,24.75
173.0,100.0,3299.999,2.03,129.0,22896.0,8.7,0.0,49468.0,47804.0,24.75
174.0,100.0,3300.0,2.18,33.0,22536.0,0.8,0.0,49468.0,47804.0,24.75
175.0,100.0,3300.0,2.04,130.0,22896.0,10.7,0.0,49468.0,47804.0,24.75
176.0,93.8,3299.999,2.19,33.0,22464.0,0.8,0.0,49468.0,47804.0,24.75
177.0,100.0,3300.0,1.57,137.0,22752.0,14.4,0.0,49468.0,47804.0,24.75
178.0,100.0,3299.999,2.03,33.0,22176.0,0.8,0.0,49468.0,47804.0,24.75
179.0,100.0,3300.0,2.05,136.0,22608.0,11.2,0.0,49468.0,47804.0,24.75
180.0,100.0,3300.0,2.18,31.0,22032.0,0.6,0.0,49468.0,47804.0,24.75
181.0,100.0,3299.999,1.47,129.0,22248.0,11.5,0.0,49468.0,47804.0,24.75
182.0,100.0,3299.999,2.02,32.0,22104.0,0.8,0.0,49468.0,47804.0,24.75
183.0,100.0,3300.0,2.03,165.0,22392.0,13.6,0.0,49468.0,47804.0,24.75
184.0,93.8,3300.0,2.14,134.0,22320.0,11.7,0.0,49468.0,47804.0,24.75
185.0,100.0,3299.999,2.08,32.0,22176.0,0.5,0.0,49468.0,47804.0,24.75
186.0,100.0,3300.0,2.13,32.0,22392.0,0.6,0.0,49468.0,47804.0,24.75
187.0,100.0,3299.999,2.06,133.0,22464.0,9.8,0.0,49468.0,47804.0,24.75
188.0,100.0,3300.0,2.13,133.0,22464.0,13.9,0.0,49468.0,47804.0,24.75
189.0,100.0,3300.0,2.11,32.0,22392.0,0.7,0.0,49468.0,47804.0,24.75
190.0,100.0,3299.999,2.08,133.0,22392.0,11.7,0.0,49468.0,47804.0,24.75
191.0,93.8,3300.0,2.16,35.0,22464.0,0.9,0.0,49468.0,47804.0,24.75
192.0,100.0,3299.999,2.05,125.0,22464.0,10.9,0.0,49468.0,47804.0,24.75
193.0,100.0,3299.999,2.22,33.0,22248.0,1.3,0.0,49468.0,47804.0,24.75
194.0,100.0,3299.999,2.02,164.0,22896.0,12.3,0.0,49468.0,47804.0,24.75
195.0,100.0,3300.0,1.97,30.0,22032.0,0.6,0.0,49468.0,47804.0,24.75
196.0,100.0,3300.0,2.05,135.0,22464.0,9.1,0.0,49468.0,47804.0,24.75
197.0,100.0,3299.999,2.18,29.0,22536.0,0.7,0.0,49468.0,47804.0,24.75
198.0,100.0,3300.0,2.03,131.0,22752.0,10.3,0.0,49468.0,47804.0,24.75
199.0,100.0,3300.0,2.17,28.0,22536.0,0.6,0.0,49468.0,47804.0,24.75
200.0,100.0,3300.0,2.08,137.0,22680.0,13.8,0.0,49468.0,47804.0,24.75
201.0,100.0,3300.0,2.11,131.0,22608.0,10.3,0.0,49468.0,47804.0,24.75
202.0,100.0,3299.999,2.14,33.0,22752.0,0.6,0.0,49468.0,47804.0,24.75
203.0,100.0,3299.999,2.08,130.0,22608.0,13.3,0.0,49468.0,47804.0,24.75
204.0,100.0,3300.0,2.2,34.0,22536.0,1.3,0.0,49468.0,47804.0,24.75
205.0,93.8,3299.999,2.02,164.0,22680.0,13.3,0.0,49468.0,47804.0,24.75
206.0,100.0,3300.0,2.17,32.0,22536.0,0.2,0.0,49468.0,47804.0,24.75
207.0,100.0,3299.999,2.05,132.0,22896.0,10.1,0.0,49468.0,47804.0,24.75
208.0,100.0,3300.0,2.17,31.0,23112.0,0.7,0.0,49468.0,47804.0,24.75
209.0,100.0,3299.999,2.03,133.0,23112.0,9.8,0.0,49468.0,47804.0,24.75
210.0,100.0,3300.0,2.17,31.0,22464.0,0.7,0.0,49468.0,47804.0,24.75
211.0,100.0,3299.999,2.07,136.0,22536.0,14.3,0.0,49468.0,47804.0,24.75
212.0,100.0,3300.0,2.11,129.0,22320.0,10.1,0.0,49468.0,47804.0,24.75
213.0,100.0,3300.0,2.14,35.0,22608.0,0.4,0.0,49468.0,47804.0,24.75
214.0,100.0,3299.999,2.07,135.0,22608.0,12.2,0.0,49468.0,47804.0,24.75
215.0,100.0,3300.0,1.65,34.0,22680.0,0.5,0.0,49468.0,47804.0,24.75
216.0,100.0,3299.999,1.43,164.0,22536.0,14.2,0.0,49468.0,47804.0,24.75
217.0,100.0,3300.0,2.1,62.0,16704.0,5.9,0.0,49468.0,47804.0,24.75
218.0,100.0,3300.0,2.09,147.0,18936.0,9.1,0.0,49468.0,47804.0,24.75
219.0,100.0,3299.999,2.12,37.0,19296.0,0.7,0.0,49468.0,47804.0,24.75
220.0,100.0,3300.0,2.1,135.0,20448.0,9.1,0.0,49468.0,47804.0,24.75
221.0,100.0,3300.0,2.12,35.0,20736.0,0.6,0.0,49468.0,47804.0,24.75
222.0,100.0,3299.999,2.05,142.0,21528.0,15.0,0.0,49468.0,47804.0,24.75
223.0,100.0,3300.0,2.19,36.0,21816.0,1.0,0.0,49468.0,47804.0,24.75
224.0,100.0,3300.0,1.99,140.0,21672.0,9.6,0.0,49468.0,47804.0,24.75
225.0,100.0,3299.999,2.2,33.0,21384.0,1.1,0.0,49468.0,47804.0,24.75
226.0,100.0,3299.999,2.06,140.0,22104.0,13.2,0.0,49468.0,47804.0,24.75
227.0,100.0,3300.0,1.9,170.0,22248.0,14.3,0.0,49468.0,47804.0,24.75
228.0,100.0,3299.999,1.52,31.0,22392.0,0.2,0.0,49468.0,47804.0,24.75
229.0,100.0,3299.999,2.17,30.0,22176.0,0.2,0.0,49468.0,47804.0,24.75
230.0,100.0,3299.999,2.05,136.0,22608.0,11.2,0.0,49468.0,47804.0,24.75
231.0,100.0,3299.999,2.17,30.0,21960.0,0.6,0.0,49468.0,47804.0,24.75
232.0,100.0,3300.0,2.03,137.0,22896.0,10.5,0.0,49468.0,47804.0,24.75
233.0,100.0,3299.999,2.16,136.0,22824.0,13.9,0.0,49468.0,47804.0,24.75
234.0,100.0,3299.999,2.08,34.0,22536.0,0.9,0.0,49468.0,47804.0,24.75
235.0,100.0,3299.999,2.11,134.0,23040.0,9.3,0.0,49468.0,47804.0,24.75
236.0,100.0,3300.0,2.15,35.0,23112.0,0.6,0.0,49468.0,47804.0,24.75
237.0,100.0,3299.999,2.08,131.0,22752.0,12.4,0.0,49468.0,47804.0,24.75
238.0,100.0,3300.0,2.2,35.0,22608.0,1.2,0.0,49468.0,47804.0,24.75
239.0,93.8,3300.0,2.02,165.0,22320.0,12.9,0.0,49468.0,47804.0,24.75
240.0,100.0,3300.0,2.17,30.0,22392.0,0.2,0.0,49468.0,47804.0,24.75
241.0,100.0,3300.0,2.05,129.0,22752.0,9.8,0.0,49468.0,47804.0,24.75
242.0,100.0,3299.999,2.17,30.0,22608.0,1.1,0.0,49468.0,47804.0,24.75
243.0,100.0,3299.999,2.03,133.0,22968.0,9.7,0.0,49468.0,47804.0,24.75
244.0,100.0,3300.0,2.16,130.0,22896.0,3.6,0.0,49468.0,47804.0,24.75
245.0,100.0,3299.999,2.07,39.0,22536.0,11.1,0.0,49468.0,47804.0,24.75
246.0,100.0,3300.0,2.11,132.0,22896.0,11.1,0.0,49468.0,47804.0,24.75
247.0,100.0,3299.999,2.14,34.0,23040.0,0.8,0.0,49468.0,47804.0,24.75
248.0,100.0,3299.999,2.07,130.0,22824.0,13.0,0.0,49468.0,47804.0,24.75
249.0,100.0,3299.999,2.2,35.0,22464.0,0.8,0.0,49468.0,47804.0,24.75
250.0,100.0,3300.0,2.02,165.0,22680.0,13.7,0.0,49468.0,47804.0,24.75
251.0,100.0,3299.999,2.17,30.0,22392.0,0.6,0.0,49468.0,47804.0,24.75
252.0,100.0,3299.999,2.05,129.0,22464.0,10.4,0.0,49468.0,47804.0,24.75
253.0,100.0,3299.999,2.17,50.0,22608.0,1.9,0.0,49468.0,47804.0,24.75
254.0,93.8,3300.0,2.03,138.0,22824.0,9.8,0.0,49468.0,47804.0,24.75
255.0,100.0,3299.999,2.17,31.0,22104.0,0.7,0.0,49468.0,47804.0,24.75
256.0,100.0,3300.0,2.06,138.0,22320.0,12.4,0.0,49468.0,47804.0,24.75
257.0,93.8,3299.999,2.11,131.0,22752.0,10.4,0.0,49468.0,47804.0,24.75
258.0,100.0,3300.0,2.14,34.0,22824.0,0.4,0.0,49468.0,47804.0,24.75
259.0,93.8,3299.999,2.08,132.0,22824.0,13.0,0.0,49468.0,47804.0,24.75
260.0,100.0,3299.999,2.15,35.0,22104.0,1.5,0.0,49468.0,47804.0,24.75
261.0,100.0,3300.0,2.02,164.0,22680.0,12.9,0.0,49468.0,47804.0,24.75
262.0,93.8,3299.999,2.18,31.0,22824.0,0.4,0.0,49468.0,47804.0,24.75
263.0,100.0,3300.0,2.04,128.0,22752.0,9.8,0.0,49468.0,47804.0,24.75
264.0,93.8,3300.0,2.17,30.0,22608.0,0.9,0.0,49468.0,47804.0,24.75
265.0,100.0,3299.999,2.03,132.0,22680.0,10.7,0.0,49468.0,47804.0,24.75
266.0,93.8,3300.0,2.18,32.0,22464.0,0.4,0.0,49468.0,47804.0,24.75
267.0,93.8,3299.999,2.06,134.0,22536.0,13.4,0.0,49468.0,47804.0,24.75
268.0,100.0,3299.999,2.12,130.0,22680.0,11.0,0.0,49468.0,47804.0,24.75
269.0,100.0,3300.0,2.12,35.0,22680.0,0.6,0.0,49468.0,47804.0,24.75
270.0,100.0,3300.0,2.09,133.0,22464.0,14.6,0.0,49468.0,47804.0,24.75
271.0,100.0,3299.999,2.17,36.0,22752.0,1.7,0.0,49468.0,47804.0,24.75
272.0,100.0,3299.999,2.02,168.0,22608.0,12.1,0.0,49468.0,47804.0,24.75
273.0,100.0,3300.0,2.19,32.0,22320.0,0.6,0.0,49468.0,47804.0,24.75
274.0,100.0,3300.0,2.03,131.0,22824.0,9.1,0.0,49468.0,47804.0,24.75
275.0,100.0,3299.999,2.18,32.0,22536.0,0.6,0.0,49468.0,47804.0,24.75
276.0,100.0,3300.0,2.04,134.0,22896.0,9.9,0.0,49468.0,47804.0,24.75
277.0,100.0,3300.0,1.99,52.0,16992.0,7.1,0.0,49468.0,47804.0,24.75
278.0,100.0,3299.999,1.97,162.0,19728.0,11.4,0.0,49468.0,47804.0,24.75
279.0,100.0,3300.0,2.15,141.0,20592.0,11.0,0.0,49468.0,47804.0,24.75
280.0,100.0,3299.999,2.1,35.0,20376.0,0.6,0.0,49468.0,47804.0,24.75
281.0,100.0,3299.999,2.12,137.0,21024.0,14.8,0.0,49468.0,47804.0,24.75
282.0,100.0,3299.999,2.15,36.0,21096.0,0.8,0.0,49468.0,47804.0,24.75
283.0,100.0,3300.0,2.04,167.0,22320.0,12.2,0.0,49468.0,47804.0,24.75
284.0,100.0,3299.999,2.19,35.0,22104.0,0.4,0.0,49468.0,47804.0,24.75
285.0,100.0,3299.999,2.05,134.0,23040.0,9.3,0.0,49468.0,47804.0,24.75
286.0,100.0,3299.999,2.17,33.0,22608.0,0.8,0.0,49468.0,47804.0,24.75
287.0,100.0,3300.0,2.03,138.0,22536.0,10.4,0.0,49468.0,47804.0,24.75
288.0,100.0,3299.999,2.19,34.0,22176.0,0.6,0.0,49468.0,47804.0,24.75
289.0,100.0,3300.0,2.04,137.0,22536.0,12.2,0.0,49468.0,47804.0,24.75
290.0,93.8,3300.0,2.16,136.0,22536.0,11.2,0.0,49468.0,47804.0,24.75
291.0,100.0,3299.999,2.1,34.0,22392.0,0.6,0.0,49468.0,47804.0,24.75
292.0,100.0,3300.0,2.12,131.0,22536.0,11.9,0.0,49468.0,47804.0,24.75
293.0,100.0,3299.999,2.15,33.0,22680.0,0.6,0.0,49468.0,47804.0,24.75
294.0,100.0,3299.999,2.04,163.0,22608.0,13.1,0.0,49468.0,47804.0,24.75
295.0,100.0,3300.0,2.2,35.0,22752.0,0.6,0.0,49468.0,47804.0,24.75
296.0,100.0,3299.999,1.82,129.0,22536.0,9.6,0.0,49468.0,47804.0,24.75
297.0,100.0,3300.0,1.48,35.0,22752.0,0.7,0.0,49468.0,47804.0,24.75
298.0,100.0,3299.999,1.78,128.0,22752.0,10.2,0.0,49468.0,47804.0,24.75
