time,CPU_Utilization,Frequency,IPC,Misses,LLC,MBL,Memory_Footprint,Virt_Memory,Res_Memory,Allocated_Cache
0.0,100.0,3299.999,2.37,4.0,0.0,0.1,0.0,46132.0,44524.0,22.5
1.0,100.0,3300.0,2.03,272.0,19584.0,65.8,0.0,48772.0,47224.0,22.5
2.0,100.0,3299.999,2.12,197.0,19656.0,21.1,0.0,49468.0,47752.0,22.5
3.0,100.0,3299.999,2.02,57.0,19656.0,2.8,0.0,49468.0,47752.0,22.5
4.0,100.0,3299.999,2.15,56.0,12816.0,10.0,0.0,49468.0,47752.0,22.5
5.0,100.0,3299.999,2.06,188.0,17424.0,13.8,0.0,49468.0,47752.0,22.5
6.0,100.0,3299.999,2.12,179.0,18576.0,10.1,0.0,49468.0,47752.0,22.5
7.0,100.0,3300.0,2.12,54.0,18720.0,1.8,0.0,49468.0,47752.0,22.5
8.0,100.0,3300.0,2.06,165.0,18648.0,16.0,0.0,49468.0,47752.0,22.5
9.0,100.0,3300.0,2.17,58.0,18360.0,3.8,0.0,49468.0,47752.0,22.5
10.0,100.0,3300.0,2.05,176.0,19512.0,15.2,0.0,49468.0,47752.0,22.5
11.0,100.0,3299.999,2.22,50.0,19872.0,3.0,0.0,49468.0,47752.0,22.5
12.0,100.0,3300.0,2.03,192.0,19800.0,11.7,0.0,49468.0,47752.0,22.5
13.0,100.0,3300.0,2.15,159.0,20088.0,13.6,0.0,49468.0,47752.0,22.5
14.0,100.0,3300.0,2.06,69.0,19152.0,3.7,0.0,49468.0,47752.0,22.5
15.0,100.0,3300.0,2.15,46.0,19080.0,2.1,0.0,49468.0,47752.0,22.5
16.0,100.0,3300.0,2.06,158.0,20016.0,10.8,0.0,49468.0,47752.0,22.5
17.0,100.0,3299.999,2.13,158.0,20088.0,10.2,0.0,49468.0,47752.0,22.5
18.0,100.0,3300.0,2.11,54.0,20232.0,1.3,0.0,49468.0,47752.0,22.5
19.0,100.0,3299.999,2.08,156.0,20088.0,14.9,0.0,49468.0,47752.0,22.5
20.0,100.0,3300.0,2.17,50.0,19224.0,3.5,0.0,49468.0,47752.0,22.5
21.0,100.0,3299.999,2.05,157.0,20088.0,14.1,0.0,49468.0,47752.0,22.5
22.0,100.0,3299.999,2.22,49.0,20304.0,2.2,0.0,49468.0,47752.0,22.5
23.0,100.0,3300.0,2.03,192.0,20376.0,11.5,0.0,49468.0,47752.0,22.5
24.0,100.0,3300.0,2.15,156.0,20736.0,12.0,0.0,49468.0,47752.0,22.5
25.0,100.0,3299.999,2.08,44.0,20376.0,1.5,0.0,49468.0,47752.0,22.5
26.0,100.0,3300.0,2.16,43.0,20016.0,1.5,0.0,49468.0,47752.0,22.5
27.0,100.0,3299.999,2.06,157.0,20880.0,11.0,0.0,49468.0,47752.0,22.5
28.0,93.8,3300.0,2.13,153.0,20448.0,9.9,0.0,49468.0,47752.0,22.5
29.0,100.0,3299.999,2.12,51.0,20520.0,1.8,0.0,49468.0,47752.0,22.5
30.0,100.0,3300.0,1.83,177.0,20448.0,17.2,0.0,49468.0,47752.0,22.5
31.0,100.0,3299.999,2.15,50.0,20232.0,2.4,0.0,49468.0,47752.0,22.5
32.0,100.0,3299.999,2.07,149.0,20664.0,13.5,0.0,49468.0,47752.0,22.5
33.0,100.0,3299.999,2.21,48.0,20880.0,2.1,0.0,49468.0,47752.0,22.5
34.0,100.0,3300.0,2.03,189.0,20808.0,11.5,0.0,49468.0,47752.0,22.5
35.0,100.0,3300.0,2.02,41.0,20376.0,1.8,0.0,49468.0,47752.0,22.5
36.0,100.0,3300.002,2.06,154.0,21096.0,11.9,0.0,49468.0,47752.0,22.5
37.0,100.0,3300.0,2.18,43.0,20448.0,1.6,0.0,49468.0,47752.0,22.5
38.0,100.0,3300.0,2.03,175.0,20736.0,12.7,0.0,49468.0,47752.0,22.5
39.0,100.0,3299.999,2.18,42.0,20592.0,3.6,0.0,49468.0,47752.0,22.5
