time,CPU_Utilization,Frequency,IPC,Misses,LLC,MBL,Memory_Footprint,Virt_Memory,Res_Memory,Allocated_Cache
0.0,100.0,3300.0,2.34,5.0,0.0,0.0,0.0,46132.0,44576.0,4.5
1.0,100.0,3300.0,2.03,413.0,17568.0,76.5,0.0,48632.0,47012.0,4.5
2.0,100.0,3299.999,1.58,236.0,17136.0,15.8,0.0,49468.0,47804.0,4.5
3.0,100.0,3299.999,2.04,566.0,17640.0,42.7,0.0,49468.0,47804.0,4.5
4.0,100.0,3300.0,2.17,391.0,17496.0,20.7,0.0,49468.0,47804.0,4.5
5.0,100.0,3299.999,2.03,520.0,15696.0,33.5,0.0,49468.0,47804.0,4.5
6.0,100.0,3299.999,2.19,326.0,15480.0,16.2,0.0,49468.0,47804.0,4.5
7.0,93.8,3300.0,2.05,589.0,15120.0,35.1,0.0,49468.0,47804.0,4.5
8.0,100.0,3299.999,2.13,563.0,13032.0,32.8,0.0,49468.0,47804.0,4.5
9.0,100.0,3299.999,2.07,401.0,13032.0,20.2,0.0,49468.0,47804.0,4.5
10.0,93.8,3300.0,2.07,574.0,10152.0,34.3,0.0,49468.0,47804.0,4.5
11.0,93.8,3299.999,2.16,348.0,9936.0,16.5,0.0,49468.0,47804.0,4.5
12.0,100.0,3300.0,2.02,582.0,6984.0,37.6,0.0,49468.0,47804.0,4.5
13.0,100.0,3300.0,2.17,307.0,6552.0,17.6,0.0,49468.0,47804.0,4.5
14.0,100.0,3299.999,1.91,525.0,7848.0,39.2,0.0,49468.0,47804.0,4.5
15.0,100.0,3300.001,2.05,424.0,6768.0,21.9,0.0,49468.0,47804.0,4.5
16.0,100.0,3300.0,2.04,550.0,6696.0,35.7,0.0,49468.0,47804.0,4.5
17.0,100.0,3299.999,2.18,325.0,6624.0,15.0,0.0,49468.0,47804.0,4.5
18.0,100.0,3300.0,2.03,579.0,6552.0,35.4,0.0,49468.0,47804.0,4.5
19.0,93.8,3299.999,2.17,584.0,7128.0,34.8,0.0,49468.0,47804.0,4.5
20.0,100.0,3299.999,2.03,373.0,6912.0,18.8,0.0,49468.0,47804.0,4.5
21.0,100.0,3300.0,2.03,618.0,7128.0,37.3,0.0,49468.0,47804.0,4.5
22.0,93.8,3299.999,2.11,357.0,7488.0,15.2,0.0,49468.0,47804.0,4.5
23.0,100.0,3299.999,2.08,652.0,7128.0,40.8,0.0,49468.0,47804.0,4.5
24.0,100.0,3300.0,1.78,278.0,6408.0,13.9,0.0,49468.0,47804.0,4.5
25.0,100.0,3299.999,2.08,542.0,7128.0,40.4,0.0,49468.0,47804.0,4.5
26.0,100.0,3300.0,2.13,384.0,6480.0,17.9,0.0,49468.0,47804.0,4.5
27.0,100.0,3299.999,2.09,603.0,7272.0,42.5,0.0,49468.0,47804.0,4.5
28.0,100.0,3300.0,2.13,317.0,6696.0,14.9,0.0,49468.0,47804.0,4.5
29.0,100.0,3299.999,2.04,557.0,6912.0,32.8,0.0,49468.0,47804.0,4.5
30.0,100.0,3300.0,2.0,312.0,6768.0,17.1,0.0,49468.0,47804.0,4.5
31.0,93.8,3299.999,1.92,560.0,6984.0,33.8,0.0,49468.0,47804.0,4.5
32.0,100.0,3300.0,1.46,318.0,6552.0,14.3,0.0,49468.0,47804.0,4.5
33.0,100.0,3299.999,1.98,585.0,7200.0,35.6,0.0,49468.0,47804.0,4.5
34.0,100.0,3300.0,2.18,338.0,7056.0,15.7,0.0,49468.0,47804.0,4.5
35.0,100.0,3299.999,1.84,605.0,7560.0,36.8,0.0,49468.0,47804.0,4.5
36.0,93.8,3300.0,2.08,285.0,6552.0,16.7,0.0,49468.0,47804.0,4.5
37.0,100.0,3300.0,1.81,506.0,7272.0,38.2,0.0,49468.0,47804.0,4.5
38.0,100.0,3300.0,2.16,413.0,6984.0,20.9,0.0,49468.0,47804.0,4.5
39.0,93.8,3299.999,2.04,549.0,6840.0,34.7,0.0,49468.0,47804.0,4.5
