time,CPU_Utilization,Frequency,IPC,Misses,LLC,MBL,Memory_Footprint,Virt_Memory,Res_Memory,Allocated_Cache
0.0,100.0,3300.0,2.36,4.0,0.0,0.1,0.0,46132.0,44552.0,20.25
1.0,100.0,3300.001,2.04,293.0,20232.0,67.6,0.0,48632.0,46988.0,20.25
2.0,93.8,3300.0,2.14,184.0,20016.0,24.0,0.0,49468.0,47780.0,20.25
3.0,100.0,3299.999,2.08,72.0,20160.0,5.7,0.0,49468.0,47780.0,20.25
4.0,100.0,3300.0,2.15,70.0,20088.0,8.0,0.0,49468.0,47780.0,20.25
5.0,93.8,3299.999,2.06,182.0,20592.0,11.4,0.0,49468.0,47780.0,20.25
6.0,100.0,3300.0,2.12,187.0,20520.0,18.6,0.0,49468.0,47780.0,20.25
7.0,100.0,3300.0,2.13,64.0,20088.0,5.6,0.0,49468.0,47780.0,20.25
8.0,100.0,3300.0,2.07,189.0,20520.0,15.0,0.0,49468.0,47780.0,20.25
9.0,100.0,3300.0,2.17,65.0,20016.0,4.9,0.0,49468.0,47780.0,20.25
10.0,100.0,3299.999,1.67,174.0,20304.0,14.1,0.0,49468.0,47780.0,20.25
11.0,100.0,3300.0,2.19,64.0,19728.0,4.9,0.0,49468.0,47780.0,20.25
12.0,100.0,3300.0,2.03,196.0,19296.0,19.1,0.0,49468.0,47780.0,20.25
13.0,100.0,3300.0,2.18,72.0,19512.0,6.3,0.0,49468.0,47780.0,20.25
14.0,100.0,3300.0,2.05,177.0,19296.0,12.0,0.0,49468.0,47780.0,20.25
15.0,100.0,3300.0,2.17,53.0,18936.0,4.0,0.0,49468.0,47780.0,20.25
16.0,100.0,3300.0,2.03,173.0,19368.0,10.1,0.0,49468.0,47780.0,20.25
17.0,100.0,3299.999,2.18,52.0,19152.0,4.4,0.0,49468.0,47780.0,20.25
18.0,100.0,3299.999,2.07,181.0,19080.0,21.4,0.0,49468.0,47780.0,20.25
19.0,100.0,3300.001,2.12,174.0,19368.0,12.3,0.0,49468.0,47780.0,20.25
20.0,100.0,3300.0,2.13,62.0,19512.0,5.1,0.0,49468.0,47780.0,20.25
21.0,100.0,3299.999,2.08,195.0,19152.0,15.6,0.0,49468.0,47780.0,20.25
22.0,100.0,3300.0,2.1,61.0,20088.0,5.8,0.0,49468.0,47780.0,20.25
23.0,100.0,3299.999,2.02,206.0,19800.0,21.3,0.0,49468.0,47780.0,20.25
24.0,100.0,3299.999,2.19,51.0,19512.0,4.5,0.0,49468.0,47780.0,20.25
25.0,100.0,3299.999,2.05,173.0,20016.0,12.7,0.0,49468.0,47780.0,20.25
26.0,100.0,3299.999,2.18,55.0,19296.0,4.7,0.0,49468.0,47780.0,20.25
27.0,100.0,3299.999,2.03,171.0,20016.0,10.1,0.0,49468.0,47780.0,20.25
28.0,100.0,3299.999,1.54,48.0,18936.0,3.9,0.0,49468.0,47780.0,20.25
29.0,100.0,3300.0,2.03,175.0,19656.0,18.6,0.0,49468.0,47780.0,20.25
30.0,100.0,3300.0,2.2,174.0,20304.0,12.0,0.0,49468.0,47780.0,20.25
31.0,100.0,3299.999,2.07,62.0,20016.0,5.1,0.0,49468.0,47780.0,20.25
32.0,100.0,3300.0,2.13,171.0,20088.0,15.3,0.0,49468.0,47780.0,20.25
33.0,100.0,3299.999,2.02,64.0,19512.0,5.1,0.0,49468.0,47780.0,20.25
34.0,100.0,3299.999,2.09,202.0,19800.0,21.1,0.0,49468.0,47780.0,20.25
35.0,100.0,3300.0,2.15,59.0,19368.0,4.7,0.0,49468.0,47780.0,20.25
36.0,93.8,3299.999,2.06,167.0,19800.0,14.1,0.0,49468.0,47780.0,20.25
37.0,100.0,3299.999,2.14,85.0,20016.0,6.5,0.0,49468.0,47780.0,20.25
38.0,93.8,3300.0,2.06,169.0,19584.0,11.0,0.0,49468.0,47780.0,20.25
39.0,93.8,3300.0,1.92,58.0,19872.0,3.6,0.0,49468.0,47780.0,20.25
