time,CPU_Utilization,Frequency,IPC,Misses,LLC,MBL,Memory_Footprint,Virt_Memory,Res_Memory,Allocated_Cache
0.0,100.0,3299.999,2.36,4.0,0.0,0.4,0.0,46132.0,44576.0,2.25
1.0,100.0,3299.999,2.03,478.0,18432.0,81.4,0.0,48632.0,47012.0,2.25
2.0,100.0,3299.999,1.85,362.0,18216.0,21.7,0.0,49468.0,47804.0,2.25
3.0,100.0,3300.0,2.05,708.0,17928.0,46.5,0.0,49468.0,47804.0,2.25
4.0,100.0,3299.999,2.17,500.0,17640.0,29.7,0.0,49468.0,47804.0,2.25
5.0,93.8,3299.999,2.04,649.0,15552.0,45.0,0.0,49468.0,47804.0,2.25
6.0,100.0,3300.0,2.15,750.0,14904.0,51.5,0.0,49468.0,47804.0,2.25
7.0,100.0,3299.999,2.07,444.0,14616.0,21.1,0.0,49468.0,47804.0,2.25
8.0,100.0,3299.999,2.1,708.0,12960.0,46.5,0.0,49468.0,47804.0,2.25
9.0,93.8,3300.0,2.14,565.0,12528.0,31.2,0.0,49468.0,47804.0,2.25
10.0,100.0,3300.0,1.98,705.0,8568.0,56.7,0.0,49468.0,47804.0,2.25
11.0,100.0,3299.999,2.18,483.0,8136.0,29.8,0.0,49468.0,47804.0,2.25
12.0,100.0,3300.0,2.02,709.0,4968.0,47.3,0.0,49468.0,47804.0,2.25
13.0,100.0,3300.0,2.17,419.0,5328.0,19.8,0.0,49468.0,47804.0,2.25
14.0,100.0,3300.0,2.02,716.0,5616.0,49.2,0.0,49468.0,47804.0,2.25
15.0,100.0,3299.999,2.16,515.0,5256.0,28.9,0.0,49468.0,47804.0,2.25
16.0,100.0,3300.0,2.02,665.0,5040.0,46.5,0.0,49468.0,47804.0,2.25
17.0,100.0,3299.999,2.18,420.0,4896.0,23.5,0.0,49468.0,47804.0,2.25
18.0,100.0,3299.999,1.95,701.0,5544.0,44.4,0.0,49468.0,47804.0,2.25
19.0,100.0,3300.0,2.05,697.0,5328.0,47.2,0.0,49468.0,47804.0,2.25
20.0,100.0,3300.0,2.1,528.0,5184.0,29.8,0.0,49468.0,47804.0,2.25
21.0,100.0,3299.999,2.07,782.0,5256.0,61.5,0.0,49468.0,47804.0,2.25
22.0,100.0,3299.999,2.15,460.0,4536.0,26.4,0.0,49468.0,47804.0,2.25
23.0,100.0,3300.0,2.02,781.0,5184.0,52.5,0.0,49468.0,47804.0,2.25
24.0,100.0,3299.999,2.18,446.0,4824.0,20.5,0.0,49468.0,47804.0,2.25
25.0,100.0,3300.0,2.04,649.0,4968.0,43.0,0.0,49468.0,47804.0,2.25
26.0,100.0,3299.999,2.03,535.0,4824.0,30.7,0.0,49468.0,47804.0,2.25
27.0,100.0,3300.0,2.04,708.0,5112.0,46.5,0.0,49468.0,47804.0,2.25
28.0,93.8,3300.0,2.05,447.0,4680.0,26.6,0.0,49468.0,47804.0,2.25
29.0,100.0,3299.999,2.03,699.0,4968.0,45.6,0.0,49468.0,47804.0,2.25
30.0,100.0,3300.0,2.18,743.0,5040.0,48.9,0.0,49468.0,47804.0,2.25
31.0,100.0,3299.999,2.08,483.0,5112.0,25.7,0.0,49468.0,47804.0,2.25
32.0,100.0,3300.0,1.97,465.0,5112.0,29.7,0.0,49468.0,47804.0,2.25
33.0,100.0,3299.999,1.3,599.0,4968.0,49.9,0.0,49468.0,47804.0,2.25
34.0,100.0,3299.999,2.08,437.0,4608.0,24.2,0.0,49468.0,47804.0,2.25
35.0,100.0,3300.0,2.04,781.0,5472.0,48.0,0.0,49468.0,47804.0,2.25
36.0,93.8,3299.999,1.35,253.0,5040.0,14.4,0.0,49468.0,47804.0,2.25
37.0,100.0,3300.0,1.86,602.0,5184.0,41.8,0.0,49468.0,47804.0,2.25
38.0,100.0,3299.999,2.06,550.0,5328.0,30.5,0.0,49468.0,47804.0,2.25
39.0,100.0,3300.0,2.05,691.0,5328.0,46.2,0.0,49468.0,47804.0,2.25
