time,CPU_Utilization,Frequency,IPC,Misses,LLC,MBL,Memory_Footprint,Virt_Memory,Res_Memory,Allocated_Cache
0.0,100.0,3300.0,2.36,5.0,0.0,0.3,0.0,46132.0,44320.0,9.0
1.0,100.0,3299.999,1.86,327.0,18720.0,70.2,0.0,48632.0,47020.0,9.0
2.0,100.0,3299.999,2.14,376.0,19224.0,29.9,0.0,49468.0,47812.0,9.0
3.0,100.0,3299.999,2.08,228.0,19800.0,10.5,0.0,49468.0,47812.0,9.0
4.0,100.0,3300.0,2.16,193.0,18792.0,9.3,0.0,49468.0,47812.0,9.0
5.0,100.0,3299.999,1.85,372.0,18720.0,21.2,0.0,49468.0,47812.0,9.0
6.0,100.0,3300.001,2.16,179.0,18432.0,10.5,0.0,49468.0,47812.0,9.0
7.0,93.8,3300.0,1.99,426.0,17928.0,27.4,0.0,49468.0,47812.0,9.0
8.0,100.0,3300.0,2.05,389.0,16704.0,27.8,0.0,49468.0,47812.0,9.0
9.0,100.0,3299.999,2.11,241.0,16128.0,10.0,0.0,49468.0,47812.0,9.0
10.0,100.0,3300.0,1.85,358.0,13464.0,26.6,0.0,49468.0,47812.0,9.0
11.0,100.0,3299.999,2.14,213.0,13464.0,11.1,0.0,49468.0,47812.0,9.0
12.0,100.0,3300.0,2.03,408.0,11016.0,26.6,0.0,49468.0,47812.0,9.0
13.0,100.0,3300.0,2.17,189.0,10728.0,10.0,0.0,49468.0,47812.0,9.0
14.0,100.0,3300.001,1.84,368.0,11448.0,22.4,0.0,49468.0,47812.0,9.0
15.0,100.0,3299.999,2.15,260.0,10944.0,10.8,0.0,49468.0,47812.0,9.0
16.0,100.0,3299.999,1.63,343.0,11088.0,20.2,0.0,49468.0,47812.0,9.0
17.0,100.0,3299.999,1.96,203.0,11160.0,9.7,0.0,49468.0,47812.0,9.0
18.0,100.0,3300.0,1.78,363.0,11448.0,27.3,0.0,49468.0,47812.0,9.0
19.0,100.0,3299.999,2.13,226.0,11088.0,9.4,0.0,49468.0,47812.0,9.0
20.0,100.0,3299.999,1.69,364.0,12024.0,27.7,0.0,49468.0,47812.0,9.0
21.0,100.0,3299.999,2.01,245.0,11592.0,9.3,0.0,49468.0,47812.0,9.0
22.0,100.0,3299.999,2.07,388.0,11304.0,29.4,0.0,49468.0,47812.0,9.0
23.0,100.0,3300.0,2.18,200.0,11088.0,11.5,0.0,49468.0,47812.0,9.0
24.0,100.0,3300.0,2.02,449.0,11448.0,27.1,0.0,49468.0,47812.0,9.0
25.0,100.0,3299.999,2.17,153.0,11016.0,7.7,0.0,49468.0,47812.0,9.0
26.0,100.0,3300.0,2.04,423.0,11664.0,26.6,0.0,49468.0,47812.0,9.0
27.0,100.0,3299.999,2.18,205.0,11448.0,7.2,0.0,49468.0,47812.0,9.0
28.0,100.0,3300.0,1.83,383.0,8712.0,23.9,0.0,49468.0,47812.0,9.0
29.0,93.8,3299.999,2.18,203.0,9720.0,12.0,0.0,49468.0,47812.0,9.0
30.0,100.0,3299.999,1.48,382.0,9936.0,26.2,0.0,49468.0,47812.0,9.0
31.0,100.0,3300.0,1.98,159.0,9792.0,7.2,0.0,49468.0,47812.0,9.0
32.0,100.0,3299.999,2.03,432.0,9936.0,32.1,0.0,49468.0,47812.0,9.0
33.0,100.0,3300.0,2.17,231.0,9000.0,10.9,0.0,49468.0,47812.0,9.0
34.0,100.0,3299.999,2.08,410.0,9504.0,30.0,0.0,49468.0,47812.0,9.0
35.0,100.0,3300.0,2.11,446.0,9864.0,28.2,0.0,49468.0,47812.0,9.0
36.0,100.0,3299.999,2.11,188.0,9720.0,6.3,0.0,49468.0,47812.0,9.0
37.0,100.0,3300.0,2.0,397.0,10080.0,25.6,0.0,49468.0,47812.0,9.0
38.0,100.0,3299.999,2.06,218.0,9648.0,8.4,0.0,49468.0,47812.0,9.0
39.0,100.0,3299.999,2.1,379.0,10080.0,22.3,0.0,49468.0,47812.0,9.0
