time,CPU_Utilization,Frequency,IPC,Misses,LLC,MBL,Memory_Footprint,Virt_Memory,Res_Memory,Allocated_Cache
0.0,100.0,3299.999,2.34,5.0,0.0,0.0,0.0,46132.0,44504.0,13.5
1.0,100.0,3300.0,2.03,356.0,12096.0,88.6,0.0,49052.0,47468.0,13.5
2.0,100.0,3299.999,2.13,318.0,15480.0,31.6,0.0,49468.0,47732.0,13.5
3.0,100.0,3300.0,2.08,147.0,15840.0,15.1,0.0,49468.0,47732.0,13.5
4.0,100.0,3300.0,2.15,132.0,15048.0,9.0,0.0,49468.0,47732.0,13.5
5.0,100.0,3299.999,2.06,274.0,14616.0,24.9,0.0,49468.0,47732.0,13.5
6.0,100.0,3299.999,2.12,279.0,14976.0,22.0,0.0,49468.0,47732.0,13.5
7.0,100.0,3300.0,2.12,141.0,11520.0,13.8,0.0,49468.0,47732.0,13.5
8.0,100.0,3300.0,2.06,283.0,13320.0,32.2,0.0,49468.0,47732.0,13.5
9.0,100.0,3299.999,2.18,143.0,13680.0,16.8,0.0,49468.0,47732.0,13.5
10.0,100.0,3300.0,1.97,268.0,13176.0,22.7,0.0,49468.0,47732.0,13.5
11.0,100.0,3299.999,1.96,122.0,12816.0,11.0,0.0,49468.0,47732.0,13.5
12.0,100.0,3299.999,2.02,362.0,13392.0,33.6,0.0,49468.0,47732.0,13.5
13.0,93.8,3300.0,2.17,97.0,12960.0,8.4,0.0,49468.0,47732.0,13.5
14.0,100.0,3299.999,1.75,277.0,13032.0,27.7,0.0,49468.0,47732.0,13.5
15.0,100.0,3299.999,2.18,123.0,13680.0,12.5,0.0,49468.0,47732.0,13.5
16.0,100.0,3300.0,2.03,267.0,12528.0,24.3,0.0,49468.0,47732.0,13.5
17.0,100.0,3299.999,2.19,113.0,12384.0,9.9,0.0,49468.0,47732.0,13.5
18.0,100.0,3299.999,2.04,294.0,13752.0,23.0,0.0,49468.0,47732.0,13.5
19.0,100.0,3300.0,2.14,279.0,13392.0,29.7,0.0,49468.0,47732.0,13.5
20.0,100.0,3299.999,2.1,142.0,13176.0,15.1,0.0,49468.0,47732.0,13.5
21.0,100.0,3300.0,2.11,265.0,13320.0,24.0,0.0,49468.0,47732.0,13.5
22.0,100.0,3299.999,2.16,125.0,13752.0,10.4,0.0,49468.0,47732.0,13.5
23.0,100.0,3300.0,2.03,315.0,13392.0,28.0,0.0,49468.0,47732.0,13.5
24.0,100.0,3300.0,2.19,104.0,13104.0,10.3,0.0,49468.0,47732.0,13.5
25.0,100.0,3299.999,1.96,270.0,13104.0,26.9,0.0,49468.0,47732.0,13.5
26.0,100.0,3299.999,2.17,128.0,13392.0,13.8,0.0,49468.0,47732.0,13.5
27.0,100.0,3299.999,2.03,256.0,13104.0,21.8,0.0,49468.0,47732.0,13.5
28.0,93.8,3300.0,2.2,131.0,12816.0,11.7,0.0,49468.0,47732.0,13.5
29.0,93.8,3300.0,2.03,289.0,13176.0,22.6,0.0,49468.0,47732.0,13.5
30.0,100.0,3300.0,2.11,270.0,13464.0,29.0,0.0,49468.0,47732.0,13.5
31.0,100.0,3299.999,2.01,133.0,12960.0,14.7,0.0,49468.0,47732.0,13.5
32.0,100.0,3299.999,2.13,267.0,13248.0,22.4,0.0,49468.0,47732.0,13.5
33.0,100.0,3300.0,2.14,124.0,13032.0,10.8,0.0,49468.0,47732.0,13.5
34.0,100.0,3299.999,2.05,309.0,13104.0,26.3,0.0,49468.0,47732.0,13.5
35.0,100.0,3299.999,2.17,112.0,13536.0,11.4,0.0,49468.0,47732.0,13.5
36.0,93.8,3300.0,1.78,254.0,13464.0,22.0,0.0,49468.0,47732.0,13.5
37.0,100.0,3300.0,2.04,149.0,13176.0,14.8,0.0,49468.0,47732.0,13.5
38.0,100.0,3299.999,2.07,257.0,13608.0,22.6,0.0,49468.0,47732.0,13.5
39.0,100.0,3299.999,1.46,97.0,13176.0,7.9,0.0,49468.0,47732.0,13.5
