time,CPU_Utilization,Frequency,IPC,Misses,LLC,MBL,Memory_Footprint,Virt_Memory,Res_Memory,Allocated_Cache
0.0,100.0,3300.0,1.33,2.0,0.0,0.0,0.0,23852.0,21476.0,20.25
1.0,100.0,3300.0,1.38,739.0,13608.0,78.7,0.0,23852.0,21476.0,20.25
2.0,100.0,3300.0,1.42,369.0,8784.0,47.4,0.0,23852.0,21476.0,20.25
3.0,100.0,3299.999,1.4,381.0,8352.0,46.2,0.0,23852.0,21476.0,20.25
4.0,100.0,3300.0,1.4,388.0,7056.0,44.6,0.0,23852.0,21476.0,20.25
5.0,100.0,3300.0,1.39,438.0,9000.0,48.9,0.0,23852.0,21476.0,20.25
6.0,100.0,3299.999,1.37,426.0,9432.0,48.0,0.0,23852.0,21476.0,20.25
7.0,100.0,3299.999,1.37,413.0,10728.0,46.8,0.0,23852.0,21476.0,20.25
8.0,100.0,3300.0,1.36,331.0,10080.0,37.8,0.0,23852.0,21476.0,20.25
9.0,100.0,3299.999,1.38,296.0,7344.0,33.5,0.0,23852.0,21476.0,20.25
10.0,100.0,3299.999,1.34,403.0,10080.0,45.3,0.0,23852.0,21476.0,20.25
11.0,100.0,3300.0,1.39,311.0,6984.0,36.1,0.0,23852.0,21476.0,20.25
12.0,100.0,3300.0,1.32,552.0,10800.0,60.7,0.0,23852.0,21476.0,20.25
13.0,100.0,3300.0,1.35,434.0,10152.0,53.4,0.0,23852.0,21476.0,20.25
14.0,93.8,3299.999,1.39,323.0,10152.0,35.7,0.0,23852.0,21820.0,20.25
15.0,100.0,3299.999,1.36,347.0,10656.0,37.8,0.0,23852.0,21820.0,20.25
16.0,100.0,3299.999,1.41,298.0,9648.0,33.3,0.0,23852.0,21820.0,20.25
17.0,100.0,3299.999,1.36,334.0,9144.0,34.5,0.0,23852.0,21820.0,20.25
18.0,100.0,3299.999,1.38,353.0,11736.0,37.3,0.0,23852.0,21820.0,20.25
19.0,100.0,3300.0,1.36,380.0,12024.0,38.9,0.0,23852.0,21820.0,20.25
20.0,100.0,3299.999,1.36,231.0,8064.0,20.8,0.0,23852.0,21820.0,20.25
21.0,100.0,3300.0,1.37,404.0,8568.0,42.7,0.0,23852.0,21820.0,20.25
22.0,100.0,3299.999,1.33,476.0,11376.0,50.3,0.0,23852.0,21820.0,20.25
23.0,100.0,3299.999,1.39,208.0,8496.0,20.2,0.0,23852.0,21820.0,20.25
24.0,100.0,3300.0,1.33,425.0,8424.0,49.6,0.0,23852.0,21820.0,20.25
25.0,100.0,3300.0,1.4,247.0,9288.0,22.9,0.0,23852.0,21820.0,20.25
26.0,100.0,3300.0,1.36,368.0,9144.0,39.5,0.0,23852.0,21820.0,20.25
27.0,93.8,3299.999,1.39,197.0,8136.0,19.5,0.0,23852.0,21820.0,20.25
28.0,100.0,3299.999,1.36,371.0,8064.0,43.8,0.0,23852.0,21820.0,20.25
29.0,100.0,3299.999,1.32,461.0,12672.0,46.0,0.0,23852.0,21820.0,20.25
30.0,100.0,3300.0,1.36,221.0,7632.0,22.9,0.0,23852.0,21820.0,20.25
31.0,100.0,3299.999,1.27,527.0,13032.0,50.7,0.0,23852.0,21820.0,20.25
32.0,100.0,3300.0,1.37,227.0,9072.0,21.6,0.0,23852.0,21820.0,20.25
33.0,100.0,3299.999,1.32,443.0,9936.0,47.2,0.0,23852.0,21820.0,20.25
34.0,100.0,3299.999,1.35,223.0,9792.0,24.5,0.0,23852.0,21820.0,20.25
35.0,100.0,3299.999,1.37,317.0,7992.0,36.8,0.0,23852.0,21820.0,20.25
36.0,93.3,3299.999,1.31,464.0,11880.0,50.0,0.0,23852.0,21820.0,20.25
37.0,100.0,3299.999,1.35,217.0,10080.0,22.8,0.0,23852.0,21820.0,20.25
38.0,100.0,3299.999,1.36,356.0,9360.0,38.4,0.0,23852.0,21820.0,20.25
39.0,100.0,3300.0,1.31,468.0,10656.0,49.0,0.0,23852.0,21820.0,20.25
