time,CPU_Utilization,Frequency,IPC,Misses,LLC,MBL,Memory_Footprint,Virt_Memory,Res_Memory,Allocated_Cache
0.0,100.0,3299.999,1.29,3.0,0.0,0.0,0.0,23848.0,21468.0,15.75
1.0,100.0,3300.001,1.36,1021.0,13176.0,109.5,0.0,23848.0,21468.0,15.75
2.0,100.0,3299.999,1.4,497.0,8568.0,56.0,0.0,23848.0,21468.0,15.75
3.0,100.0,3300.0,1.39,484.0,8208.0,49.1,0.0,23848.0,21468.0,15.75
4.0,93.8,3300.0,1.38,490.0,6840.0,58.9,0.0,23848.0,21468.0,15.75
5.0,100.0,3299.999,1.37,527.0,8784.0,60.8,0.0,23848.0,21468.0,15.75
6.0,93.8,3300.0,1.35,499.0,10080.0,52.3,0.0,23848.0,21468.0,15.75
7.0,100.0,3299.999,1.35,469.0,11736.0,52.2,0.0,23848.0,21468.0,15.75
8.0,100.0,3299.999,1.36,404.0,9432.0,46.3,0.0,23848.0,21468.0,15.75
9.0,100.0,3300.0,1.34,439.0,9072.0,48.9,0.0,23848.0,21468.0,15.75
10.0,100.0,3299.999,1.35,474.0,9288.0,52.7,0.0,23848.0,21468.0,15.75
11.0,100.0,3299.999,1.37,403.0,8640.0,45.5,0.0,23848.0,21468.0,15.75
12.0,100.0,3300.0,1.29,669.0,11160.0,72.8,0.0,23848.0,21468.0,15.75
13.0,100.0,3300.0,1.36,367.0,8712.0,40.5,0.0,23848.0,21468.0,15.75
14.0,100.0,3299.999,1.36,368.0,7200.0,42.0,0.0,23848.0,21812.0,15.75
15.0,100.0,3300.0,1.34,597.0,10656.0,64.0,0.0,23848.0,21812.0,15.75
16.0,100.0,3299.999,1.38,371.0,9288.0,40.4,0.0,23848.0,21812.0,15.75
17.0,100.0,3300.0,1.35,434.0,10728.0,45.8,0.0,23848.0,21812.0,15.75
18.0,100.0,3299.999,1.34,420.0,11232.0,46.8,0.0,23848.0,21812.0,15.75
19.0,100.0,3299.999,1.34,339.0,9936.0,37.8,0.0,23848.0,21812.0,15.75
20.0,100.0,3300.0,1.38,373.0,8424.0,47.6,0.0,23848.0,21812.0,15.75
21.0,100.0,3299.999,1.33,574.0,11160.0,59.8,0.0,23848.0,21812.0,15.75
22.0,100.0,3299.999,1.31,537.0,12600.0,59.1,0.0,23848.0,21812.0,15.75
23.0,93.3,3300.0,1.4,174.0,6480.0,23.3,0.0,23848.0,21812.0,15.75
24.0,100.0,3300.0,1.29,628.0,11736.0,66.2,0.0,23848.0,21812.0,15.75
25.0,100.0,3299.999,1.41,248.0,7848.0,28.3,0.0,23848.0,21812.0,15.75
26.0,100.0,3299.999,1.32,543.0,9144.0,52.1,0.0,23848.0,21812.0,15.75
27.0,100.0,3300.001,1.39,186.0,6696.0,20.1,0.0,23848.0,21812.0,15.75
28.0,100.0,3299.999,1.32,566.0,9360.0,54.6,0.0,23848.0,21812.0,15.75
29.0,100.0,3299.999,1.29,510.0,12816.0,50.3,0.0,23848.0,21812.0,15.75
30.0,100.0,3300.0,1.37,252.0,8712.0,30.9,0.0,23848.0,21812.0,15.75
31.0,100.0,3300.0,1.31,494.0,12384.0,46.3,0.0,23848.0,21812.0,15.75
32.0,100.0,3300.0,1.31,418.0,8928.0,46.6,0.0,23848.0,21812.0,15.75
33.0,100.0,3300.0,1.27,577.0,12024.0,59.3,0.0,23848.0,21812.0,15.75
34.0,100.0,3300.0,1.39,180.0,6696.0,25.0,0.0,23848.0,21812.0,15.75
35.0,100.0,3299.999,1.31,577.0,12168.0,57.2,0.0,23848.0,21812.0,15.75
36.0,100.0,3300.0,1.28,531.0,12024.0,60.4,0.0,23848.0,21812.0,15.75
37.0,100.0,3299.999,1.4,185.0,5976.0,25.7,0.0,23848.0,21812.0,15.75
38.0,100.0,3299.999,1.28,566.0,11736.0,56.6,0.0,23848.0,21812.0,15.75
39.0,100.0,3300.0,1.3,385.0,10008.0,46.2,0.0,23848.0,21812.0,15.75
