time,CPU_Utilization,Frequency,IPC,Misses,LLC,MBL,Memory_Footprint,Virt_Memory,Res_Memory,Allocated_Cache
0.0,100.0,3300.0,1.28,2.0,0.0,0.1,0.0,23844.0,21528.0,24.75
1.0,93.8,3299.999,1.39,141.0,13896.0,7.9,0.0,23844.0,21528.0,24.75
2.0,93.8,3300.0,1.42,49.0,14256.0,2.2,0.0,23844.0,21528.0,24.75
3.0,100.0,3299.999,1.41,49.0,14256.0,2.2,0.0,23844.0,21528.0,24.75
4.0,100.0,3300.0,1.41,47.0,14040.0,1.8,0.0,23844.0,21528.0,24.75
5.0,100.0,3299.999,1.39,51.0,14544.0,2.0,0.0,23844.0,21528.0,24.75
6.0,100.0,3300.0,1.38,55.0,14472.0,2.5,0.0,23844.0,21528.0,24.75
7.0,100.0,3299.999,1.37,51.0,14256.0,2.0,0.0,23844.0,21528.0,24.75
8.0,100.0,3299.999,1.36,39.0,14904.0,1.3,0.0,23844.0,21528.0,24.75
9.0,100.0,3300.001,1.39,40.0,14184.0,1.0,0.0,23844.0,21528.0,24.75
10.0,100.0,3299.999,1.34,50.0,14472.0,1.8,0.0,23844.0,21528.0,24.75
11.0,100.0,3299.999,1.4,43.0,14688.0,1.0,0.0,23844.0,21528.0,24.75
12.0,100.0,3300.0,1.35,57.0,14328.0,2.4,0.0,23844.0,21528.0,24.75
13.0,100.0,3299.999,1.35,46.0,14472.0,1.8,0.0,23844.0,21528.0,24.75
14.0,100.0,3300.0,1.4,38.0,14616.0,1.3,0.0,23844.0,21864.0,24.75
15.0,100.0,3299.999,1.37,41.0,14760.0,1.5,0.0,23844.0,21864.0,24.75
16.0,100.0,3300.0,1.42,32.0,14472.0,0.8,0.0,23844.0,21864.0,24.75
17.0,93.8,3299.999,1.36,39.0,14328.0,1.3,0.0,23844.0,21864.0,24.75
18.0,100.0,3299.999,1.38,48.0,14400.0,3.0,0.0,23844.0,21864.0,24.75
19.0,93.8,3299.999,1.15,43.0,14544.0,2.5,0.0,23844.0,21864.0,24.75
20.0,100.0,3299.999,1.39,30.0,14688.0,0.4,0.0,23844.0,21864.0,24.75
21.0,100.0,3300.0,1.36,52.0,14400.0,2.3,0.0,23844.0,21864.0,24.75
22.0,100.0,3299.999,1.34,50.0,14832.0,2.4,0.0,23844.0,21864.0,24.75
23.0,100.0,3300.0,1.4,33.0,14472.0,1.1,0.0,23844.0,21864.0,24.75
24.0,100.0,3299.999,1.34,45.0,14472.0,1.9,0.0,23844.0,21864.0,24.75
25.0,100.0,3299.999,1.41,39.0,14760.0,1.2,0.0,23844.0,21864.0,24.75
26.0,100.0,3300.001,1.36,49.0,14328.0,2.0,0.0,23844.0,21864.0,24.75
27.0,100.0,3299.999,1.4,26.0,14832.0,0.8,0.0,23844.0,21864.0,24.75
28.0,100.0,3299.999,1.37,41.0,14472.0,2.0,0.0,23844.0,21864.0,24.75
29.0,100.0,3300.0,1.34,47.0,14544.0,2.4,0.0,23844.0,21864.0,24.75
30.0,100.0,3299.999,1.37,47.0,14688.0,2.6,0.0,23844.0,21864.0,24.75
31.0,100.0,3300.0,1.29,58.0,14544.0,4.2,0.0,23844.0,21864.0,24.75
32.0,100.0,3299.999,1.37,42.0,14616.0,0.6,0.0,23844.0,21864.0,24.75
33.0,100.0,3300.0,1.34,54.0,14760.0,3.7,0.0,23844.0,21864.0,24.75
34.0,100.0,3300.0,1.35,35.0,14904.0,2.2,0.0,23844.0,21864.0,24.75
35.0,100.0,3300.0,1.38,36.0,14760.0,1.1,0.0,23844.0,21864.0,24.75
36.0,100.0,3299.999,1.34,44.0,14688.0,2.5,0.0,23844.0,21864.0,24.75
37.0,93.8,3299.999,1.35,35.0,14832.0,1.8,0.0,23844.0,21864.0,24.75
38.0,100.0,3300.0,1.38,43.0,14688.0,1.3,0.0,23844.0,21864.0,24.75
39.0,100.0,3299.999,1.33,51.0,14328.0,2.7,0.0,23844.0,21864.0,24.75
40.0,100.0,3300.0,1.37,36.0,14760.0,1.1,0.0,23844.0,21864.0,24.75
41.0,100.0,3299.999,1.35,46.0,14328.0,2.6,0.0,23844.0,21864.0,24.75
42.0,100.0,3300.0,1.34,43.0,14616.0,1.7,0.0,23844.0,21864.0,24.75
43.0,100.0,3300.0,1.35,35.0,14544.0,0.8,0.0,23844.0,21864.0,24.75
44.0,100.0,3300.0,1.38,43.0,14328.0,2.2,0.0,23844.0,21864.0,24.75
45.0,100.0,3300.0,1.32,51.0,14904.0,2.2,0.0,23844.0,21864.0,24.75
46.0,100.0,3300.001,1.4,37.0,14760.0,1.2,0.0,23844.0,21864.0,24.75
47.0,100.0,3300.0,1.33,56.0,14832.0,2.2,0.0,23844.0,21864.0,24.75
48.0,100.0,3299.999,1.37,33.0,14904.0,0.6,0.0,23844.0,21864.0,24.75
49.0,100.0,3300.0,1.36,49.0,14544.0,2.8,0.0,23844.0,21864.0,24.75
50.0,100.0,3300.001,1.31,47.0,14832.0,2.5,0.0,23844.0,21864.0,24.75
51.0,100.0,3299.999,1.37,43.0,14904.0,1.6,0.0,23844.0,21864.0,24.75
52.0,100.0,3300.0,1.33,54.0,14976.0,3.4,0.0,23844.0,21864.0,24.75
53.0,93.8,3300.0,1.34,33.0,14904.0,0.8,0.0,23844.0,21864.0,24.75
54.0,93.8,3299.999,1.3,56.0,15048.0,3.2,0.0,23844.0,21864.0,24.75
55.0,100.0,3299.999,1.42,29.0,15048.0,0.3,0.0,23844.0,21864.0,24.75
56.0,100.0,3300.0,1.28,49.0,15048.0,2.7,0.0,23844.0,21864.0,24.75
57.0,100.0,3299.999,1.38,77.0,12744.0,6.1,0.0,23844.0,21864.0,24.75
58.0,100.0,3299.999,1.32,122.0,14400.0,7.5,0.0,23844.0,21864.0,24.75
59.0,100.0,3300.0,1.33,56.0,14616.0,3.3,0.0,23844.0,21864.0,24.75
60.0,100.0,3299.999,1.31,41.0,14688.0,2.3,0.0,23844.0,21864.0,24.75
61.0,100.0,3300.0,1.34,46.0,14904.0,2.0,0.0,23844.0,21864.0,24.75
62.0,100.0,3300.0,1.21,65.0,15336.0,3.6,0.0,23844.0,21864.0,24.75
63.0,100.0,3299.999,1.41,34.0,15192.0,0.6,0.0,23844.0,21864.0,24.75
64.0,93.8,3300.0,1.25,54.0,15120.0,2.5,0.0,23844.0,21864.0,24.75
65.0,100.0,3299.999,1.4,41.0,15048.0,1.1,0.0,23844.0,21864.0,24.75
66.0,100.0,3299.999,1.29,61.0,14976.0,2.8,0.0,23844.0,21864.0,24.75
67.0,100.0,3300.0,1.32,39.0,15120.0,1.3,0.0,23844.0,21864.0,24.75
68.0,100.0,3300.0,1.3,51.0,14904.0,3.5,0.0,23844.0,21864.0,24.75
69.0,100.0,3299.999,1.32,42.0,15120.0,0.5,0.0,23844.0,21864.0,24.75
70.0,100.0,3300.0,1.29,57.0,14976.0,2.8,0.0,23844.0,21864.0,24.75
71.0,100.0,3299.999,1.37,36.0,15048.0,0.5,0.0,23844.0,21864.0,24.75
72.0,100.0,3299.999,1.23,51.0,15408.0,2.0,0.0,23844.0,21864.0,24.75
73.0,100.0,3300.0,1.29,48.0,15336.0,2.7,0.0,23844.0,21864.0,24.75
74.0,100.0,3299.999,1.3,41.0,15336.0,1.4,0.0,23844.0,21864.0,24.75
75.0,100.0,3299.999,1.3,58.0,15408.0,2.2,0.0,23844.0,21864.0,24.75
76.0,100.0,3300.0,1.37,34.0,15336.0,0.6,0.0,23844.0,21864.0,24.75
77.0,100.0,3299.999,1.29,57.0,15048.0,3.2,0.0,23844.0,21864.0,24.75
78.0,100.0,3300.0,1.39,38.0,15264.0,0.8,0.0,23844.0,21864.0,24.75
79.0,100.0,3300.0,1.3,48.0,15192.0,3.3,0.0,23844.0,21864.0,24.75
80.0,100.0,3299.999,1.34,42.0,15552.0,1.3,0.0,23844.0,21864.0,24.75
81.0,93.8,3299.999,1.34,39.0,15552.0,1.8,0.0,23844.0,21864.0,24.75
82.0,100.0,3300.0,1.28,48.0,15408.0,2.7,0.0,23844.0,21864.0,24.75
83.0,93.8,3299.999,1.37,32.0,15336.0,0.9,0.0,23844.0,21864.0,24.75
84.0,100.0,3300.0,1.31,44.0,15336.0,2.6,0.0,23844.0,21864.0,24.75
85.0,100.0,3299.999,1.25,51.0,15336.0,2.8,0.0,23844.0,21864.0,24.75
86.0,100.0,3299.999,1.42,23.0,15552.0,0.3,0.0,23844.0,21864.0,24.75
87.0,100.0,3299.999,1.29,46.0,15480.0,2.5,0.0,23844.0,21864.0,24.75
88.0,100.0,3300.0,1.31,55.0,15408.0,2.0,0.0,23844.0,21864.0,24.75
89.0,100.0,3299.999,1.38,24.0,15408.0,0.8,0.0,23844.0,21864.0,24.75
90.0,100.0,3300.0,1.27,52.0,15408.0,2.5,0.0,23844.0,21864.0,24.75
91.0,93.8,3300.0,1.3,43.0,15192.0,1.8,0.0,23844.0,21864.0,24.75
92.0,100.0,3300.0,1.38,37.0,15192.0,1.5,0.0,23844.0,21864.0,24.75
93.0,93.8,3299.999,1.26,54.0,15696.0,2.5,0.0,23844.0,21864.0,24.75
94.0,100.0,3300.0,1.36,25.0,15336.0,0.4,0.0,23852.0,21864.0,24.75
95.0,100.0,3299.999,1.24,54.0,15336.0,2.4,0.0,23852.0,21864.0,24.75
96.0,100.0,3300.0,1.33,34.0,15552.0,0.6,0.0,23852.0,21864.0,24.75
97.0,100.0,3300.0,1.33,31.0,15696.0,1.0,0.0,23852.0,21864.0,24.75
98.0,100.0,3299.999,1.36,39.0,15264.0,1.1,0.0,23852.0,21864.0,24.75
99.0,93.8,3299.999,1.31,36.0,15408.0,1.1,0.0,23852.0,21864.0,24.75
100.0,100.0,3300.0,1.26,44.0,15768.0,1.3,0.0,23852.0,21864.0,24.75
101.0,100.0,3300.0,1.29,57.0,15840.0,2.5,0.0,23852.0,21864.0,24.75
102.0,100.0,3300.0,1.28,48.0,15408.0,3.2,0.0,23852.0,21864.0,24.75
103.0,100.0,3299.999,1.27,39.0,15552.0,1.8,0.0,23852.0,21864.0,24.75
104.0,100.0,3299.999,1.29,41.0,15408.0,1.8,0.0,23852.0,21864.0,24.75
105.0,100.0,3299.999,1.24,55.0,15408.0,2.0,0.0,23852.0,21864.0,24.75
106.0,100.0,3299.999,1.22,59.0,15480.0,2.4,0.0,23852.0,21864.0,24.75
107.0,100.0,3300.0,1.31,45.0,15696.0,1.9,0.0,23852.0,21864.0,24.75
108.0,100.0,3300.0,1.25,55.0,15408.0,2.2,0.0,23852.0,21864.0,24.75
109.0,93.8,3299.999,1.21,57.0,15408.0,2.0,0.0,23852.0,21864.0,24.75
110.0,100.0,3299.999,1.24,46.0,15120.0,1.5,0.0,23852.0,21864.0,24.75
111.0,100.0,3299.999,1.24,51.0,15336.0,2.2,0.0,23852.0,21864.0,24.75
112.0,100.0,3299.999,1.24,46.0,15480.0,1.3,0.0,23852.0,21864.0,24.75
113.0,100.0,3300.0,1.19,59.0,15480.0,2.2,0.0,23852.0,21864.0,24.75
114.0,100.0,3299.999,1.25,42.0,15336.0,1.3,0.0,23852.0,21864.0,24.75
115.0,100.0,3299.999,1.24,50.0,15336.0,2.7,0.0,23852.0,21864.0,24.75
116.0,93.8,3300.0,1.25,45.0,15408.0,2.7,0.0,23852.0,21864.0,24.75
117.0,100.0,3299.999,1.21,91.0,13248.0,6.2,0.0,23852.0,21864.0,24.75
118.0,93.8,3300.0,1.24,131.0,14544.0,6.2,0.0,23852.0,21864.0,24.75
119.0,93.8,3300.0,1.24,41.0,15048.0,1.4,0.0,23852.0,21864.0,24.75
120.0,100.0,3300.0,1.25,64.0,14760.0,2.8,0.0,23852.0,21864.0,24.75
121.0,100.0,3299.999,1.19,73.0,14976.0,3.2,0.0,23852.0,21864.0,24.75
122.0,100.0,3300.0,1.24,34.0,14904.0,0.3,0.0,23852.0,21864.0,24.75
123.0,100.0,3299.999,1.23,54.0,15336.0,2.5,0.0,23852.0,21864.0,24.75
124.0,93.8,3299.999,1.24,44.0,15192.0,1.3,0.0,23852.0,21864.0,24.75
125.0,93.8,3300.0,1.2,63.0,15120.0,2.5,0.0,23852.0,21864.0,24.75
126.0,100.0,3300.0,1.28,34.0,15408.0,0.9,0.0,23852.0,21864.0,24.75
127.0,100.0,3299.999,1.26,44.0,15264.0,1.3,0.0,23852.0,21864.0,24.75
128.0,100.0,3300.0,1.24,54.0,15120.0,1.8,0.0,23852.0,21864.0,24.75
129.0,100.0,3299.999,1.23,67.0,14760.0,2.8,0.0,23852.0,21864.0,24.75
130.0,100.0,3299.999,1.26,40.0,15048.0,1.3,0.0,23852.0,21864.0,24.75
131.0,100.0,3300.0,1.23,63.0,15048.0,3.5,0.0,23852.0,21864.0,24.75
132.0,100.0,3299.999,1.26,62.0,15192.0,2.4,0.0,23852.0,21864.0,24.75
133.0,93.8,3300.0,1.24,37.0,15120.0,1.2,0.0,23852.0,21864.0,24.75
134.0,93.8,3299.999,1.25,53.0,15192.0,2.1,0.0,23852.0,21864.0,24.75
135.0,100.0,3299.999,1.25,61.0,15480.0,3.5,0.0,23852.0,21864.0,24.75
136.0,100.0,3300.0,1.23,41.0,14904.0,0.6,0.0,23852.0,21864.0,24.75
137.0,100.0,3299.999,1.23,65.0,15264.0,2.4,0.0,23852.0,21864.0,24.75
138.0,100.0,3300.0,1.25,49.0,15624.0,2.5,0.0,23852.0,21864.0,24.75
139.0,100.0,3300.0,1.23,57.0,15192.0,2.7,0.0,23852.0,21864.0,24.75
140.0,100.0,3299.999,1.25,55.0,15192.0,2.8,0.0,23852.0,21864.0,24.75
141.0,93.8,3300.0,1.23,41.0,15264.0,1.3,0.0,23852.0,21864.0,24.75
142.0,93.8,3299.999,1.2,65.0,15696.0,2.8,0.0,23852.0,21864.0,24.75
143.0,100.0,3300.001,1.21,49.0,15120.0,2.5,0.0,23852.0,21864.0,24.75
144.0,100.0,3299.999,1.24,45.0,15552.0,1.5,0.0,23852.0,21864.0,24.75
145.0,100.0,3300.0,1.25,51.0,14904.0,3.2,0.0,23852.0,21864.0,24.75
146.0,100.0,3299.999,1.26,48.0,15408.0,2.1,0.0,23852.0,21864.0,24.75
147.0,100.0,3299.999,1.28,57.0,15480.0,3.2,0.0,23852.0,21864.0,24.75
148.0,93.8,3300.0,1.27,51.0,15480.0,2.1,0.0,23852.0,21864.0,24.75
149.0,93.8,3300.0,1.28,45.0,15624.0,1.8,0.0,23852.0,21864.0,24.75
150.0,100.0,3300.0,1.33,35.0,15552.0,0.9,0.0,23852.0,21864.0,24.75
151.0,100.0,3299.999,1.32,52.0,15408.0,2.5,0.0,23852.0,21864.0,24.75
152.0,100.0,3300.0,1.33,39.0,15552.0,1.1,0.0,23852.0,21864.0,24.75
153.0,100.0,3300.0,1.24,56.0,15192.0,2.0,0.0,23852.0,21864.0,24.75
154.0,100.0,3299.999,1.31,45.0,15624.0,1.2,0.0,23852.0,21864.0,24.75
155.0,100.0,3300.0,1.36,28.0,15696.0,0.4,0.0,23852.0,21864.0,24.75
156.0,100.0,3299.999,1.24,43.0,15840.0,1.1,0.0,23852.0,21864.0,24.75
157.0,100.0,3300.0,1.28,49.0,15696.0,3.2,0.0,23852.0,21864.0,24.75
158.0,100.0,3299.999,1.33,43.0,15768.0,1.1,0.0,23852.0,21864.0,24.75
159.0,100.0,3299.999,1.27,48.0,15840.0,2.5,0.0,23852.0,21864.0,24.75
160.0,100.0,3300.0,1.3,36.0,15552.0,0.8,0.0,23852.0,21864.0,24.75
161.0,100.0,3299.999,1.37,40.0,15408.0,1.8,0.0,23852.0,21864.0,24.75
162.0,100.0,3299.999,1.29,42.0,15984.0,1.4,0.0,23852.0,21864.0,24.75
163.0,100.0,3299.999,1.28,45.0,15624.0,1.6,0.0,23852.0,21864.0,24.75
164.0,93.8,3300.0,1.33,41.0,15480.0,1.5,0.0,23852.0,21864.0,24.75
165.0,93.8,3299.999,1.32,31.0,15624.0,0.8,0.0,23852.0,21864.0,24.75
166.0,100.0,3300.0,1.37,45.0,15552.0,1.8,0.0,23852.0,21864.0,24.75
167.0,100.0,3299.999,1.24,46.0,15624.0,1.9,0.0,23852.0,21864.0,24.75
168.0,100.0,3299.999,1.25,49.0,15624.0,1.7,0.0,23852.0,21864.0,24.75
169.0,100.0,3299.999,1.32,41.0,15480.0,1.7,0.0,23852.0,21864.0,24.75
170.0,100.0,3300.0,1.27,52.0,15480.0,2.0,0.0,23852.0,21864.0,24.75
171.0,100.0,3299.999,1.26,42.0,15480.0,1.1,0.0,23852.0,21864.0,24.75
172.0,100.0,3299.999,1.36,45.0,15480.0,2.2,0.0,23852.0,21864.0,24.75
173.0,100.0,3299.999,1.26,48.0,15336.0,1.9,0.0,23852.0,21864.0,24.75
174.0,93.8,3299.999,1.29,42.0,15552.0,1.3,0.0,23852.0,21864.0,24.75
175.0,93.8,3300.0,1.26,42.0,15048.0,1.3,0.0,23852.0,21864.0,24.75
176.0,93.8,3300.0,1.22,45.0,15552.0,1.5,0.0,23852.0,21864.0,24.75
177.0,93.8,3299.999,1.21,70.0,12528.0,6.0,0.0,23852.0,21864.0,24.75
178.0,93.8,3300.0,1.19,140.0,14904.0,9.5,0.0,23852.0,21864.0,24.75
179.0,93.8,3300.0,1.26,42.0,14832.0,2.2,0.0,23852.0,21864.0,24.75
180.0,100.0,3299.999,1.25,50.0,15192.0,2.0,0.0,23852.0,21864.0,24.75
181.0,93.8,3300.0,1.26,44.0,14688.0,1.0,0.0,23852.0,21864.0,24.75
182.0,100.0,3299.999,1.24,50.0,15192.0,1.8,0.0,23852.0,21864.0,24.75
183.0,100.0,3300.0,1.26,38.0,15192.0,1.0,0.0,23852.0,21864.0,24.75
184.0,93.8,3300.0,1.27,48.0,15048.0,1.6,0.0,23852.0,21864.0,24.75
185.0,100.0,3299.999,1.24,39.0,15480.0,1.4,0.0,23852.0,21864.0,24.75
186.0,100.0,3300.0,1.26,45.0,15696.0,1.5,0.0,23872.0,21864.0,24.75
187.0,100.0,3300.0,1.21,33.0,15336.0,1.0,0.0,23872.0,21864.0,24.75
188.0,100.0,3300.0,1.21,34.0,15120.0,2.2,0.0,23872.0,21864.0,24.75
189.0,100.0,3299.999,1.23,67.0,15480.0,3.4,0.0,23872.0,21864.0,24.75
190.0,100.0,3299.999,1.2,34.0,15696.0,1.6,0.0,23872.0,21864.0,24.75
191.0,100.0,3300.0,1.23,48.0,15192.0,2.3,0.0,23872.0,21864.0,24.75
192.0,100.0,3300.0,1.21,57.0,15120.0,1.7,0.0,23872.0,21864.0,24.75
193.0,100.0,3299.999,1.25,39.0,15480.0,1.3,0.0,23872.0,21864.0,24.75
194.0,100.0,3299.999,1.3,44.0,15984.0,2.2,0.0,23872.0,21864.0,24.75
195.0,100.0,3299.999,1.28,44.0,15696.0,1.5,0.0,23872.0,21864.0,24.75
196.0,100.0,3300.0,1.3,33.0,15696.0,1.0,0.0,23872.0,21864.0,24.75
197.0,100.0,3299.999,1.33,47.0,15984.0,1.6,0.0,23872.0,21864.0,24.75
198.0,100.0,3300.0,1.29,46.0,15984.0,1.9,0.0,23872.0,21864.0,24.75
199.0,100.0,3300.0,1.33,31.0,15912.0,1.0,0.0,23872.0,21864.0,24.75
200.0,100.0,3299.999,1.28,47.0,15840.0,1.6,0.0,23872.0,21864.0,24.75
201.0,100.0,3300.0,1.3,41.0,15768.0,1.5,0.0,23872.0,21864.0,24.75
202.0,100.0,3299.999,1.29,45.0,15552.0,2.2,0.0,23872.0,21864.0,24.75
203.0,100.0,3300.0,1.36,63.0,16128.0,2.8,0.0,23872.0,21864.0,24.75
204.0,100.0,3300.0,1.35,63.0,15984.0,2.7,0.0,23872.0,21864.0,24.75
205.0,93.8,3300.0,1.35,57.0,15696.0,2.3,0.0,23872.0,21864.0,24.75
206.0,93.8,3299.999,1.38,90.0,16056.0,4.5,0.0,23872.0,21864.0,24.75
