time,CPU_Utilization,Frequency,IPC,Misses,LLC,MBL,Memory_Footprint,Virt_Memory,Res_Memory,Allocated_Cache
0.0,100.0,3300.0,1.25,4.0,0.0,0.3,0.0,23844.0,21492.0,9.0
1.0,100.0,3300.0,1.36,1315.0,7704.0,139.1,0.0,23844.0,21492.0,9.0
2.0,100.0,3299.999,1.4,597.0,6480.0,61.9,0.0,23844.0,21492.0,9.0
3.0,100.0,3300.0,1.39,626.0,6336.0,64.1,0.0,23844.0,21492.0,9.0
4.0,100.0,3299.999,1.38,639.0,6552.0,61.8,0.0,23844.0,21492.0,9.0
5.0,100.0,3300.0,1.37,684.0,6912.0,67.4,0.0,23844.0,21492.0,9.0
6.0,100.0,3300.0,1.35,684.0,7560.0,67.3,0.0,23844.0,21492.0,9.0
7.0,100.0,3300.0,1.35,486.0,6984.0,43.7,0.0,23844.0,21492.0,9.0
8.0,100.0,3299.999,1.36,657.0,7056.0,67.8,0.0,23844.0,21492.0,9.0
9.0,100.0,3300.0,1.33,559.0,6336.0,51.8,0.0,23844.0,21492.0,9.0
10.0,100.0,3300.0,1.34,588.0,7704.0,52.5,0.0,23844.0,21492.0,9.0
11.0,100.0,3300.0,1.36,532.0,6264.0,50.0,0.0,23844.0,21492.0,9.0
12.0,100.0,3300.0,1.29,835.0,7920.0,80.9,0.0,23844.0,21492.0,9.0
13.0,100.0,3299.999,1.36,458.0,6408.0,43.2,0.0,23844.0,21492.0,9.0
14.0,100.0,3299.999,1.36,460.0,5544.0,44.7,0.0,23844.0,21836.0,9.0
15.0,100.0,3300.0,1.33,769.0,8568.0,74.7,0.0,23844.0,21836.0,9.0
16.0,100.0,3299.999,1.37,446.0,6912.0,43.2,0.0,23844.0,21836.0,9.0
17.0,100.0,3300.001,1.37,525.0,7920.0,48.1,0.0,23844.0,21836.0,9.0
18.0,93.8,3299.999,1.32,581.0,7992.0,56.5,0.0,23844.0,21836.0,9.0
19.0,100.0,3300.0,1.35,423.0,7344.0,36.4,0.0,23844.0,21836.0,9.0
20.0,100.0,3300.0,1.37,477.0,6624.0,42.8,0.0,23844.0,21836.0,9.0
21.0,100.0,3299.999,1.31,791.0,8568.0,73.1,0.0,23844.0,21836.0,9.0
22.0,100.0,3300.0,1.29,814.0,8784.0,75.9,0.0,23844.0,21836.0,9.0
23.0,100.0,3300.0,1.41,210.0,5328.0,20.7,0.0,23844.0,21836.0,9.0
24.0,100.0,3299.999,1.28,863.0,8712.0,80.0,0.0,23844.0,21836.0,9.0
25.0,100.0,3300.0,1.41,299.0,6840.0,29.8,0.0,23844.0,21836.0,9.0
26.0,100.0,3300.0,1.31,782.0,8640.0,68.3,0.0,23844.0,21836.0,9.0
27.0,100.0,3299.999,1.39,220.0,6048.0,20.6,0.0,23844.0,21836.0,9.0
28.0,100.0,3300.0,1.31,775.0,8496.0,74.1,0.0,23844.0,21836.0,9.0
29.0,100.0,3299.999,1.3,566.0,7848.0,47.8,0.0,23844.0,21836.0,9.0
30.0,100.0,3300.0,1.35,485.0,6336.0,49.9,0.0,23844.0,21836.0,9.0
31.0,100.0,3300.0,1.33,642.0,9000.0,54.5,0.0,23844.0,21836.0,9.0
32.0,100.0,3299.999,1.3,575.0,7272.0,55.1,0.0,23844.0,21836.0,9.0
33.0,100.0,3300.0,1.25,846.0,9000.0,72.1,0.0,23844.0,21836.0,9.0
34.0,100.0,3299.999,1.41,201.0,5976.0,17.4,0.0,23844.0,21836.0,9.0
35.0,100.0,3299.999,1.29,774.0,8856.0,74.0,0.0,23844.0,21836.0,9.0
36.0,100.0,3299.999,1.28,629.0,8208.0,57.4,0.0,23844.0,21836.0,9.0
37.0,100.0,3299.999,1.4,364.0,5472.0,35.4,0.0,23844.0,21836.0,9.0
38.0,100.0,3300.0,1.26,812.0,8712.0,71.8,0.0,23844.0,21836.0,9.0
39.0,100.0,3299.999,1.33,401.0,6768.0,38.2,0.0,23844.0,21836.0,9.0
