time,CPU_Utilization,Frequency,IPC,Misses,LLC,MBL,Memory_Footprint,Virt_Memory,Res_Memory,Allocated_Cache
0.0,100.0,3299.999,1.34,1.0,0.0,0.0,0.0,23848.0,21372.0,13.5
1.0,100.0,3300.0,1.36,1070.0,11376.0,112.9,0.0,23848.0,21372.0,13.5
2.0,100.0,3299.999,1.4,508.0,7992.0,57.6,0.0,23848.0,21372.0,13.5
3.0,100.0,3300.0,1.39,494.0,7920.0,50.1,0.0,23848.0,21372.0,13.5
4.0,100.0,3300.0,1.38,533.0,7056.0,58.8,0.0,23848.0,21372.0,13.5
5.0,100.0,3299.999,1.37,619.0,8064.0,66.9,0.0,23848.0,21372.0,13.5
6.0,100.0,3300.0,1.35,582.0,9000.0,62.1,0.0,23848.0,21372.0,13.5
7.0,100.0,3299.999,1.35,515.0,10944.0,53.7,0.0,23848.0,21372.0,13.5
8.0,100.0,3299.999,1.36,421.0,8712.0,44.2,0.0,23848.0,21372.0,13.5
9.0,100.0,3299.999,1.34,450.0,7704.0,47.9,0.0,23848.0,21372.0,13.5
10.0,100.0,3300.0,1.34,509.0,8496.0,49.5,0.0,23848.0,21372.0,13.5
11.0,100.0,3299.999,1.37,388.0,7128.0,40.7,0.0,23848.0,21372.0,13.5
12.0,100.0,3299.999,1.29,656.0,10656.0,63.9,0.0,23848.0,21372.0,13.5
13.0,100.0,3300.0,1.35,408.0,9144.0,45.8,0.0,23848.0,21372.0,13.5
14.0,93.8,3299.999,1.36,391.0,7272.0,40.2,0.0,23848.0,21704.0,13.5
15.0,100.0,3300.0,1.34,626.0,10080.0,64.7,0.0,23848.0,21704.0,13.5
16.0,100.0,3299.999,1.08,214.0,6192.0,24.7,0.0,23848.0,21704.0,13.5
17.0,100.0,3299.999,1.37,572.0,10368.0,58.9,0.0,23848.0,21704.0,13.5
18.0,100.0,3300.0,1.35,291.0,9216.0,30.9,0.0,23848.0,21704.0,13.5
19.0,100.0,3300.0,1.36,452.0,8784.0,46.3,0.0,23848.0,21704.0,13.5
20.0,100.0,3299.999,1.35,430.0,6912.0,46.0,0.0,23848.0,21704.0,13.5
21.0,100.0,3300.0,1.31,620.0,11592.0,58.6,0.0,23848.0,21704.0,13.5
22.0,100.0,3300.0,1.32,476.0,11016.0,44.9,0.0,23848.0,21704.0,13.5
23.0,100.0,3299.999,1.41,276.0,4536.0,32.4,0.0,23848.0,21704.0,13.5
24.0,100.0,3299.999,1.27,674.0,12168.0,60.7,0.0,23848.0,21704.0,13.5
25.0,100.0,3300.0,1.41,252.0,7704.0,27.1,0.0,23848.0,21704.0,13.5
26.0,100.0,3299.999,1.32,601.0,11592.0,56.9,0.0,23848.0,21704.0,13.5
27.0,100.0,3300.0,1.4,180.0,6192.0,22.8,0.0,23848.0,21704.0,13.5
28.0,100.0,3300.0,1.31,565.0,11088.0,53.2,0.0,23848.0,21704.0,13.5
29.0,100.0,3299.999,1.33,305.0,9360.0,30.9,0.0,23848.0,21704.0,13.5
30.0,100.0,3299.999,1.33,492.0,7848.0,49.9,0.0,23848.0,21704.0,13.5
31.0,100.0,3299.999,1.35,501.0,11304.0,43.7,0.0,23848.0,21704.0,13.5
32.0,100.0,3300.0,1.31,434.0,8424.0,46.8,0.0,23848.0,21704.0,13.5
33.0,100.0,3299.999,1.26,570.0,11808.0,52.2,0.0,23848.0,21704.0,13.5
34.0,100.0,3300.0,1.4,267.0,5976.0,32.1,0.0,23848.0,21704.0,13.5
35.0,100.0,3299.999,1.29,603.0,11448.0,57.0,0.0,23848.0,21704.0,13.5
36.0,100.0,3300.0,1.3,429.0,10512.0,40.2,0.0,23848.0,21704.0,13.5
37.0,100.0,3299.999,1.39,283.0,7560.0,31.6,0.0,23848.0,21704.0,13.5
38.0,100.0,3300.0,1.27,596.0,12024.0,51.0,0.0,23848.0,21704.0,13.5
39.0,100.0,3300.0,1.35,319.0,9432.0,33.5,0.0,23848.0,21704.0,13.5
