time,CPU_Utilization,Frequency,IPC,Misses,LLC,MBL,Memory_Footprint,Virt_Memory,Res_Memory,Allocated_Cache
0.0,100.0,3300.0,1.41,1.0,0.0,0.0,0.0,23848.0,21492.0,22.5
1.0,100.0,3299.999,1.38,695.0,15912.0,69.0,0.0,23848.0,21492.0,22.5
2.0,100.0,3299.999,1.42,359.0,11160.0,43.0,0.0,23848.0,21492.0,22.5
3.0,100.0,3300.0,1.4,344.0,9864.0,33.5,0.0,23848.0,21492.0,22.5
4.0,100.0,3299.999,1.4,363.0,9288.0,40.6,0.0,23848.0,21492.0,22.5
5.0,100.0,3300.0,1.39,432.0,10152.0,45.0,0.0,23848.0,21492.0,22.5
6.0,100.0,3299.999,1.37,430.0,11016.0,43.2,0.0,23848.0,21492.0,22.5
7.0,100.0,3300.0,1.37,408.0,11016.0,40.7,0.0,23848.0,21492.0,22.5
8.0,100.0,3299.999,1.36,321.0,10224.0,34.7,0.0,23848.0,21492.0,22.5
9.0,100.0,3300.0,1.38,322.0,8424.0,35.9,0.0,23848.0,21492.0,22.5
10.0,100.0,3300.0,1.34,397.0,10656.0,40.9,0.0,23848.0,21492.0,22.5
11.0,100.0,3299.999,1.39,289.0,8280.0,33.0,0.0,23848.0,21492.0,22.5
12.0,100.0,3299.999,1.33,511.0,12456.0,50.8,0.0,23848.0,21492.0,22.5
13.0,100.0,3299.999,1.35,412.0,10800.0,43.7,0.0,23848.0,21492.0,22.5
14.0,100.0,3299.999,1.39,308.0,10800.0,30.7,0.0,23848.0,21836.0,22.5
15.0,93.8,3300.0,1.37,331.0,11808.0,34.3,0.0,23848.0,21836.0,22.5
16.0,100.0,3299.999,1.41,287.0,10584.0,28.1,0.0,23848.0,21836.0,22.5
17.0,100.0,3300.0,1.36,331.0,8136.0,33.8,0.0,23848.0,21836.0,22.5
18.0,100.0,3299.999,1.37,374.0,12528.0,37.0,0.0,23848.0,21836.0,22.5
19.0,100.0,3300.0,1.36,374.0,12528.0,34.9,0.0,23848.0,21836.0,22.5
20.0,100.0,3299.999,1.36,228.0,9000.0,23.6,0.0,23848.0,21836.0,22.5
21.0,100.0,3300.0,1.37,393.0,10368.0,41.6,0.0,23848.0,21836.0,22.5
22.0,100.0,3300.0,1.33,421.0,14112.0,39.7,0.0,23848.0,21836.0,22.5
23.0,100.0,3300.0,1.38,230.0,9072.0,28.2,0.0,23848.0,21836.0,22.5
24.0,100.0,3300.0,1.32,443.0,10008.0,49.1,0.0,23848.0,21836.0,22.5
25.0,100.0,3299.999,1.4,249.0,10512.0,23.1,0.0,23848.0,21836.0,22.5
26.0,100.0,3300.0,1.36,354.0,8856.0,38.1,0.0,23848.0,21836.0,22.5
27.0,93.8,3299.999,1.39,199.0,7056.0,20.3,0.0,23848.0,21836.0,22.5
28.0,100.0,3299.999,1.36,383.0,8352.0,43.1,0.0,23848.0,21836.0,22.5
29.0,93.8,3300.0,1.32,423.0,14904.0,37.1,0.0,23848.0,21836.0,22.5
30.0,100.0,3299.999,1.36,219.0,9504.0,22.8,0.0,23848.0,21836.0,22.5
31.0,100.0,3299.999,1.28,463.0,14040.0,45.1,0.0,23848.0,21836.0,22.5
32.0,100.0,3300.0,1.37,219.0,9936.0,25.5,0.0,23848.0,21836.0,22.5
33.0,100.0,3299.999,1.32,424.0,10728.0,46.9,0.0,23848.0,21836.0,22.5
34.0,100.0,3299.999,1.35,227.0,10296.0,20.2,0.0,23848.0,21836.0,22.5
35.0,100.0,3300.0,1.37,279.0,8208.0,32.2,0.0,23848.0,21836.0,22.5
36.0,100.0,3299.999,1.32,409.0,12096.0,43.6,0.0,23848.0,21836.0,22.5
37.0,100.0,3300.0,1.35,210.0,11592.0,22.6,0.0,23848.0,21836.0,22.5
38.0,100.0,3299.999,1.36,323.0,9648.0,32.7,0.0,23848.0,21836.0,22.5
39.0,100.0,3300.0,1.3,426.0,14832.0,39.8,0.0,23848.0,21836.0,22.5
