time,CPU_Utilization,Frequency,IPC,Misses,LLC,MBL,Memory_Footprint,Virt_Memory,Res_Memory,Allocated_Cache
0.0,100.0,3300.0,1.3,2.0,0.0,0.1,0.0,23844.0,21520.0,2.25
1.0,100.0,3300.0,1.34,2148.0,3024.0,222.6,0.0,23844.0,21520.0,2.25
2.0,100.0,3300.0,1.39,956.0,2232.0,102.2,0.0,23844.0,21520.0,2.25
3.0,100.0,3299.999,1.36,1106.0,2088.0,107.5,0.0,23844.0,21520.0,2.25
4.0,100.0,3299.999,1.36,1137.0,1800.0,116.2,0.0,23844.0,21520.0,2.25
5.0,100.0,3300.0,1.34,1235.0,2520.0,125.1,0.0,23844.0,21520.0,2.25
6.0,100.0,3300.0,1.34,1185.0,2232.0,115.1,0.0,23844.0,21520.0,2.25
7.0,100.0,3299.999,1.35,784.0,2160.0,77.6,0.0,23844.0,21520.0,2.25
8.0,100.0,3300.0,1.35,1080.0,2088.0,107.8,0.0,23844.0,21520.0,2.25
9.0,100.0,3300.0,1.3,1087.0,2592.0,105.3,0.0,23844.0,21520.0,2.25
10.0,100.0,3300.0,1.35,902.0,2448.0,86.8,0.0,23844.0,21520.0,2.25
11.0,100.0,3300.0,1.33,1002.0,2304.0,91.3,0.0,23844.0,21520.0,2.25
12.0,100.0,3299.999,1.28,1081.0,2376.0,103.1,0.0,23844.0,21520.0,2.25
13.0,100.0,3299.999,1.35,1035.0,2376.0,109.3,0.0,23844.0,21520.0,2.25
14.0,100.0,3299.999,1.34,795.0,2088.0,78.1,0.0,23844.0,21856.0,2.25
15.0,100.0,3300.0,1.28,1184.0,2088.0,118.3,0.0,23844.0,21856.0,2.25
16.0,100.0,3299.999,1.39,674.0,2304.0,69.0,0.0,23844.0,21856.0,2.25
17.0,100.0,3300.0,1.33,1154.0,2088.0,120.0,0.0,23844.0,21856.0,2.25
18.0,100.0,3300.0,1.36,594.0,2304.0,49.8,0.0,23844.0,21856.0,2.25
19.0,100.0,3299.999,1.34,1017.0,1872.0,97.3,0.0,23844.0,21856.0,2.25
20.0,100.0,3300.0,1.31,998.0,2880.0,96.8,0.0,23844.0,21856.0,2.25
21.0,100.0,3300.0,1.26,1462.0,2448.0,154.5,0.0,23844.0,21856.0,2.25
22.0,100.0,3299.999,1.35,660.0,2592.0,58.4,0.0,23844.0,21856.0,2.25
23.0,100.0,3300.0,1.34,1215.0,2664.0,127.1,0.0,23844.0,21856.0,2.25
24.0,100.0,3300.0,1.27,1260.0,2232.0,126.1,0.0,23844.0,21856.0,2.25
25.0,100.0,3300.0,1.38,714.0,2304.0,70.5,0.0,23844.0,21856.0,2.25
26.0,100.0,3299.999,1.27,1326.0,2232.0,135.0,0.0,23844.0,21856.0,2.25
27.0,100.0,3300.0,1.39,613.0,2160.0,60.7,0.0,23844.0,21856.0,2.25
28.0,93.8,3300.0,1.29,1136.0,2664.0,126.6,0.0,23844.0,21856.0,2.25
29.0,100.0,3299.999,1.35,777.0,2304.0,77.8,0.0,23844.0,21856.0,2.25
30.0,100.0,3300.0,1.28,1450.0,2520.0,151.7,0.0,23844.0,21856.0,2.25
31.0,100.0,3300.0,1.34,640.0,2376.0,44.3,0.0,23844.0,21856.0,2.25
32.0,100.0,3300.0,1.21,1784.0,2304.0,189.3,0.0,23844.0,21856.0,2.25
33.0,100.0,3299.999,1.32,813.0,1944.0,57.9,0.0,23844.0,21856.0,2.25
34.0,100.0,3300.0,1.28,1385.0,2376.0,153.0,0.0,23844.0,21856.0,2.25
35.0,100.0,3299.999,1.32,621.0,2160.0,62.9,0.0,23844.0,21856.0,2.25
36.0,100.0,3299.999,1.33,1231.0,2304.0,134.0,0.0,23844.0,21856.0,2.25
37.0,100.0,3299.999,1.26,1463.0,2304.0,161.2,0.0,23844.0,21856.0,2.25
38.0,93.8,3300.0,1.33,583.0,2304.0,56.2,0.0,23844.0,21856.0,2.25
39.0,100.0,3300.0,1.28,1367.0,2880.0,151.0,0.0,23844.0,21856.0,2.25
