time,CPU_Utilization,Frequency,IPC,Misses,LLC,MBL,Memory_Footprint,Virt_Memory,Res_Memory,Allocated_Cache
0.0,100.0,3299.999,1.19,4.0,0.0,0.1,0.0,23848.0,21516.0,11.25
1.0,100.0,3299.999,1.36,1139.0,10152.0,124.0,0.0,23848.0,21516.0,11.25
2.0,100.0,3299.999,1.4,496.0,7128.0,58.9,0.0,23848.0,21516.0,11.25
3.0,100.0,3299.999,1.39,515.0,7344.0,55.3,0.0,23848.0,21516.0,11.25
4.0,93.8,3300.0,1.38,552.0,7272.0,56.5,0.0,23848.0,21516.0,11.25
5.0,93.8,3299.999,1.37,593.0,7272.0,62.8,0.0,23848.0,21516.0,11.25
6.0,93.8,3300.0,1.35,575.0,8640.0,58.4,0.0,23848.0,21516.0,11.25
7.0,100.0,3300.0,1.35,567.0,7776.0,59.3,0.0,23848.0,21516.0,11.25
8.0,100.0,3299.999,1.36,413.0,8424.0,41.4,0.0,23848.0,21516.0,11.25
9.0,100.0,3299.999,1.34,455.0,8064.0,48.4,0.0,23848.0,21516.0,11.25
10.0,100.0,3299.999,1.35,490.0,8280.0,46.0,0.0,23848.0,21516.0,11.25
11.0,100.0,3300.0,1.37,409.0,7848.0,43.8,0.0,23848.0,21516.0,11.25
12.0,100.0,3299.999,1.29,704.0,9864.0,67.9,0.0,23848.0,21516.0,11.25
13.0,100.0,3300.0,1.35,382.0,8568.0,39.1,0.0,23848.0,21516.0,11.25
14.0,93.8,3300.001,1.36,375.0,7272.0,36.6,0.0,23848.0,21860.0,11.25
15.0,100.0,3300.0,1.34,639.0,8784.0,64.1,0.0,23848.0,21860.0,11.25
16.0,100.0,3300.0,1.38,366.0,8352.0,37.9,0.0,23848.0,21860.0,11.25
17.0,100.0,3299.999,1.35,470.0,9000.0,46.7,0.0,23848.0,21860.0,11.25
18.0,93.8,3299.999,1.35,450.0,9720.0,45.4,0.0,23848.0,21860.0,11.25
19.0,100.0,3300.0,1.34,503.0,9000.0,39.9,0.0,23848.0,21860.0,11.25
20.0,100.0,3300.0,1.38,261.0,7056.0,41.8,0.0,23848.0,21860.0,11.25
21.0,93.8,3300.001,1.33,632.0,8064.0,63.6,0.0,23848.0,21860.0,11.25
22.0,100.0,3299.999,1.3,654.0,10512.0,62.9,0.0,23848.0,21860.0,11.25
23.0,100.0,3299.999,1.4,184.0,6696.0,18.7,0.0,23848.0,21860.0,11.25
24.0,100.0,3300.0,1.29,706.0,9936.0,65.2,0.0,23848.0,21860.0,11.25
25.0,100.0,3299.999,1.42,256.0,8064.0,26.6,0.0,23848.0,21860.0,11.25
26.0,100.0,3300.0,1.32,623.0,8568.0,60.4,0.0,23848.0,21860.0,11.25
27.0,100.0,3299.999,1.39,202.0,6768.0,21.8,0.0,23848.0,21860.0,11.25
28.0,100.0,3300.0,1.32,620.0,8784.0,63.6,0.0,23848.0,21860.0,11.25
29.0,100.0,3299.999,1.29,624.0,10080.0,59.9,0.0,23848.0,21860.0,11.25
30.0,100.0,3299.999,1.37,277.0,7920.0,31.1,0.0,23848.0,21860.0,11.25
31.0,100.0,3300.0,1.31,549.0,10008.0,50.3,0.0,23848.0,21860.0,11.25
32.0,100.0,3299.999,1.32,445.0,8208.0,49.7,0.0,23848.0,21860.0,11.25
33.0,100.0,3299.999,1.28,672.0,10944.0,61.7,0.0,23848.0,21860.0,11.25
34.0,100.0,3299.999,1.39,168.0,7488.0,20.5,0.0,23848.0,21860.0,11.25
35.0,93.8,3300.0,1.31,620.0,7920.0,61.7,0.0,23848.0,21860.0,11.25
36.0,100.0,3299.999,1.28,658.0,10656.0,57.7,0.0,23848.0,21860.0,11.25
37.0,100.0,3300.0,1.39,185.0,6840.0,20.3,0.0,23848.0,21860.0,11.25
38.0,100.0,3299.999,1.29,656.0,8712.0,67.2,0.0,23848.0,21860.0,11.25
39.0,100.0,3300.0,1.3,523.0,10584.0,44.5,0.0,23848.0,21860.0,11.25
