time,CPU_Utilization,Frequency,IPC,Misses,LLC,MBL,Memory_Footprint,Virt_Memory,Res_Memory,Allocated_Cache
0.0,100.0,3300.0,1.18,3.0,0.0,0.0,0.0,23844.0,21368.0,4.5
1.0,100.0,3299.999,1.34,1751.0,4464.0,193.5,0.0,23844.0,21368.0,4.5
2.0,100.0,3300.0,1.39,785.0,4176.0,84.1,0.0,23844.0,21368.0,4.5
3.0,100.0,3300.0,1.38,890.0,4032.0,93.4,0.0,23844.0,21368.0,4.5
4.0,93.8,3300.0,1.37,905.0,4104.0,94.4,0.0,23844.0,21368.0,4.5
5.0,100.0,3299.999,1.24,959.0,4248.0,95.1,0.0,23844.0,21368.0,4.5
6.0,100.0,3300.0,1.35,921.0,3888.0,97.0,0.0,23844.0,21368.0,4.5
7.0,100.0,3299.999,1.35,634.0,3744.0,66.6,0.0,23844.0,21368.0,4.5
8.0,100.0,3300.0,1.35,857.0,3600.0,88.2,0.0,23844.0,21368.0,4.5
9.0,100.0,3299.999,1.3,848.0,4248.0,85.7,0.0,23844.0,21368.0,4.5
10.0,100.0,3299.999,1.36,727.0,4464.0,70.2,0.0,23844.0,21700.0,4.5
11.0,100.0,3300.0,1.33,769.0,4176.0,74.8,0.0,23844.0,21700.0,4.5
12.0,100.0,3299.999,1.29,842.0,4752.0,82.5,0.0,23844.0,21700.0,4.5
13.0,100.0,3300.0,1.36,826.0,4608.0,89.5,0.0,23844.0,21700.0,4.5
14.0,100.0,3300.0,1.35,617.0,3960.0,65.5,0.0,23844.0,21700.0,4.5
15.0,100.0,3300.001,1.28,1125.0,5112.0,112.9,0.0,23844.0,21700.0,4.5
16.0,100.0,3299.999,1.39,351.0,3816.0,32.3,0.0,23844.0,21700.0,4.5
17.0,100.0,3300.0,1.34,911.0,4248.0,98.4,0.0,23844.0,21700.0,4.5
18.0,100.0,3299.999,1.35,505.0,4464.0,45.1,0.0,23844.0,21700.0,4.5
19.0,100.0,3300.0,1.35,811.0,4176.0,77.3,0.0,23844.0,21700.0,4.5
20.0,93.8,3299.999,1.33,757.0,4032.0,71.9,0.0,23844.0,21700.0,4.5
21.0,100.0,3300.0,1.29,1109.0,4752.0,111.7,0.0,23844.0,21700.0,4.5
22.0,100.0,3299.999,1.33,545.0,4896.0,52.9,0.0,23844.0,21700.0,4.5
23.0,100.0,3300.0,1.36,897.0,3384.0,94.0,0.0,23844.0,21700.0,4.5
24.0,100.0,3299.999,1.27,969.0,4464.0,93.2,0.0,23844.0,21700.0,4.5
25.0,100.0,3300.0,1.4,541.0,3816.0,54.4,0.0,23844.0,21700.0,4.5
26.0,100.0,3300.0,1.27,1182.0,4608.0,126.1,0.0,23844.0,21700.0,4.5
27.0,100.0,3299.999,1.41,267.0,4176.0,25.5,0.0,23844.0,21700.0,4.5
28.0,100.0,3300.0,1.28,878.0,4680.0,85.3,0.0,23844.0,21700.0,4.5
29.0,100.0,3300.0,1.35,634.0,4320.0,66.2,0.0,23844.0,21700.0,4.5
30.0,100.0,3300.001,1.29,1097.0,3744.0,105.4,0.0,23844.0,21700.0,4.5
31.0,100.0,3299.999,1.36,481.0,3744.0,35.0,0.0,23844.0,21700.0,4.5
32.0,100.0,3300.0,1.25,1222.0,4320.0,126.8,0.0,23844.0,21700.0,4.5
33.0,100.0,3299.999,1.29,706.0,4536.0,56.7,0.0,23844.0,21700.0,4.5
34.0,100.0,3300.0,1.33,965.0,3384.0,100.3,0.0,23844.0,21700.0,4.5
35.0,100.0,3299.999,1.28,876.0,4320.0,85.1,0.0,23844.0,21700.0,4.5
36.0,100.0,3300.0,1.34,630.0,4752.0,68.2,0.0,23844.0,21700.0,4.5
37.0,100.0,3300.0,1.3,1018.0,4752.0,102.0,0.0,23844.0,21700.0,4.5
38.0,100.0,3300.0,1.3,857.0,4896.0,82.3,0.0,23844.0,21700.0,4.5
39.0,100.0,3299.999,1.34,661.0,3600.0,67.2,0.0,23844.0,21700.0,4.5
