time,CPU_Utilization,Frequency,IPC,Misses,LLC,MBL,Memory_Footprint,Virt_Memory,Res_Memory,Allocated_Cache
0.0,100.0,3300.0,1.34,1.0,0.0,0.0,0.0,23844.0,21512.0,18.0
1.0,93.8,3300.0,1.36,916.0,14112.0,94.9,0.0,23844.0,21512.0,18.0
2.0,100.0,3300.0,1.4,475.0,11808.0,49.6,0.0,23844.0,21512.0,18.0
3.0,100.0,3299.999,1.39,485.0,8856.0,57.4,0.0,23844.0,21512.0,18.0
4.0,100.0,3299.999,1.38,506.0,8064.0,51.9,0.0,23844.0,21512.0,18.0
5.0,100.0,3300.0,1.37,551.0,8928.0,59.0,0.0,23844.0,21512.0,18.0
6.0,100.0,3300.0,1.35,525.0,10296.0,56.8,0.0,23844.0,21512.0,18.0
7.0,100.0,3300.0,1.35,472.0,12960.0,48.6,0.0,23844.0,21512.0,18.0
8.0,100.0,3299.999,1.36,377.0,9720.0,41.8,0.0,23844.0,21512.0,18.0
9.0,100.0,3300.0,1.34,411.0,9792.0,39.7,0.0,23844.0,21512.0,18.0
10.0,100.0,3300.0,1.34,454.0,9936.0,45.1,0.0,23844.0,21512.0,18.0
11.0,100.0,3299.999,1.37,389.0,8928.0,37.4,0.0,23844.0,21512.0,18.0
12.0,100.0,3300.0,1.29,639.0,12024.0,60.3,0.0,23844.0,21512.0,18.0
13.0,100.0,3300.0,1.35,365.0,9000.0,42.8,0.0,23844.0,21512.0,18.0
14.0,100.0,3300.0,1.36,334.0,7344.0,35.7,0.0,23844.0,21848.0,18.0
15.0,100.0,3300.0,1.34,551.0,11736.0,54.4,0.0,23844.0,21848.0,18.0
16.0,100.0,3300.0,1.38,343.0,9720.0,34.0,0.0,23844.0,21848.0,18.0
17.0,93.8,3300.0,1.35,420.0,11088.0,42.3,0.0,23844.0,21848.0,18.0
18.0,100.0,3300.0,1.35,408.0,11880.0,41.1,0.0,23844.0,21848.0,18.0
19.0,100.0,3300.0,1.34,450.0,12672.0,42.8,0.0,23844.0,21848.0,18.0
20.0,100.0,3299.999,1.38,246.0,8856.0,27.4,0.0,23844.0,21848.0,18.0
21.0,100.0,3299.999,1.33,543.0,13104.0,48.3,0.0,23844.0,21848.0,18.0
22.0,100.0,3300.0,1.3,494.0,13824.0,51.0,0.0,23844.0,21848.0,18.0
23.0,100.0,3299.999,1.4,176.0,7416.0,21.5,0.0,23844.0,21848.0,18.0
24.0,100.0,3299.999,1.29,565.0,13248.0,51.4,0.0,23844.0,21848.0,18.0
25.0,100.0,3300.0,1.42,243.0,8280.0,26.5,0.0,23844.0,21848.0,18.0
26.0,100.0,3299.999,1.32,520.0,10944.0,48.7,0.0,23844.0,21848.0,18.0
27.0,93.8,3299.999,1.39,202.0,7416.0,21.5,0.0,23844.0,21848.0,18.0
28.0,100.0,3299.999,1.32,520.0,13104.0,44.4,0.0,23844.0,21848.0,18.0
29.0,100.0,3299.999,1.29,483.0,13536.0,49.6,0.0,23844.0,21848.0,18.0
30.0,100.0,3299.999,1.36,239.0,8280.0,29.2,0.0,23844.0,21848.0,18.0
31.0,100.0,3300.0,1.31,476.0,12600.0,39.2,0.0,23844.0,21848.0,18.0
32.0,100.0,3299.999,1.31,398.0,8496.0,47.5,0.0,23844.0,21848.0,18.0
33.0,100.0,3299.999,1.28,524.0,14256.0,45.1,0.0,23844.0,21848.0,18.0
34.0,100.0,3300.0,1.39,167.0,6264.0,22.4,0.0,23844.0,21848.0,18.0
35.0,93.8,3300.0,1.31,521.0,13392.0,43.8,0.0,23844.0,21848.0,18.0
36.0,100.0,3300.0,1.28,486.0,14040.0,52.0,0.0,23844.0,21848.0,18.0
37.0,100.0,3299.999,1.39,179.0,7416.0,22.9,0.0,23844.0,21848.0,18.0
38.0,93.8,3299.999,1.29,510.0,13896.0,42.8,0.0,23844.0,21848.0,18.0
39.0,93.8,3300.0,1.3,442.0,13464.0,44.1,0.0,23844.0,21848.0,18.0
