time,CPU_Utilization,Frequency,IPC,Misses,LLC,MBL,Memory_Footprint,Virt_Memory,Res_Memory,Allocated_Cache
0.0,100.0,3300.0,1.26,3.0,0.0,0.1,0.0,23844.0,21512.0,6.75
1.0,100.0,3299.999,1.35,1532.0,5256.0,164.5,0.0,23844.0,21512.0,6.75
2.0,100.0,3300.0,1.4,684.0,4752.0,68.0,0.0,23844.0,21512.0,6.75
3.0,100.0,3300.001,1.38,752.0,5328.0,74.8,0.0,23844.0,21512.0,6.75
4.0,100.0,3300.0,1.37,787.0,4968.0,76.6,0.0,23844.0,21512.0,6.75
5.0,100.0,3300.001,1.36,834.0,5904.0,83.3,0.0,23844.0,21512.0,6.75
6.0,100.0,3299.999,1.35,804.0,5544.0,78.2,0.0,23844.0,21512.0,6.75
7.0,100.0,3300.0,1.35,551.0,6336.0,49.6,0.0,23844.0,21512.0,6.75
8.0,100.0,3299.999,1.36,762.0,5040.0,76.9,0.0,23844.0,21512.0,6.75
9.0,100.0,3300.0,1.33,647.0,4896.0,58.1,0.0,23844.0,21512.0,6.75
10.0,100.0,3300.0,1.34,667.0,5544.0,59.3,0.0,23844.0,21512.0,6.75
11.0,100.0,3299.999,1.36,602.0,5544.0,56.5,0.0,23844.0,21512.0,6.75
12.0,100.0,3300.0,1.29,911.0,6408.0,83.7,0.0,23844.0,21512.0,6.75
13.0,100.0,3300.0,1.36,508.0,5760.0,47.8,0.0,23844.0,21512.0,6.75
14.0,100.0,3299.999,1.36,529.0,4752.0,48.4,0.0,23844.0,21848.0,6.75
15.0,100.0,3300.0,1.31,883.0,6120.0,82.7,0.0,23844.0,21848.0,6.75
16.0,100.0,3300.0,1.38,482.0,5760.0,45.3,0.0,23844.0,21848.0,6.75
17.0,100.0,3299.999,1.37,550.0,6192.0,50.0,0.0,23844.0,21848.0,6.75
18.0,100.0,3299.999,1.32,462.0,6048.0,33.3,0.0,23844.0,21848.0,6.75
19.0,100.0,3300.0,1.35,665.0,5616.0,59.7,0.0,23844.0,21848.0,6.75
20.0,100.0,3300.0,1.36,555.0,5760.0,49.6,0.0,23844.0,21848.0,6.75
21.0,100.0,3300.0,1.3,916.0,6768.0,83.2,0.0,23844.0,21848.0,6.75
22.0,100.0,3300.0,1.29,789.0,6912.0,70.7,0.0,23844.0,21848.0,6.75
23.0,100.0,3299.999,1.41,400.0,4032.0,41.1,0.0,23844.0,21848.0,6.75
24.0,100.0,3300.0,1.25,1013.0,6912.0,94.0,0.0,23844.0,21848.0,6.75
25.0,100.0,3299.999,1.41,344.0,5472.0,28.8,0.0,23844.0,21848.0,6.75
26.0,100.0,3299.999,1.31,887.0,6192.0,80.6,0.0,23844.0,21848.0,6.75
27.0,100.0,3299.999,1.39,247.0,4032.0,21.4,0.0,23844.0,21848.0,6.75
28.0,100.0,3299.999,1.3,897.0,6480.0,85.9,0.0,23844.0,21848.0,6.75
29.0,100.0,3300.0,1.32,452.0,6192.0,37.1,0.0,23844.0,21848.0,6.75
30.0,100.0,3300.0,1.32,817.0,4752.0,77.5,0.0,23844.0,21848.0,6.75
31.0,100.0,3300.0,1.34,723.0,6840.0,63.6,0.0,23844.0,21848.0,6.75
32.0,100.0,3299.999,1.3,630.0,5040.0,59.5,0.0,23844.0,21848.0,6.75
33.0,100.0,3299.999,1.24,903.0,7200.0,77.3,0.0,23844.0,21848.0,6.75
34.0,100.0,3299.999,1.39,406.0,4104.0,40.1,0.0,23844.0,21848.0,6.75
35.0,100.0,3300.0,1.27,934.0,6768.0,86.6,0.0,23844.0,21848.0,6.75
36.0,100.0,3300.0,1.31,460.0,5904.0,38.2,0.0,23844.0,21848.0,6.75
37.0,100.0,3300.0,1.36,690.0,4536.0,72.0,0.0,23844.0,21848.0,6.75
38.0,100.0,3299.999,1.26,923.0,6408.0,89.3,0.0,23844.0,21848.0,6.75
39.0,100.0,3300.0,1.35,406.0,5400.0,32.6,0.0,23844.0,21848.0,6.75
