time,CPU_Utilization,Frequency,IPC,Misses,LLC,MBL,Memory_Footprint,Virt_Memory,Res_Memory,Allocated_Cache
0.0,93.8,3299.999,3.2,163.0,360.0,5.5,0.0,68128.0,67000.0,2.25
1.0,100.0,3300.0,1.8,97393.0,2304.0,7563.4,0.0,68128.0,67000.0,2.25
2.0,100.0,3299.999,2.24,129527.0,2232.0,10894.6,0.0,68128.0,67000.0,2.25
3.0,100.0,3299.999,2.2,131840.0,2160.0,10603.3,0.0,68128.0,67000.0,2.25
4.0,100.0,3299.999,2.22,131650.0,2304.0,10320.2,0.0,68128.0,67000.0,2.25
5.0,100.0,3300.0,2.23,131701.0,2232.0,10170.6,0.0,68128.0,67000.0,2.25
6.0,100.0,3299.999,2.28,126830.0,2232.0,9676.9,0.0,68128.0,67000.0,2.25
7.0,100.0,3300.0,2.22,131143.0,2232.0,10189.3,0.0,68128.0,67000.0,2.25
8.0,100.0,3299.999,2.24,131741.0,2232.0,10423.5,0.0,68128.0,67000.0,2.25
9.0,100.0,3299.999,2.26,130598.0,2304.0,9934.9,0.0,68128.0,67000.0,2.25
10.0,100.0,3299.999,2.25,130418.0,2088.0,10162.5,0.0,68128.0,67000.0,2.25
11.0,100.0,3299.999,2.23,131516.0,2304.0,10782.7,0.0,68128.0,67000.0,2.25
12.0,100.0,3300.0,2.24,131708.0,2232.0,10325.7,0.0,68128.0,67000.0,2.25
13.0,100.0,3299.999,2.25,132241.0,2232.0,10494.4,0.0,68128.0,67000.0,2.25
14.0,100.0,3300.0,2.26,127067.0,2304.0,10450.5,0.0,68128.0,67000.0,2.25
15.0,100.0,3299.999,2.23,131619.0,2088.0,10899.8,0.0,68128.0,67000.0,2.25
16.0,100.0,3300.0,2.27,131462.0,2232.0,12112.3,0.0,68128.0,67000.0,2.25
17.0,100.0,3299.999,2.24,130562.0,2304.0,9812.0,0.0,68128.0,67000.0,2.25
18.0,100.0,3299.999,2.22,131181.0,2232.0,10174.9,0.0,68128.0,67000.0,2.25
19.0,100.0,3299.999,2.24,131917.0,2232.0,10185.5,0.0,68128.0,67000.0,2.25
20.0,93.8,3300.0,2.26,131504.0,2304.0,10358.7,0.0,68128.0,67000.0,2.25
21.0,100.0,3299.999,2.27,127561.0,2088.0,10680.3,0.0,68128.0,67000.0,2.25
22.0,100.0,3300.0,2.23,131751.0,2304.0,10642.9,0.0,68128.0,67000.0,2.25
23.0,100.0,3300.0,2.24,131724.0,2304.0,10690.2,0.0,68128.0,67000.0,2.25
24.0,100.0,3299.999,2.25,130999.0,2304.0,9985.6,0.0,68128.0,67000.0,2.25
25.0,100.0,3299.999,2.25,131009.0,2160.0,10406.4,0.0,68128.0,67000.0,2.25
26.0,100.0,3300.0,2.26,130753.0,2304.0,10497.7,0.0,68128.0,67000.0,2.25
27.0,100.0,3299.999,2.29,130360.0,2232.0,10191.9,0.0,68128.0,67000.0,2.25
28.0,100.0,3299.999,2.27,132084.0,2304.0,11239.1,0.0,68128.0,67000.0,2.25
29.0,100.0,3300.0,2.25,132043.0,2160.0,10851.3,0.0,68128.0,67000.0,2.25
30.0,100.0,3299.999,2.27,127359.0,2088.0,10471.0,0.0,68128.0,67000.0,2.25
31.0,100.0,3300.0,2.25,131870.0,2160.0,12102.3,0.0,68128.0,67000.0,2.25
32.0,100.0,3299.999,2.24,130541.0,2160.0,9808.1,0.0,68128.0,67000.0,2.25
33.0,100.0,3300.0,2.21,131548.0,2304.0,10383.2,0.0,68128.0,67000.0,2.25
34.0,100.0,3300.0,2.21,131582.0,2304.0,10407.4,0.0,68128.0,67000.0,2.25
35.0,100.0,3299.999,2.24,132258.0,2304.0,10138.6,0.0,68128.0,67000.0,2.25
36.0,100.0,3299.999,2.27,131334.0,2088.0,9961.2,0.0,68128.0,67000.0,2.25
37.0,93.8,3300.0,2.25,130661.0,2232.0,9987.7,0.0,68128.0,67000.0,2.25
38.0,93.8,3299.999,2.27,131680.0,2376.0,10434.2,0.0,68128.0,67000.0,2.25
39.0,100.0,3299.999,2.28,131705.0,2376.0,11022.4,0.0,68128.0,67000.0,2.25
