time,CPU_Utilization,Frequency,IPC,Misses,LLC,MBL,Memory_Footprint,Virt_Memory,Res_Memory,Allocated_Cache
0.0,100.0,3300.0,3.19,153.0,504.0,3.5,0.0,68128.0,67008.0,9.0
1.0,100.0,3299.999,1.85,92358.0,8568.0,7416.6,0.0,68128.0,67008.0,9.0
2.0,100.0,3299.999,2.29,114505.0,8208.0,9890.7,0.0,68128.0,67008.0,9.0
3.0,93.8,3300.0,2.26,111922.0,8712.0,9189.8,0.0,68128.0,67008.0,9.0
4.0,100.0,3299.999,2.29,109859.0,8712.0,8638.2,0.0,68128.0,67008.0,9.0
5.0,93.8,3299.999,2.31,108635.0,9000.0,8311.9,0.0,68128.0,67008.0,9.0
6.0,100.0,3299.999,2.31,104445.0,8712.0,8307.8,0.0,68128.0,67008.0,9.0
7.0,100.0,3300.0,2.29,107053.0,8856.0,8468.8,0.0,68128.0,67008.0,9.0
8.0,100.0,3300.0,2.3,106697.0,8424.0,8322.0,0.0,68128.0,67008.0,9.0
9.0,100.0,3300.0,2.34,106182.0,9072.0,7918.1,0.0,68128.0,67008.0,9.0
10.0,100.0,3299.999,2.32,106768.0,8784.0,8303.7,0.0,68128.0,67008.0,9.0
11.0,100.0,3300.0,2.3,107188.0,8928.0,8341.9,0.0,68128.0,67008.0,9.0
12.0,100.0,3299.999,2.32,103148.0,8856.0,8225.2,0.0,68128.0,67008.0,9.0
13.0,100.0,3299.999,2.27,106250.0,8784.0,8746.3,0.0,68128.0,67008.0,9.0
14.0,100.0,3299.999,2.31,105755.0,9000.0,9060.6,0.0,68128.0,67008.0,9.0
15.0,100.0,3300.0,2.34,106136.0,8856.0,9305.0,0.0,68128.0,67008.0,9.0
16.0,100.0,3300.0,2.31,106552.0,8784.0,8254.3,0.0,68128.0,67008.0,9.0
17.0,100.0,3299.999,2.31,106489.0,8856.0,7828.9,0.0,68128.0,67008.0,9.0
18.0,100.0,3300.0,2.33,102505.0,8928.0,7852.9,0.0,68128.0,67008.0,9.0
19.0,100.0,3299.999,2.26,105906.0,9144.0,8615.5,0.0,68128.0,67008.0,9.0
20.0,100.0,3300.0,2.28,105738.0,8928.0,8944.0,0.0,68128.0,67008.0,9.0
21.0,100.0,3300.0,2.32,106604.0,8784.0,8115.6,0.0,68128.0,67008.0,9.0
22.0,100.0,3299.999,2.31,106185.0,8784.0,8476.8,0.0,68128.0,67008.0,9.0
23.0,93.8,3300.0,2.33,105938.0,9000.0,7814.0,0.0,68128.0,67008.0,9.0
24.0,100.0,3299.999,2.34,102176.0,9000.0,7763.9,0.0,68128.0,67008.0,9.0
25.0,100.0,3299.999,2.3,105503.0,8640.0,8341.2,0.0,68128.0,67008.0,9.0
26.0,100.0,3300.0,2.32,105519.0,8784.0,8256.7,0.0,68128.0,67008.0,9.0
27.0,100.0,3299.999,2.32,105548.0,8640.0,8690.3,0.0,68128.0,67008.0,9.0
28.0,100.0,3299.999,2.32,105480.0,8136.0,9505.1,0.0,68128.0,67008.0,9.0
29.0,100.0,3300.0,2.32,106744.0,8928.0,8485.4,0.0,68128.0,67008.0,9.0
30.0,100.0,3299.999,2.33,106030.0,9216.0,9309.1,0.0,68128.0,67008.0,9.0
31.0,100.0,3300.0,2.31,105347.0,9144.0,7860.0,0.0,68128.0,67008.0,9.0
32.0,100.0,3299.999,2.3,102628.0,9144.0,7915.5,0.0,68128.0,67008.0,9.0
33.0,100.0,3300.0,2.27,105957.0,9144.0,8420.9,0.0,68128.0,67008.0,9.0
34.0,100.0,3300.0,2.28,106205.0,8856.0,8350.4,0.0,68128.0,67008.0,9.0
35.0,100.0,3300.0,1.47,65697.0,9000.0,4771.0,0.0,68128.0,67008.0,9.0
36.0,100.0,3300.0,2.1,93913.0,9216.0,7076.1,0.0,68128.0,67008.0,9.0
37.0,100.0,3299.999,2.3,105521.0,8928.0,8108.0,0.0,68128.0,67008.0,9.0
38.0,100.0,3299.999,2.32,105093.0,9144.0,9183.9,0.0,68128.0,67008.0,9.0
39.0,100.0,3299.999,2.31,105264.0,8784.0,8258.6,0.0,68128.0,67008.0,9.0
