time,CPU_Utilization,Frequency,IPC,Misses,LLC,MBL,Memory_Footprint,Virt_Memory,Res_Memory,Allocated_Cache
0.0,100.0,3300.0,1.47,21.0,0.0,0.2,0.0,68128.0,66948.0,13.5
1.0,100.0,3299.999,1.89,85314.0,12816.0,7032.8,0.0,68128.0,66948.0,13.5
2.0,100.0,3300.0,2.3,99185.0,12600.0,8479.8,0.0,68128.0,66948.0,13.5
3.0,100.0,3300.0,2.28,94058.0,13248.0,7384.1,0.0,68128.0,66948.0,13.5
4.0,100.0,3299.999,2.31,91814.0,12744.0,6864.1,0.0,68128.0,66948.0,13.5
5.0,100.0,3300.0,1.51,58622.0,13320.0,4592.5,0.0,68128.0,66948.0,13.5
6.0,100.0,3299.999,2.03,79026.0,12816.0,6023.2,0.0,68128.0,66948.0,13.5
7.0,100.0,3300.0,2.33,89897.0,12888.0,6507.8,0.0,68128.0,66948.0,13.5
8.0,100.0,3299.999,2.32,89180.0,13320.0,6772.9,0.0,68128.0,66948.0,13.5
9.0,100.0,3300.0,2.37,86399.0,12888.0,6477.7,0.0,68128.0,66948.0,13.5
10.0,100.0,3300.0,2.33,88791.0,12672.0,6698.5,0.0,68128.0,66948.0,13.5
11.0,100.0,3300.0,2.29,89105.0,12744.0,7102.1,0.0,68128.0,66948.0,13.5
12.0,100.0,3300.0,2.34,89481.0,13104.0,6981.5,0.0,68128.0,66948.0,13.5
13.0,100.0,3299.999,2.33,89401.0,13176.0,6810.3,0.0,68128.0,66948.0,13.5
14.0,100.0,3300.0,2.35,86345.0,13320.0,6792.1,0.0,68128.0,66948.0,13.5
15.0,100.0,3299.999,2.32,89116.0,12888.0,7267.9,0.0,68128.0,66948.0,13.5
16.0,100.0,3299.999,2.33,87865.0,13104.0,7710.2,0.0,68128.0,66948.0,13.5
17.0,100.0,3299.999,2.34,88535.0,13320.0,6317.1,0.0,68128.0,66948.0,13.5
18.0,100.0,3300.0,2.32,88926.0,13320.0,6631.4,0.0,68128.0,66948.0,13.5
19.0,100.0,3300.0,2.33,90009.0,12744.0,6651.6,0.0,68128.0,66948.0,13.5
20.0,100.0,3299.999,2.35,85670.0,13104.0,7010.6,0.0,68128.0,66948.0,13.5
21.0,100.0,3299.999,2.29,88741.0,13032.0,7154.4,0.0,68128.0,66948.0,13.5
22.0,100.0,3300.0,2.33,88034.0,12456.0,6921.8,0.0,68128.0,66948.0,13.5
23.0,100.0,3299.999,2.35,88480.0,13176.0,6482.2,0.0,68128.0,66948.0,13.5
24.0,100.0,3300.0,2.34,88246.0,13104.0,6493.2,0.0,68128.0,66948.0,13.5
25.0,100.0,3299.999,2.37,88443.0,13248.0,6593.8,0.0,68128.0,66948.0,13.5
26.0,100.0,3299.999,2.34,88135.0,12960.0,6910.8,0.0,68128.0,66948.0,13.5
27.0,100.0,3299.999,2.37,84911.0,13176.0,6675.8,0.0,68128.0,66948.0,13.5
28.0,100.0,3300.0,2.32,88519.0,13032.0,7757.6,0.0,68128.0,66948.0,13.5
29.0,100.0,3300.0,2.33,87800.0,13392.0,7338.2,0.0,68128.0,66948.0,13.5
30.0,100.0,3300.0,2.35,88676.0,13248.0,7603.0,0.0,68128.0,66948.0,13.5
31.0,100.0,3300.0,2.31,87789.0,13320.0,6599.0,0.0,68128.0,66948.0,13.5
32.0,100.0,3299.999,2.34,88808.0,13248.0,6427.1,0.0,68128.0,66948.0,13.5
33.0,100.0,3300.0,2.32,85154.0,13392.0,6596.4,0.0,68128.0,66948.0,13.5
34.0,93.8,3300.0,2.29,88300.0,13320.0,6869.3,0.0,68128.0,66948.0,13.5
35.0,100.0,3299.999,2.32,88108.0,12384.0,6666.8,0.0,68128.0,66948.0,13.5
36.0,100.0,3300.0,2.34,88167.0,13392.0,6669.4,0.0,68128.0,66948.0,13.5
37.0,100.0,3299.999,2.34,87258.0,12600.0,6601.8,0.0,68128.0,66948.0,13.5
38.0,100.0,3300.0,2.34,86993.0,13248.0,7265.5,0.0,68128.0,66948.0,13.5
39.0,100.0,3299.999,2.35,87973.0,13176.0,6633.8,0.0,68128.0,66948.0,13.5
