time,CPU_Utilization,Frequency,IPC,Misses,LLC,MBL,Memory_Footprint,Virt_Memory,Res_Memory,Allocated_Cache
0.0,100.0,3300.0,3.18,129.0,576.0,3.9,0.0,68128.0,66944.0,15.75
1.0,100.0,3300.0,1.91,82058.0,15336.0,6693.9,0.0,68128.0,66944.0,15.75
2.0,100.0,3299.999,2.29,93739.0,14976.0,7581.7,0.0,68128.0,66944.0,15.75
3.0,93.8,3300.0,2.31,86168.0,14400.0,6408.1,0.0,68128.0,66944.0,15.75
4.0,100.0,3300.0,2.34,83509.0,14688.0,5846.3,0.0,68128.0,66944.0,15.75
5.0,100.0,3300.0,2.37,79781.0,15048.0,5432.8,0.0,68128.0,66944.0,15.75
6.0,100.0,3300.0,2.3,81269.0,15264.0,6028.8,0.0,68128.0,66944.0,15.75
7.0,100.0,3300.0,2.31,80706.0,15336.0,5726.0,0.0,68128.0,66944.0,15.75
8.0,100.0,3300.0,2.36,80800.0,14904.0,5661.9,0.0,68128.0,66944.0,15.75
9.0,100.0,3299.999,2.36,80015.0,15264.0,5482.7,0.0,68128.0,66944.0,15.75
10.0,100.0,3299.999,2.36,81630.0,15048.0,5749.5,0.0,68128.0,66944.0,15.75
11.0,100.0,3300.0,2.37,78545.0,15480.0,5748.5,0.0,68128.0,66944.0,15.75
12.0,100.0,3299.999,2.3,80444.0,15048.0,6156.2,0.0,68128.0,66944.0,15.75
13.0,100.0,3300.0,2.35,80096.0,14760.0,6200.9,0.0,68128.0,66944.0,15.75
14.0,100.0,3300.0,2.34,80430.0,15048.0,6014.2,0.0,68128.0,66944.0,15.75
15.0,100.0,3299.999,2.39,77699.0,15192.0,6466.5,0.0,68128.0,66944.0,15.75
16.0,100.0,3300.0,2.35,79342.0,15336.0,5536.5,0.0,68128.0,66944.0,15.75
17.0,100.0,3299.999,2.33,80820.0,14976.0,5819.2,0.0,68128.0,66944.0,15.75
18.0,100.0,3299.999,2.3,79273.0,14616.0,5880.4,0.0,68128.0,66944.0,15.75
19.0,100.0,3299.999,2.31,79335.0,15336.0,5768.3,0.0,68128.0,66944.0,15.75
20.0,100.0,3299.999,2.37,79953.0,15336.0,6078.9,0.0,68128.0,66944.0,15.75
21.0,100.0,3300.0,2.36,77494.0,14904.0,5816.7,0.0,68128.0,66944.0,15.75
22.0,100.0,3299.999,2.32,79614.0,15192.0,6028.9,0.0,68128.0,66944.0,15.75
23.0,100.0,3299.999,2.33,79078.0,14904.0,5617.3,0.0,68128.0,66944.0,15.75
24.0,100.0,3299.999,2.36,79637.0,15480.0,5768.4,0.0,68128.0,66944.0,15.75
25.0,93.8,3299.999,2.38,80152.0,15408.0,5845.2,0.0,68128.0,66944.0,15.75
26.0,93.8,3300.0,2.37,78364.0,15408.0,5638.3,0.0,68128.0,66944.0,15.75
27.0,100.0,3299.999,2.37,80208.0,15552.0,6266.7,0.0,68128.0,66944.0,15.75
28.0,100.0,3300.0,2.36,77308.0,15408.0,5820.0,0.0,68128.0,66944.0,15.75
29.0,100.0,3299.999,2.32,79871.0,15120.0,6200.8,0.0,68128.0,66944.0,15.75
30.0,100.0,3300.0,2.34,79544.0,15408.0,6662.2,0.0,68128.0,66944.0,15.75
31.0,100.0,3299.999,2.38,80465.0,15192.0,5496.9,0.0,68128.0,66944.0,15.75
32.0,100.0,3300.0,2.32,79612.0,15480.0,5679.7,0.0,68128.0,66944.0,15.75
33.0,100.0,3300.0,2.35,80199.0,15264.0,5658.2,0.0,68128.0,66944.0,15.75
34.0,100.0,3299.999,2.35,77753.0,15480.0,5673.7,0.0,68128.0,66944.0,15.75
35.0,100.0,3300.0,2.36,79538.0,15696.0,5589.4,0.0,68128.0,66944.0,15.75
36.0,100.0,3299.999,2.36,80149.0,15408.0,5749.6,0.0,68128.0,66944.0,15.75
37.0,100.0,3300.0,2.34,78404.0,15336.0,6212.3,0.0,68128.0,66944.0,15.75
38.0,100.0,3300.0,2.36,78989.0,15192.0,5833.4,0.0,68128.0,66944.0,15.75
39.0,100.0,3300.0,1.4,44698.0,15048.0,3028.1,0.0,68128.0,66944.0,15.75
