time,CPU_Utilization,Frequency,IPC,Misses,LLC,MBL,Memory_Footprint,Virt_Memory,Res_Memory,Allocated_Cache
0.0,93.8,3300.0,3.17,153.0,360.0,5.8,0.0,68128.0,66944.0,11.25
1.0,100.0,3299.999,1.88,89307.0,10368.0,7172.2,0.0,68128.0,66944.0,11.25
2.0,100.0,3299.999,2.28,107913.0,10584.0,9014.6,0.0,68128.0,66944.0,11.25
3.0,100.0,3299.999,2.27,102335.0,10656.0,8198.9,0.0,68128.0,66944.0,11.25
4.0,100.0,3299.999,2.3,99714.0,10800.0,7669.5,0.0,68128.0,66944.0,11.25
5.0,100.0,3299.999,2.32,98854.0,10944.0,7537.5,0.0,68128.0,66944.0,11.25
6.0,100.0,3300.0,2.3,95364.0,11016.0,7714.9,0.0,68128.0,66944.0,11.25
7.0,100.0,3300.0,2.27,96861.0,10584.0,7671.2,0.0,68128.0,66944.0,11.25
8.0,100.0,3300.0,2.3,97636.0,10872.0,7773.3,0.0,68128.0,66944.0,11.25
9.0,100.0,3299.999,2.33,96645.0,11016.0,7286.3,0.0,68128.0,66944.0,11.25
10.0,100.0,3300.0,2.31,97030.0,10584.0,7502.5,0.0,68128.0,66944.0,11.25
11.0,100.0,3299.999,2.32,98512.0,10944.0,7729.6,0.0,68128.0,66944.0,11.25
12.0,100.0,3299.999,2.31,94234.0,10224.0,7763.5,0.0,68128.0,66944.0,11.25
13.0,93.8,3300.0,2.3,97666.0,10584.0,8202.2,0.0,68128.0,66944.0,11.25
14.0,100.0,3300.0,2.31,97173.0,10872.0,8257.6,0.0,68128.0,66944.0,11.25
15.0,100.0,3299.999,2.35,97569.0,10296.0,8620.8,0.0,68128.0,66944.0,11.25
16.0,93.8,3299.999,2.3,97051.0,11016.0,7426.3,0.0,68128.0,66944.0,11.25
17.0,100.0,3299.999,2.33,97862.0,10872.0,7285.9,0.0,68128.0,66944.0,11.25
18.0,93.8,3300.0,2.32,93851.0,10656.0,7504.2,0.0,68128.0,66944.0,11.25
19.0,100.0,3300.0,2.27,97583.0,11016.0,7941.7,0.0,68128.0,66944.0,11.25
20.0,100.0,3299.999,2.31,97493.0,10872.0,8303.3,0.0,68128.0,66944.0,11.25
21.0,100.0,3300.0,2.32,97115.0,10728.0,7497.4,0.0,68128.0,66944.0,11.25
22.0,100.0,3300.0,2.32,97315.0,10872.0,7901.0,0.0,68128.0,66944.0,11.25
23.0,100.0,3300.0,2.35,93994.0,10584.0,7192.6,0.0,68128.0,66944.0,11.25
24.0,100.0,3299.999,2.3,96317.0,10800.0,7497.8,0.0,68128.0,66944.0,11.25
25.0,100.0,3300.0,2.3,96258.0,10800.0,7776.8,0.0,68128.0,66944.0,11.25
26.0,100.0,3300.0,2.33,96526.0,10440.0,7657.0,0.0,68128.0,66944.0,11.25
27.0,100.0,3299.999,2.31,96532.0,10512.0,8394.3,0.0,68128.0,66944.0,11.25
28.0,100.0,3300.0,2.34,97151.0,10440.0,8637.6,0.0,68128.0,66944.0,11.25
29.0,100.0,3300.0,2.33,97969.0,10440.0,7931.2,0.0,68128.0,66944.0,11.25
30.0,100.0,3300.0,2.36,93947.0,10728.0,8586.4,0.0,68128.0,66944.0,11.25
31.0,93.8,3300.0,2.32,97109.0,10728.0,7416.7,0.0,68128.0,66944.0,11.25
32.0,100.0,3299.999,2.28,96920.0,10728.0,7672.1,0.0,68128.0,66944.0,11.25
33.0,100.0,3300.001,2.27,97009.0,11088.0,7749.2,0.0,68128.0,66944.0,11.25
34.0,100.0,3299.999,2.3,97269.0,11160.0,7629.0,0.0,68128.0,66944.0,11.25
35.0,100.0,3300.0,2.34,96984.0,10440.0,7393.1,0.0,68128.0,66944.0,11.25
36.0,100.0,3300.0,2.31,96443.0,10800.0,7425.8,0.0,68128.0,66944.0,11.25
37.0,100.0,3300.001,2.34,96302.0,10656.0,7684.1,0.0,68128.0,66944.0,11.25
38.0,100.0,3299.999,2.33,96424.0,10440.0,8064.8,0.0,68128.0,66944.0,11.25
39.0,100.0,3300.0,2.35,95140.0,10584.0,7426.5,0.0,68128.0,66944.0,11.25
