time,CPU_Utilization,Frequency,IPC,Misses,LLC,MBL,Memory_Footprint,Virt_Memory,Res_Memory,Allocated_Cache
0.0,100.0,3300.0,3.22,127.0,432.0,3.2,0.0,68128.0,67116.0,18.0
1.0,100.0,3299.999,1.93,77260.0,16704.0,6614.6,0.0,68128.0,67116.0,18.0
2.0,100.0,3299.999,2.32,82395.0,15912.0,7313.3,0.0,68128.0,67116.0,18.0
3.0,100.0,3300.0,2.34,75470.0,16704.0,5880.1,0.0,68128.0,67116.0,18.0
4.0,100.0,3300.0,2.36,73518.0,16776.0,5443.5,0.0,68128.0,67116.0,18.0
5.0,100.0,3299.999,2.39,69912.0,16704.0,5251.6,0.0,68128.0,67116.0,18.0
6.0,100.0,3300.0,2.33,72613.0,17424.0,5553.1,0.0,68128.0,67116.0,18.0
7.0,100.0,3299.999,2.37,71833.0,17280.0,5370.0,0.0,68128.0,67116.0,18.0
8.0,100.0,3300.0,2.4,72473.0,16848.0,5222.5,0.0,68128.0,67116.0,18.0
9.0,100.0,3299.999,2.41,71549.0,17064.0,5253.0,0.0,68128.0,67116.0,18.0
10.0,100.0,3300.0,2.37,72087.0,17424.0,5412.4,0.0,68128.0,67116.0,18.0
11.0,100.0,3300.0,2.36,69570.0,16992.0,5458.6,0.0,68128.0,67116.0,18.0
12.0,100.0,3299.999,2.34,70442.0,17064.0,5842.3,0.0,68128.0,67116.0,18.0
13.0,100.0,3300.0,2.38,71740.0,17352.0,5411.2,0.0,68128.0,67116.0,18.0
14.0,93.8,3299.999,2.39,70127.0,17280.0,5372.9,0.0,68128.0,67116.0,18.0
15.0,100.0,3300.0,2.37,69683.0,17136.0,6134.3,0.0,68128.0,67116.0,18.0
16.0,100.0,3299.999,2.38,71142.0,17280.0,5191.3,0.0,68128.0,67116.0,18.0
17.0,100.0,3300.0,2.33,70849.0,17280.0,5274.6,0.0,68128.0,67116.0,18.0
18.0,100.0,3300.0,2.37,71749.0,17568.0,5326.5,0.0,68128.0,67116.0,18.0
19.0,100.0,3299.999,2.38,71342.0,17208.0,5392.1,0.0,68128.0,67116.0,18.0
20.0,100.0,3299.999,2.37,69181.0,17280.0,5738.8,0.0,68128.0,67116.0,18.0
21.0,100.0,3299.999,2.35,70908.0,17136.0,5531.1,0.0,68128.0,67116.0,18.0
22.0,100.0,3299.999,2.39,70895.0,17136.0,5287.5,0.0,68128.0,67116.0,18.0
23.0,100.0,3300.0,2.39,71610.0,17208.0,5213.2,0.0,68128.0,67116.0,18.0
24.0,100.0,3300.0,2.4,71194.0,16992.0,5357.3,0.0,68128.0,67116.0,18.0
25.0,100.0,3299.999,2.38,70365.0,16992.0,5463.4,0.0,68128.0,67116.0,18.0
26.0,100.0,3300.0,2.4,68900.0,17424.0,5266.9,0.0,68128.0,67116.0,18.0
27.0,100.0,3299.999,2.36,70160.0,17208.0,6045.7,0.0,68128.0,67116.0,18.0
28.0,100.0,3300.0,2.35,70274.0,17568.0,5914.8,0.0,68128.0,67116.0,18.0
29.0,100.0,3299.999,2.37,70816.0,17568.0,5839.3,0.0,68128.0,67116.0,18.0
30.0,100.0,3300.0,2.34,70968.0,17424.0,5243.4,0.0,68128.0,67116.0,18.0
31.0,100.0,3299.999,2.37,71007.0,17280.0,5066.9,0.0,68128.0,67116.0,18.0
32.0,100.0,3300.0,2.36,68845.0,16992.0,5317.1,0.0,68128.0,67116.0,18.0
33.0,100.0,3300.0,2.33,70936.0,17568.0,5474.8,0.0,68128.0,67116.0,18.0
34.0,100.0,3299.999,2.38,71131.0,16848.0,5343.8,0.0,68128.0,67116.0,18.0
35.0,100.0,3299.999,2.39,70716.0,17640.0,5177.2,0.0,68128.0,67116.0,18.0
36.0,100.0,3300.0,2.38,70308.0,17352.0,5184.6,0.0,68128.0,67116.0,18.0
37.0,100.0,3300.0,2.39,70222.0,17208.0,5576.6,0.0,68128.0,67116.0,18.0
38.0,100.0,3299.999,2.41,70663.0,17136.0,5186.5,0.0,68128.0,67116.0,18.0
39.0,100.0,3300.0,2.38,67948.0,17280.0,5582.5,0.0,68128.0,67116.0,18.0
