time,CPU_Utilization,Frequency,IPC,Misses,LLC,MBL,Memory_Footprint,Virt_Memory,Res_Memory,Allocated_Cache
0.0,100.0,3300.0,2.28,78.0,216.0,0.3,0.0,68128.0,67004.0,4.5
1.0,100.0,3300.0,1.81,93696.0,4320.0,7147.8,0.0,68128.0,67004.0,4.5
2.0,100.0,3300.0,2.27,121349.0,4608.0,9862.7,0.0,68128.0,67004.0,4.5
3.0,93.8,3300.0,2.23,124020.0,4248.0,9811.5,0.0,68128.0,67004.0,4.5
4.0,100.0,3300.0,2.25,123701.0,4464.0,9497.0,0.0,68128.0,67004.0,4.5
5.0,100.0,3300.0,2.27,123859.0,4464.0,9363.8,0.0,68128.0,67004.0,4.5
6.0,100.0,3300.0,2.3,118937.0,4608.0,9008.2,0.0,68128.0,67004.0,4.5
7.0,100.0,3299.999,2.24,123127.0,4320.0,9381.3,0.0,68128.0,67004.0,4.5
8.0,100.0,3300.0,2.26,122935.0,4320.0,9663.5,0.0,68128.0,67004.0,4.5
9.0,100.0,3300.0,2.29,121986.0,4536.0,8892.6,0.0,68128.0,67004.0,4.5
10.0,100.0,3299.999,2.24,122538.0,4248.0,9577.3,0.0,68128.0,67004.0,4.5
11.0,100.0,3299.999,2.27,122775.0,4392.0,9591.3,0.0,68128.0,67004.0,4.5
12.0,100.0,3300.0,2.27,124089.0,4464.0,9576.7,0.0,68128.0,67004.0,4.5
13.0,100.0,3300.0,2.3,119371.0,4536.0,9428.1,0.0,68128.0,67004.0,4.5
14.0,100.0,3300.0,2.24,123294.0,4536.0,9990.1,0.0,68128.0,67004.0,4.5
15.0,100.0,3300.0,2.27,122839.0,4608.0,10511.0,0.0,68128.0,67004.0,4.5
16.0,100.0,3299.999,2.29,123008.0,4464.0,10379.0,0.0,68128.0,67004.0,4.5
17.0,100.0,3299.999,2.27,122394.0,4392.0,8857.0,0.0,68128.0,67004.0,4.5
18.0,100.0,3300.0,2.25,123385.0,4464.0,9423.0,0.0,68128.0,67004.0,4.5
19.0,100.0,3300.0,2.27,123516.0,4392.0,9271.4,0.0,68128.0,67004.0,4.5
20.0,100.0,3299.999,2.3,119246.0,4392.0,9713.5,0.0,68128.0,67004.0,4.5
21.0,100.0,3299.999,2.23,123607.0,4464.0,10119.5,0.0,68128.0,67004.0,4.5
22.0,100.0,3299.999,2.27,122870.0,4608.0,10016.9,0.0,68128.0,67004.0,4.5
23.0,100.0,3299.999,2.28,122678.0,4536.0,9048.0,0.0,68128.0,67004.0,4.5
24.0,100.0,3300.0,2.28,122464.0,4680.0,9099.5,0.0,68128.0,67004.0,4.5
25.0,93.8,3300.0,2.29,122798.0,4464.0,9409.8,0.0,68128.0,67004.0,4.5
26.0,100.0,3299.999,2.28,122577.0,4536.0,9660.0,0.0,68128.0,67004.0,4.5
27.0,100.0,3300.0,2.3,121551.0,4536.0,9300.4,0.0,68128.0,67004.0,4.5
28.0,100.0,3300.0,2.31,120745.0,4392.0,10362.7,0.0,68128.0,67004.0,4.5
29.0,100.0,3300.0,2.25,121944.0,4248.0,9922.5,0.0,68128.0,67004.0,4.5
30.0,93.8,3299.999,2.27,122869.0,4680.0,10387.8,0.0,68128.0,67004.0,4.5
31.0,100.0,3299.999,2.28,124175.0,4248.0,10655.4,0.0,68128.0,67004.0,4.5
32.0,93.8,3299.999,2.28,122944.0,4536.0,8907.8,0.0,68128.0,67004.0,4.5
33.0,100.0,3300.0,2.26,123202.0,4248.0,9230.1,0.0,68128.0,67004.0,4.5
34.0,100.0,3299.999,2.26,123793.0,4464.0,9294.2,0.0,68128.0,67004.0,4.5
35.0,100.0,3300.0,2.27,120130.0,4752.0,9078.0,0.0,68128.0,67004.0,4.5
36.0,100.0,3300.0,2.28,123186.0,4536.0,9197.5,0.0,68128.0,67004.0,4.5
37.0,100.0,3300.0,2.28,120438.0,4536.0,9136.8,0.0,68128.0,67004.0,4.5
38.0,100.0,3299.999,2.29,123079.0,4536.0,10272.4,0.0,68128.0,67004.0,4.5
39.0,100.0,3299.999,2.29,122720.0,4752.0,9577.2,0.0,68128.0,67004.0,4.5
