time,CPU_Utilization,Frequency,IPC,Misses,LLC,MBL,Memory_Footprint,Virt_Memory,Res_Memory,Allocated_Cache
0.0,100.0,3299.999,3.2,150.0,360.0,7.4,0.0,70180.0,67084.0,24.75
1.0,100.0,3300.0,2.06,48807.0,24408.0,4227.3,0.0,68128.0,67080.0,24.75
2.0,100.0,3299.999,2.45,60815.0,24696.0,5475.4,0.0,68128.0,67080.0,24.75
3.0,100.0,3300.0,2.5,59940.0,24552.0,5160.5,0.0,68128.0,67080.0,24.75
4.0,100.0,3300.0,2.54,56813.0,24768.0,5002.2,0.0,68128.0,67080.0,24.75
5.0,100.0,3299.999,2.45,57126.0,24192.0,5409.4,0.0,68128.0,67080.0,24.75
6.0,100.0,3299.999,2.52,56963.0,24408.0,4847.5,0.0,68128.0,67080.0,24.75
7.0,100.0,3299.999,2.54,54815.0,24624.0,4738.9,0.0,68128.0,67080.0,24.75
8.0,100.0,3299.999,2.52,55151.0,23904.0,4744.9,0.0,68128.0,67080.0,24.75
9.0,100.0,3300.0,2.53,55305.0,23688.0,4899.5,0.0,68128.0,67080.0,24.75
10.0,100.0,3299.999,2.52,54727.0,23976.0,4834.3,0.0,68128.0,67080.0,24.75
11.0,100.0,3299.999,2.52,52749.0,23544.0,4698.5,0.0,68128.0,67080.0,24.75
12.0,100.0,3299.999,2.5,53937.0,24120.0,5067.1,0.0,68128.0,67080.0,24.75
13.0,93.8,3299.999,2.54,54086.0,23688.0,4797.8,0.0,68128.0,67080.0,24.75
14.0,100.0,3299.999,2.55,50891.0,23616.0,4992.8,0.0,68128.0,67080.0,24.75
15.0,100.0,3300.0,2.53,53456.0,23616.0,4493.5,0.0,68128.0,67080.0,24.75
16.0,93.8,3300.0,2.48,52977.0,23472.0,4591.5,0.0,68128.0,67080.0,24.75
17.0,93.8,3299.999,2.52,53223.0,23688.0,4545.0,0.0,68128.0,67080.0,24.75
18.0,100.0,3299.999,2.57,51054.0,23616.0,4594.8,0.0,68128.0,67080.0,24.75
19.0,100.0,3300.0,2.49,52575.0,23256.0,4897.5,0.0,68128.0,67080.0,24.75
20.0,100.0,3300.0,2.54,52228.0,23760.0,4592.0,0.0,68128.0,67080.0,24.75
21.0,100.0,3300.0,2.58,52489.0,23976.0,4283.3,0.0,68128.0,67080.0,24.75
22.0,100.0,3299.999,2.55,49912.0,23976.0,4199.0,0.0,68128.0,67080.0,24.75
23.0,100.0,3300.0,2.52,51176.0,23256.0,4617.8,0.0,68128.0,67080.0,24.75
24.0,100.0,3299.999,2.57,51078.0,24192.0,4380.1,0.0,68128.0,67080.0,24.75
25.0,100.0,3300.0,2.55,51384.0,23976.0,4827.8,0.0,68128.0,67080.0,24.75
26.0,100.0,3300.0,2.55,49603.0,23688.0,4424.2,0.0,68128.0,67080.0,24.75
27.0,100.0,3299.999,2.49,50361.0,23616.0,4769.9,0.0,68128.0,67080.0,24.75
28.0,100.0,3300.0,2.52,50601.0,23400.0,4671.5,0.0,68128.0,67080.0,24.75
29.0,93.8,3299.999,2.53,50764.0,23760.0,4112.4,0.0,68128.0,67080.0,24.75
30.0,100.0,3300.0,2.54,49022.0,23256.0,4100.7,0.0,68128.0,67080.0,24.75
31.0,100.0,3300.0,2.5,50665.0,23544.0,4335.4,0.0,68128.0,67080.0,24.75
32.0,100.0,3300.0,2.57,50481.0,23472.0,4032.7,0.0,68128.0,67080.0,24.75
33.0,100.0,3300.0,2.59,50678.0,23976.0,3976.9,0.0,68128.0,67080.0,24.75
34.0,100.0,3300.0,2.6,48157.0,23256.0,3993.7,0.0,68128.0,67080.0,24.75
35.0,100.0,3299.999,2.53,49411.0,23976.0,3992.1,0.0,68128.0,67080.0,24.75
36.0,100.0,3300.0,2.54,49451.0,24120.0,3904.0,0.0,68128.0,67080.0,24.75
37.0,100.0,3299.999,2.59,49317.0,24192.0,4137.4,0.0,68128.0,67080.0,24.75
38.0,100.0,3299.999,2.54,49090.0,23832.0,3888.6,0.0,68128.0,67080.0,24.75
39.0,100.0,3300.0,2.6,46986.0,23688.0,3996.8,0.0,68128.0,67080.0,24.75
40.0,100.0,3299.999,2.57,48335.0,23688.0,4021.1,0.0,68128.0,67080.0,24.75
41.0,93.8,3299.999,2.54,48474.0,23760.0,4309.8,0.0,68128.0,67080.0,24.75
42.0,100.0,3299.999,2.57,47934.0,24264.0,4195.3,0.0,68128.0,67080.0,24.75
43.0,100.0,3300.0,2.56,47219.0,23976.0,4280.8,0.0,68128.0,67080.0,24.75
44.0,93.8,3299.999,2.56,46555.0,23832.0,4253.3,0.0,68128.0,67080.0,24.75
45.0,100.0,3300.0,2.56,47257.0,24120.0,4354.0,0.0,68128.0,67080.0,24.75
46.0,100.0,3299.999,2.58,46801.0,23904.0,4564.8,0.0,68128.0,67080.0,24.75
47.0,100.0,3300.0,2.57,47159.0,23544.0,4660.6,0.0,68128.0,67080.0,24.75
48.0,100.0,3300.0,2.59,45577.0,23616.0,4554.0,0.0,68128.0,67080.0,24.75
49.0,100.0,3299.999,2.54,46974.0,23976.0,4352.0,0.0,68128.0,67080.0,24.75
50.0,100.0,3300.0,2.56,47021.0,23184.0,4281.3,0.0,68128.0,67080.0,24.75
51.0,100.0,3300.0,2.58,45751.0,23688.0,4295.4,0.0,68128.0,67080.0,24.75
52.0,100.0,3299.999,2.6,45525.0,23112.0,4250.7,0.0,68128.0,67080.0,24.75
53.0,100.0,3299.999,2.59,43820.0,23328.0,4200.0,0.0,68128.0,67080.0,24.75
54.0,93.8,3300.0,2.57,45524.0,23112.0,4281.2,0.0,68128.0,67080.0,24.75
55.0,100.0,3300.0,2.56,45193.0,23472.0,4058.7,0.0,68128.0,67080.0,24.75
56.0,100.0,3299.999,2.59,45023.0,23544.0,4106.0,0.0,68128.0,67080.0,24.75
57.0,100.0,3300.0,2.6,44703.0,23472.0,3904.2,0.0,68128.0,67080.0,24.75
58.0,100.0,3300.007,2.6,43368.0,23472.0,4128.2,0.0,68128.0,67080.0,24.75
59.0,100.0,3299.999,2.54,44632.0,23328.0,4278.7,0.0,68128.0,67080.0,24.75
60.0,100.0,3299.999,2.54,44937.0,24048.0,4286.3,0.0,68128.0,67080.0,24.75
61.0,100.0,3299.999,2.61,44648.0,23472.0,4030.2,0.0,68128.0,67080.0,24.75
62.0,100.0,3300.0,2.62,43085.0,23832.0,4065.5,0.0,68128.0,67080.0,24.75
63.0,100.0,3300.0,2.57,44323.0,23400.0,4139.9,0.0,68128.0,67080.0,24.75
64.0,93.8,3299.999,2.56,44329.0,23328.0,4280.5,0.0,68128.0,67080.0,24.75
65.0,93.8,3300.0,2.62,44014.0,23112.0,3984.3,0.0,68128.0,67080.0,24.75
66.0,100.0,3299.999,2.56,43769.0,23544.0,3976.6,0.0,68128.0,67080.0,24.75
67.0,100.0,3299.999,2.57,42434.0,23832.0,3918.0,0.0,68128.0,67080.0,24.75
68.0,93.8,3300.0,2.49,42936.0,23688.0,4114.1,0.0,68128.0,67080.0,24.75
69.0,93.8,3299.999,2.48,43391.0,23544.0,4057.6,0.0,68128.0,67080.0,24.75
70.0,100.0,3300.0,2.54,43605.0,23544.0,4063.7,0.0,68128.0,67080.0,24.75
71.0,100.0,3299.999,2.52,43075.0,23688.0,3985.0,0.0,68128.0,67080.0,24.75
72.0,100.0,3300.008,2.56,41790.0,23472.0,3908.0,0.0,68128.0,67080.0,24.75
73.0,100.0,3299.999,2.51,43091.0,23472.0,3810.7,0.0,68128.0,67080.0,24.75
74.0,100.0,3300.0,2.53,43225.0,23400.0,3982.1,0.0,68128.0,67080.0,24.75
75.0,100.0,3300.0,2.51,42905.0,23472.0,3965.3,0.0,68128.0,67080.0,24.75
76.0,100.0,3299.999,2.54,42514.0,23616.0,3973.4,0.0,68128.0,67080.0,24.75
77.0,100.0,3300.0,2.48,41874.0,23904.0,3863.5,0.0,68128.0,67080.0,24.75
78.0,100.0,3299.999,2.56,42761.0,23328.0,4006.1,0.0,68128.0,67080.0,24.75
79.0,100.0,3299.999,2.53,41320.0,23400.0,3912.4,0.0,68128.0,67080.0,24.75
80.0,100.0,3300.0,2.48,43054.0,23544.0,4155.8,0.0,68128.0,67080.0,24.75
81.0,100.0,3299.999,2.53,42976.0,23184.0,4119.2,0.0,68128.0,67080.0,24.75
82.0,100.0,3299.999,2.6,43275.0,23328.0,3974.6,0.0,68128.0,67080.0,24.75
83.0,100.0,3299.999,2.52,42012.0,23472.0,3827.3,0.0,68128.0,67080.0,24.75
84.0,100.0,3300.0,2.51,40482.0,23616.0,3811.6,0.0,68128.0,67080.0,24.75
85.0,100.0,3299.999,2.5,42271.0,24120.0,3841.7,0.0,68128.0,67080.0,24.75
86.0,100.0,3299.984,2.51,42437.0,23256.0,3969.1,0.0,68128.0,67080.0,24.75
87.0,100.0,3300.0,2.47,42184.0,23688.0,3878.5,0.0,68128.0,67080.0,24.75
88.0,100.0,3300.0,2.49,42193.0,23688.0,3899.1,0.0,68128.0,67080.0,24.75
89.0,100.0,3300.0,2.51,41990.0,23688.0,3863.1,0.0,68128.0,67080.0,24.75
90.0,100.0,3300.0,2.53,40979.0,23472.0,3599.9,0.0,68128.0,67080.0,24.75
91.0,100.0,3299.999,2.48,41401.0,23544.0,3845.7,0.0,68128.0,67080.0,24.75
92.0,100.0,3299.999,2.43,42284.0,23832.0,3988.8,0.0,68128.0,67080.0,24.75
93.0,100.0,3300.0,2.46,42500.0,23544.0,3944.6,0.0,68128.0,67080.0,24.75
94.0,100.0,3300.0,2.5,41992.0,23328.0,3776.1,0.0,68128.0,67080.0,24.75
95.0,100.0,3300.0,2.5,42033.0,23544.0,3671.2,0.0,68128.0,67080.0,24.75
96.0,100.0,3299.999,2.53,40760.0,24264.0,3732.4,0.0,68128.0,67080.0,24.75
97.0,100.0,3300.0,2.47,42053.0,23688.0,3883.6,0.0,68128.0,67080.0,24.75
98.0,100.0,3299.999,2.46,42711.0,23544.0,4103.4,0.0,68128.0,67080.0,24.75
99.0,93.8,3300.0,2.55,43804.0,23616.0,3916.4,0.0,68128.0,67080.0,24.75
100.0,100.0,3300.0,2.56,43750.0,23616.0,4053.7,0.0,68128.0,67080.0,24.75
101.0,100.0,3299.999,2.51,40713.0,23976.0,3873.7,0.0,68128.0,67080.0,24.75
102.0,100.0,3299.999,2.51,42621.0,24048.0,4091.5,0.0,68128.0,67080.0,24.75
103.0,93.8,3300.0,2.49,42331.0,23688.0,3976.2,0.0,68128.0,67080.0,24.75
104.0,100.0,3300.0,2.51,42277.0,23688.0,3848.6,0.0,68128.0,67080.0,24.75
105.0,100.0,3299.999,2.5,42337.0,23976.0,4001.8,0.0,68128.0,67080.0,24.75
106.0,100.0,3299.999,2.5,41310.0,23904.0,3977.6,0.0,68128.0,67080.0,24.75
107.0,100.0,3299.999,2.48,42248.0,23616.0,3895.3,0.0,68128.0,67080.0,24.75
108.0,100.0,3300.0,2.52,41529.0,23760.0,3842.1,0.0,68128.0,67080.0,24.75
109.0,100.0,3299.999,2.48,42676.0,23832.0,4002.9,0.0,68128.0,67080.0,24.75
110.0,100.0,3300.0,2.51,43483.0,23328.0,4080.7,0.0,68128.0,67080.0,24.75
111.0,100.0,3299.999,2.49,43477.0,23688.0,4137.7,0.0,68128.0,67080.0,24.75
112.0,100.0,3300.0,2.53,41355.0,23616.0,3802.1,0.0,68128.0,67080.0,24.75
113.0,100.0,3299.999,2.51,42879.0,23256.0,3990.6,0.0,68128.0,67080.0,24.75
114.0,100.0,3299.999,2.52,43224.0,23688.0,4074.4,0.0,68128.0,67080.0,24.75
115.0,93.8,3300.0,2.55,44137.0,23472.0,4127.1,0.0,68128.0,67080.0,24.75
116.0,93.8,3300.0,2.58,42758.0,23760.0,3655.7,0.0,68128.0,67080.0,24.75
117.0,93.8,3299.999,2.58,42240.0,23688.0,3262.3,0.0,68128.0,67080.0,24.75
118.0,100.0,3300.0,2.53,40646.0,24336.0,3359.7,0.0,68128.0,67080.0,24.75
119.0,100.0,3300.0,2.49,42547.0,23544.0,3620.5,0.0,68128.0,67080.0,24.75
120.0,100.0,3299.999,2.51,42685.0,23544.0,3575.1,0.0,68128.0,67080.0,24.75
121.0,100.0,3300.0,2.5,42248.0,24120.0,3504.8,0.0,68128.0,67080.0,24.75
122.0,100.0,3299.999,2.53,41995.0,23616.0,3330.0,0.0,68128.0,67080.0,24.75
123.0,100.0,3300.0,2.46,40432.0,23688.0,3414.4,0.0,68128.0,67080.0,24.75
124.0,100.0,3299.999,2.46,41740.0,23544.0,3554.6,0.0,68128.0,67080.0,24.75
125.0,100.0,3300.0,2.46,42403.0,23400.0,3629.5,0.0,68128.0,67080.0,24.75
126.0,100.0,3299.999,2.48,42120.0,23472.0,3498.1,0.0,68128.0,67080.0,24.75
127.0,100.0,3300.0,2.47,40417.0,23616.0,3470.8,0.0,68128.0,67080.0,24.75
128.0,100.0,3299.999,2.5,41980.0,23904.0,3450.3,0.0,68128.0,67080.0,24.75
129.0,100.0,3299.999,2.49,42459.0,23328.0,3651.5,0.0,68128.0,67080.0,24.75
130.0,100.0,3300.0,2.51,41972.0,23904.0,3425.3,0.0,68128.0,67080.0,24.75
131.0,100.0,3299.999,2.5,42064.0,23904.0,3425.9,0.0,68128.0,67080.0,24.75
132.0,100.0,3300.0,2.59,41150.0,23616.0,3319.8,0.0,68128.0,67080.0,24.75
133.0,93.8,3299.999,2.59,42926.0,23904.0,3895.0,0.0,68128.0,67080.0,24.75
134.0,100.0,3300.0,2.5,42954.0,23472.0,4148.0,0.0,68128.0,67080.0,24.75
135.0,100.0,3299.999,2.55,43068.0,23760.0,4042.2,0.0,68128.0,67080.0,24.75
136.0,100.0,3299.999,2.57,41548.0,23904.0,3963.6,0.0,68128.0,67080.0,24.75
137.0,100.0,3299.999,2.5,43307.0,23472.0,4160.5,0.0,68128.0,67080.0,24.75
138.0,100.0,3300.0,2.54,43208.0,23688.0,3933.1,0.0,68128.0,67080.0,24.75
139.0,100.0,3300.0,2.56,41597.0,23472.0,3735.7,0.0,68128.0,67080.0,24.75
140.0,100.0,3300.0,2.53,42902.0,23328.0,3932.8,0.0,68128.0,67080.0,24.75
141.0,100.0,3299.999,2.53,42751.0,23472.0,3879.1,0.0,68128.0,67080.0,24.75
142.0,100.0,3300.0,2.55,42661.0,23832.0,3843.2,0.0,68128.0,67080.0,24.75
143.0,100.0,3299.999,2.53,41848.0,23688.0,3731.1,0.0,68128.0,67080.0,24.75
144.0,100.0,3299.999,2.55,43487.0,23904.0,3790.4,0.0,68128.0,67080.0,24.75
145.0,100.0,3299.999,2.58,43618.0,23832.0,3749.1,0.0,68128.0,67080.0,24.75
146.0,100.0,3300.0,2.52,41641.0,23616.0,3845.5,0.0,68128.0,67080.0,24.75
147.0,100.0,3300.0,2.54,42821.0,23976.0,3944.5,0.0,68128.0,67080.0,24.75
148.0,100.0,3300.0,2.56,43518.0,24120.0,3772.1,0.0,68128.0,67080.0,24.75
149.0,100.0,3299.999,2.56,41695.0,24192.0,3940.0,0.0,68128.0,67080.0,24.75
150.0,100.0,3300.0,2.53,42262.0,23616.0,4006.3,0.0,68128.0,67080.0,24.75
151.0,100.0,3299.999,2.52,42980.0,23760.0,4052.0,0.0,68128.0,67080.0,24.75
152.0,100.0,3300.0,2.57,43486.0,23904.0,4059.8,0.0,68128.0,67080.0,24.75
153.0,100.0,3299.999,2.52,41309.0,23904.0,3928.4,0.0,68128.0,67080.0,24.75
154.0,100.0,3299.999,2.52,43480.0,23328.0,3933.9,0.0,68128.0,67080.0,24.75
155.0,100.0,3300.0,2.57,43356.0,24120.0,3808.8,0.0,68128.0,67080.0,24.75
156.0,100.0,3300.0,2.58,40894.0,23688.0,3683.5,0.0,68128.0,67080.0,24.75
157.0,100.0,3299.999,2.52,42412.0,23976.0,3827.1,0.0,68128.0,67080.0,24.75
158.0,100.0,3300.0,2.5,42741.0,23904.0,3937.9,0.0,68128.0,67080.0,24.75
159.0,100.0,3299.999,2.56,42711.0,24336.0,3836.2,0.0,68128.0,67080.0,24.75
160.0,100.0,3300.0,2.56,42139.0,23544.0,3721.5,0.0,68128.0,67080.0,24.75
161.0,100.0,3300.0,2.5,43153.0,23976.0,3939.5,0.0,68128.0,67080.0,24.75
162.0,100.0,3299.999,2.58,43421.0,23688.0,3786.3,0.0,68128.0,67080.0,24.75
163.0,93.8,3300.0,2.55,42184.0,24048.0,3782.0,0.0,68128.0,67080.0,24.75
164.0,93.8,3299.999,2.59,43095.0,24120.0,3926.0,0.0,68128.0,67080.0,24.75
165.0,100.0,3299.999,2.59,43282.0,24192.0,3864.7,0.0,68128.0,67080.0,24.75
166.0,100.0,3299.999,2.55,42938.0,23904.0,3928.6,0.0,68128.0,67080.0,24.75
167.0,100.0,3300.0,2.57,41578.0,23904.0,3798.0,0.0,68128.0,67080.0,24.75
168.0,100.0,3299.999,2.51,43153.0,23760.0,4014.8,0.0,68128.0,67080.0,24.75
169.0,100.0,3300.0,2.55,42759.0,23760.0,3924.4,0.0,68128.0,67080.0,24.75
170.0,100.0,3299.999,2.52,44478.0,23328.0,4030.3,0.0,68128.0,67080.0,24.75
171.0,100.0,3300.0,2.53,42422.0,23544.0,3880.8,0.0,68128.0,67080.0,24.75
172.0,100.0,3300.0,2.53,43129.0,23760.0,3874.1,0.0,68128.0,67080.0,24.75
173.0,100.0,3299.999,2.52,43314.0,23760.0,3877.7,0.0,68128.0,67080.0,24.75
174.0,100.0,3299.999,2.54,43037.0,23688.0,3798.3,0.0,68128.0,67080.0,24.75
175.0,100.0,3299.999,2.57,43195.0,23688.0,3827.6,0.0,68128.0,67080.0,24.75
176.0,100.0,3300.0,2.54,42700.0,23472.0,3723.3,0.0,68128.0,67080.0,24.75
177.0,100.0,3300.0,2.52,41127.0,23328.0,3771.6,0.0,68128.0,67080.0,24.75
178.0,100.0,3299.999,2.52,43079.0,23760.0,4060.0,0.0,68128.0,67080.0,24.75
179.0,100.0,3300.0,2.58,43845.0,23616.0,3887.9,0.0,68128.0,67080.0,24.75
180.0,100.0,3300.0,2.59,43504.0,23976.0,3858.4,0.0,68128.0,67080.0,24.75
181.0,100.0,3300.0,2.57,41968.0,23904.0,3891.0,0.0,68128.0,67080.0,24.75
182.0,93.8,3300.0,2.51,42270.0,23688.0,4086.4,0.0,68128.0,67080.0,24.75
183.0,100.0,3300.0,2.56,42961.0,23976.0,4003.7,0.0,68128.0,67080.0,24.75
184.0,100.0,3300.0,2.58,43245.0,23904.0,4037.7,0.0,68128.0,67080.0,24.75
185.0,100.0,3299.999,2.56,41388.0,23400.0,3890.9,0.0,68128.0,67080.0,24.75
186.0,100.0,3300.0,2.55,42929.0,24048.0,3910.4,0.0,68128.0,67080.0,24.75
187.0,93.8,3300.0,2.54,42784.0,23904.0,3931.8,0.0,68128.0,67080.0,24.75
188.0,100.0,3300.0,2.58,42715.0,23256.0,3758.7,0.0,68128.0,67080.0,24.75
189.0,100.0,3299.999,2.57,42979.0,23688.0,3828.7,0.0,68128.0,67080.0,24.75
190.0,100.0,3300.0,2.57,42385.0,23760.0,3889.6,0.0,68128.0,67080.0,24.75
191.0,100.0,3300.0,2.56,42236.0,23904.0,3848.3,0.0,68128.0,67080.0,24.75
192.0,100.0,3299.999,2.56,42927.0,23544.0,3820.8,0.0,68128.0,67080.0,24.75
193.0,100.0,3299.999,2.57,42442.0,23616.0,3753.2,0.0,68128.0,67080.0,24.75
194.0,93.8,3300.0,2.56,42847.0,23688.0,3967.9,0.0,68128.0,67080.0,24.75
195.0,100.0,3299.999,2.61,41867.0,23616.0,3865.9,0.0,68128.0,67080.0,24.75
196.0,100.0,3300.0,2.6,43117.0,23832.0,3999.6,0.0,68128.0,67080.0,24.75
197.0,100.0,3300.0,2.54,43577.0,23760.0,3850.5,0.0,68128.0,67080.0,24.75
198.0,100.0,3299.999,2.59,43444.0,23616.0,3719.4,0.0,68128.0,67080.0,24.75
199.0,100.0,3300.0,2.6,42775.0,23544.0,3622.6,0.0,68128.0,67080.0,24.75
200.0,100.0,3299.999,2.52,41206.0,23688.0,3641.6,0.0,68128.0,67080.0,24.75
201.0,100.0,3300.0,2.47,42741.0,23976.0,3839.5,0.0,68128.0,67080.0,24.75
202.0,100.0,3299.999,2.53,42922.0,23544.0,3742.6,0.0,68128.0,67080.0,24.75
203.0,93.8,3300.0,2.57,42824.0,23616.0,3626.5,0.0,68128.0,67080.0,24.75
204.0,100.0,3299.999,2.55,41678.0,23616.0,3620.4,0.0,68128.0,67080.0,24.75
205.0,100.0,3299.999,2.57,42275.0,23544.0,3544.5,0.0,68128.0,67080.0,24.75
206.0,100.0,3300.0,2.51,42806.0,23616.0,3817.0,0.0,68128.0,67080.0,24.75
207.0,100.0,3299.999,2.56,42873.0,23976.0,3783.4,0.0,68128.0,67080.0,24.75
208.0,100.0,3300.0,2.55,43068.0,23544.0,3726.2,0.0,68128.0,67080.0,24.75
209.0,100.0,3299.999,2.58,41341.0,23832.0,3513.7,0.0,68128.0,67080.0,24.75
210.0,93.8,3299.999,2.56,42674.0,23544.0,3702.2,0.0,68128.0,67080.0,24.75
211.0,93.8,3299.999,2.57,42646.0,24048.0,3734.0,0.0,68128.0,67080.0,24.75
212.0,100.0,3300.0,2.61,43048.0,23904.0,3673.8,0.0,68128.0,67080.0,24.75
213.0,100.0,3300.0,2.59,43402.0,23400.0,3603.2,0.0,68128.0,67080.0,24.75
214.0,100.0,3300.0,2.53,41766.0,23832.0,3843.8,0.0,68128.0,67080.0,24.75
215.0,100.0,3299.999,2.53,43284.0,24120.0,3850.6,0.0,68128.0,67080.0,24.75
216.0,100.0,3299.999,2.61,42575.0,24120.0,3823.5,0.0,68128.0,67080.0,24.75
217.0,100.0,3300.0,2.51,41761.0,23544.0,3871.5,0.0,68128.0,67080.0,24.75
218.0,100.0,3299.999,2.54,42693.0,23904.0,3858.3,0.0,68128.0,67080.0,24.75
219.0,100.0,3300.0,2.58,42550.0,23688.0,3783.6,0.0,68128.0,67080.0,24.75
220.0,100.0,3300.0,2.57,43036.0,24048.0,3828.0,0.0,68128.0,67080.0,24.75
221.0,100.0,3299.999,2.59,42667.0,23760.0,3828.4,0.0,68128.0,67080.0,24.75
222.0,100.0,3300.0,2.53,41753.0,23616.0,3908.9,0.0,68128.0,67080.0,24.75
223.0,100.0,3300.0,2.54,43082.0,23904.0,4108.4,0.0,68128.0,67080.0,24.75
224.0,100.0,3299.999,2.55,43132.0,23760.0,4005.9,0.0,68128.0,67080.0,24.75
225.0,100.0,3299.999,2.57,41188.0,23904.0,3754.8,0.0,68128.0,67080.0,24.75
226.0,100.0,3299.999,2.52,42970.0,23832.0,4012.2,0.0,68128.0,67080.0,24.75
227.0,100.0,3300.0,2.56,43096.0,23904.0,3998.4,0.0,68128.0,67080.0,24.75
228.0,100.0,3300.0,2.57,43279.0,24048.0,3958.4,0.0,68128.0,67080.0,24.75
229.0,100.0,3299.999,2.64,41747.0,23832.0,3786.4,0.0,68128.0,67080.0,24.75
230.0,100.0,3300.0,2.56,44703.0,23616.0,4032.4,0.0,68128.0,67080.0,24.75
231.0,100.0,3299.999,2.53,43816.0,23904.0,3967.4,0.0,68128.0,67080.0,24.75
232.0,100.0,3300.0,2.6,43629.0,23688.0,3947.3,0.0,68128.0,67080.0,24.75
233.0,100.0,3299.999,2.59,44014.0,23544.0,3894.5,0.0,68128.0,67080.0,24.75
234.0,100.0,3300.0,2.57,41981.0,23616.0,3829.9,0.0,68128.0,67080.0,24.75
235.0,100.0,3300.0,2.53,43486.0,23472.0,3938.8,0.0,68128.0,67080.0,24.75
236.0,93.8,3300.0,2.52,43066.0,23040.0,3822.0,0.0,68128.0,67080.0,24.75
237.0,93.8,3299.999,2.61,43059.0,23472.0,3826.8,0.0,68128.0,67080.0,24.75
238.0,100.0,3299.999,2.55,43586.0,23400.0,3947.9,0.0,68128.0,67080.0,24.75
239.0,100.0,3300.0,2.54,41720.0,23400.0,3833.9,0.0,68128.0,67080.0,24.75
240.0,100.0,3300.0,2.5,43066.0,23400.0,3954.9,0.0,68128.0,67080.0,24.75
241.0,93.8,3300.0,2.56,43053.0,23184.0,3869.3,0.0,68128.0,67080.0,24.75
242.0,100.0,3299.999,2.59,42824.0,23616.0,3786.3,0.0,68128.0,67080.0,24.75
243.0,100.0,3300.0,2.59,43200.0,23616.0,3968.0,0.0,68128.0,67080.0,24.75
244.0,100.0,3299.999,2.57,41941.0,23400.0,3892.8,0.0,68128.0,67080.0,24.75
245.0,100.0,3300.0,2.55,43192.0,23328.0,4102.5,0.0,68128.0,67080.0,24.75
246.0,100.0,3299.999,2.59,43484.0,23832.0,3982.1,0.0,68128.0,67080.0,24.75
247.0,100.0,3300.0,2.6,43181.0,23328.0,4045.6,0.0,68128.0,67080.0,24.75
248.0,100.0,3300.0,2.58,41546.0,23976.0,3887.9,0.0,68128.0,67080.0,24.75
249.0,100.0,3299.999,2.55,42623.0,23472.0,4023.7,0.0,68128.0,67080.0,24.75
250.0,100.0,3300.0,2.56,42964.0,23976.0,4004.9,0.0,68128.0,67080.0,24.75
251.0,100.0,3300.0,2.58,42623.0,23688.0,3908.8,0.0,68128.0,67080.0,24.75
252.0,100.0,3300.009,2.57,42929.0,23688.0,3977.2,0.0,68128.0,67080.0,24.75
253.0,100.0,3300.0,2.53,40872.0,23472.0,3760.1,0.0,68128.0,67080.0,24.75
254.0,100.0,3299.999,2.56,42263.0,23328.0,3879.1,0.0,68128.0,67080.0,24.75
255.0,100.0,3300.0,2.52,42720.0,23400.0,4046.6,0.0,68128.0,67080.0,24.75
256.0,100.0,3299.999,2.55,42881.0,23544.0,4028.5,0.0,68128.0,67080.0,24.75
257.0,100.0,3300.0,2.54,42836.0,23760.0,4048.9,0.0,68128.0,67080.0,24.75
258.0,100.0,3299.999,2.59,41276.0,23976.0,3814.1,0.0,68128.0,67080.0,24.75
259.0,100.0,3300.0,2.54,42925.0,23904.0,4081.9,0.0,68128.0,67080.0,24.75
260.0,100.0,3299.999,2.54,42463.0,24264.0,3938.8,0.0,68128.0,67080.0,24.75
261.0,100.0,3300.0,2.59,42778.0,23472.0,4064.2,0.0,68128.0,67080.0,24.75
262.0,100.0,3299.999,2.62,43306.0,23328.0,3885.2,0.0,68128.0,67080.0,24.75
263.0,100.0,3299.999,2.61,42786.0,23760.0,3927.5,0.0,68128.0,67080.0,24.75
264.0,100.0,3300.0,2.54,41022.0,23760.0,3869.9,0.0,68128.0,67080.0,24.75
265.0,100.0,3300.0,2.53,42896.0,23544.0,4142.1,0.0,68128.0,67080.0,24.75
266.0,100.0,3300.0,2.58,42971.0,23688.0,3964.9,0.0,68128.0,67080.0,24.75
267.0,100.0,3299.999,2.57,42768.0,23832.0,3957.6,0.0,68128.0,67080.0,24.75
268.0,93.8,3299.999,2.58,41453.0,23544.0,3893.3,0.0,68128.0,67080.0,24.75
269.0,100.0,3300.0,2.53,42590.0,23832.0,4032.2,0.0,68128.0,67080.0,24.75
270.0,93.8,3299.999,2.55,42196.0,23832.0,3797.5,0.0,68128.0,67080.0,24.75
271.0,100.0,3299.999,2.56,42881.0,23904.0,3906.7,0.0,68128.0,67080.0,24.75
272.0,100.0,3299.999,2.57,42720.0,23328.0,3936.1,0.0,68128.0,67080.0,24.75
273.0,100.0,3300.0,2.62,42822.0,23832.0,3938.6,0.0,68128.0,67080.0,24.75
274.0,100.0,3299.999,2.56,41296.0,23328.0,3816.0,0.0,68128.0,67080.0,24.75
275.0,100.0,3300.0,2.53,42591.0,23400.0,3913.9,0.0,68128.0,67080.0,24.75
276.0,100.0,3300.0,2.58,42935.0,23760.0,3929.8,0.0,68128.0,67080.0,24.75
277.0,100.0,3300.0,2.56,42841.0,23904.0,4029.7,0.0,68128.0,67080.0,24.75
278.0,100.0,3299.999,2.62,41611.0,23832.0,3864.7,0.0,68128.0,67080.0,24.75
279.0,100.0,3299.999,2.59,42892.0,23976.0,4011.5,0.0,68128.0,67080.0,24.75
280.0,100.0,3299.999,2.56,43012.0,23832.0,4031.7,0.0,68128.0,67080.0,24.75
281.0,93.8,3300.0,2.63,42836.0,23472.0,4049.2,0.0,68128.0,67080.0,24.75
282.0,100.0,3300.0,2.58,42639.0,23976.0,3983.9,0.0,68128.0,67080.0,24.75
283.0,100.0,3299.999,2.62,41743.0,23544.0,3842.6,0.0,68128.0,67080.0,24.75
284.0,100.0,3299.999,2.53,42801.0,23544.0,4076.9,0.0,68128.0,67080.0,24.75
285.0,100.0,3300.0,2.55,42877.0,23544.0,4007.4,0.0,68128.0,67080.0,24.75
286.0,100.0,3300.0,2.62,42822.0,23688.0,3864.2,0.0,68128.0,67080.0,24.75
287.0,100.0,3299.999,2.59,42713.0,24192.0,3876.8,0.0,68128.0,67080.0,24.75
288.0,100.0,3300.0,2.56,42475.0,23544.0,3961.4,0.0,68128.0,67080.0,24.75
289.0,93.8,3299.999,2.52,41753.0,23184.0,3996.9,0.0,68128.0,67080.0,24.75
290.0,100.0,3300.0,2.53,44248.0,23544.0,3987.4,0.0,68128.0,67080.0,24.75
291.0,100.0,3299.999,2.57,43806.0,23184.0,3845.9,0.0,68128.0,67080.0,24.75
292.0,100.0,3300.0,2.58,43750.0,23688.0,3857.2,0.0,68128.0,67080.0,24.75
293.0,100.0,3300.0,2.58,42048.0,23184.0,3937.8,0.0,68128.0,67080.0,24.75
294.0,100.0,3299.999,2.51,44327.0,23760.0,4164.0,0.0,68128.0,67080.0,24.75
295.0,93.8,3300.0,2.54,43881.0,23832.0,3859.4,0.0,68128.0,67080.0,24.75
296.0,100.0,3300.0,2.59,43982.0,23832.0,3914.2,0.0,68128.0,67080.0,24.75
297.0,100.0,3299.999,2.61,42307.0,23616.0,3834.8,0.0,68128.0,67080.0,24.75
298.0,100.0,3300.0,2.54,43321.0,23544.0,3954.9,0.0,68128.0,67080.0,24.75
299.0,100.0,3299.999,2.53,43164.0,23184.0,3990.6,0.0,68128.0,67080.0,24.75
