time,CPU_Utilization,Frequency,IPC,Misses,LLC,MBL,Memory_Footprint,Virt_Memory,Res_Memory,Allocated_Cache
0.0,100.0,3299.999,3.2,124.0,216.0,3.7,0.0,68128.0,67084.0,22.5
1.0,100.0,3299.999,1.98,58322.0,20952.0,4530.2,0.0,68128.0,67084.0,22.5
2.0,100.0,3300.0,2.38,61048.0,21312.0,4584.2,0.0,68128.0,67084.0,22.5
3.0,100.0,3299.994,2.43,56280.0,20592.0,3996.8,0.0,68128.0,67084.0,22.5
4.0,100.0,3300.0,2.48,56499.0,20664.0,3965.8,0.0,68128.0,67084.0,22.5
5.0,100.0,3300.0,2.45,53257.0,21384.0,3973.1,0.0,68128.0,67084.0,22.5
6.0,100.0,3299.999,2.43,54861.0,20736.0,3900.5,0.0,68128.0,67084.0,22.5
7.0,100.0,3299.999,2.46,54847.0,21168.0,3945.4,0.0,68128.0,67084.0,22.5
8.0,100.0,3300.0,2.5,55206.0,20448.0,3840.0,0.0,68128.0,67084.0,22.5
9.0,100.0,3299.999,2.49,52835.0,21384.0,3851.9,0.0,68128.0,67084.0,22.5
10.0,100.0,3300.0,2.42,54894.0,21456.0,4206.4,0.0,68128.0,67084.0,22.5
11.0,100.0,3300.0,2.45,54436.0,20808.0,4006.3,0.0,68128.0,67084.0,22.5
12.0,100.0,3300.0,2.47,52935.0,21024.0,3933.4,0.0,68128.0,67084.0,22.5
13.0,100.0,3299.999,2.41,54250.0,21096.0,4282.2,0.0,68128.0,67084.0,22.5
14.0,100.0,3299.999,2.45,53428.0,20808.0,4353.3,0.0,68128.0,67084.0,22.5
15.0,100.0,3300.0,2.47,54497.0,21528.0,3962.0,0.0,68128.0,67084.0,22.5
16.0,100.0,3299.999,2.49,55142.0,20952.0,3776.2,0.0,68128.0,67084.0,22.5
17.0,100.0,3300.0,2.47,53089.0,20592.0,3992.8,0.0,68128.0,67084.0,22.5
18.0,100.0,3300.0,2.4,54353.0,20880.0,4097.2,0.0,68128.0,67084.0,22.5
19.0,100.0,3300.0,2.46,54183.0,21528.0,4110.0,0.0,68128.0,67084.0,22.5
20.0,100.0,3299.999,2.5,53026.0,21384.0,3791.3,0.0,68128.0,67084.0,22.5
21.0,100.0,3300.0,2.44,54585.0,20592.0,4184.8,0.0,68128.0,67084.0,22.5
22.0,100.0,3299.999,2.44,54083.0,21024.0,3823.2,0.0,68128.0,67084.0,22.5
23.0,100.0,3300.0,2.49,55489.0,21384.0,3804.6,0.0,68128.0,67084.0,22.5
24.0,100.0,3299.999,2.47,54635.0,21672.0,3896.4,0.0,68128.0,67084.0,22.5
25.0,100.0,3300.0,2.51,54400.0,21456.0,3826.3,0.0,68128.0,67084.0,22.5
26.0,100.0,3300.0,2.46,52533.0,21096.0,4219.8,0.0,68128.0,67084.0,22.5
27.0,100.0,3300.0,2.43,53990.0,20520.0,4416.1,0.0,68128.0,67084.0,22.5
28.0,100.0,3299.999,2.48,54343.0,20880.0,4268.8,0.0,68128.0,67084.0,22.5
29.0,100.0,3300.0,2.45,54634.0,21456.0,3826.8,0.0,68128.0,67084.0,22.5
30.0,100.0,3299.999,2.47,52632.0,21240.0,3652.5,0.0,68128.0,67084.0,22.5
31.0,100.0,3300.0,2.41,54366.0,21384.0,3966.4,0.0,68128.0,67084.0,22.5
32.0,100.0,3299.999,2.43,55656.0,20376.0,4112.0,0.0,68128.0,67084.0,22.5
33.0,100.0,3300.0,2.5,55054.0,20952.0,3822.0,0.0,68128.0,67084.0,22.5
34.0,100.0,3299.999,2.48,54670.0,21744.0,3808.7,0.0,68128.0,67084.0,22.5
35.0,100.0,3300.0,2.5,52213.0,21384.0,3869.6,0.0,68128.0,67084.0,22.5
36.0,100.0,3300.0,2.47,54240.0,21168.0,4038.3,0.0,68128.0,67084.0,22.5
37.0,100.0,3300.0,2.47,54167.0,21168.0,3911.8,0.0,68128.0,67084.0,22.5
38.0,100.0,3299.999,2.47,53506.0,21024.0,4217.6,0.0,68128.0,67084.0,22.5
39.0,100.0,3300.0,2.47,54209.0,20952.0,4024.8,0.0,68128.0,67084.0,22.5
