time,CPU_Utilization,Frequency,IPC,Misses,LLC,MBL,Memory_Footprint,Virt_Memory,Res_Memory,Allocated_Cache
0.0,100.0,3299.999,0.61,15.0,0.0,0.4,0.0,68128.0,67080.0,6.75
1.0,100.0,3299.999,1.82,92611.0,6552.0,7133.3,0.0,68128.0,67080.0,6.75
2.0,93.8,3300.0,2.27,117928.0,6696.0,10087.1,0.0,68128.0,67080.0,6.75
3.0,100.0,3300.0,2.24,117704.0,6480.0,9697.6,0.0,68128.0,67080.0,6.75
4.0,100.0,3300.001,2.27,116562.0,6840.0,9384.2,0.0,68128.0,67080.0,6.75
5.0,100.0,3299.999,2.28,115492.0,6840.0,9121.9,0.0,68128.0,67080.0,6.75
6.0,93.8,3299.999,2.3,111362.0,6624.0,8985.1,0.0,68128.0,67080.0,6.75
7.0,100.0,3299.999,2.26,114961.0,6696.0,9259.7,0.0,68128.0,67080.0,6.75
8.0,100.0,3300.0,2.27,114404.0,6696.0,9255.2,0.0,68128.0,67080.0,6.75
9.0,100.0,3300.001,2.33,113894.0,6624.0,8681.9,0.0,68128.0,67080.0,6.75
10.0,100.0,3299.999,2.27,114822.0,6552.0,9491.3,0.0,68128.0,67080.0,6.75
11.0,100.0,3300.0,2.3,115523.0,6696.0,9207.7,0.0,68128.0,67080.0,6.75
12.0,100.0,3300.0,2.29,115745.0,6768.0,9369.5,0.0,68128.0,67080.0,6.75
13.0,100.0,3299.999,2.3,111286.0,6120.0,9335.9,0.0,68128.0,67080.0,6.75
14.0,100.0,3300.0,2.26,114166.0,6768.0,10046.2,0.0,68128.0,67080.0,6.75
15.0,100.0,3299.999,2.31,114719.0,6336.0,10265.0,0.0,68128.0,67080.0,6.75
16.0,100.0,3299.999,2.3,114646.0,6696.0,9475.0,0.0,68128.0,67080.0,6.75
17.0,100.0,3300.0,2.29,114854.0,6408.0,8819.4,0.0,68128.0,67080.0,6.75
18.0,100.0,3299.999,2.27,114491.0,6264.0,9182.1,0.0,68128.0,67080.0,6.75
19.0,100.0,3299.999,2.3,110208.0,6696.0,8820.3,0.0,68128.0,67080.0,6.75
20.0,100.0,3300.0,2.17,109500.0,6768.0,9910.4,0.0,68128.0,67080.0,6.75
21.0,100.0,3300.0,2.27,115163.0,6624.0,9524.0,0.0,68128.0,67080.0,6.75
22.0,100.0,3300.0,2.28,114024.0,6624.0,9494.8,0.0,68128.0,67080.0,6.75
23.0,100.0,3299.999,2.29,114030.0,6336.0,8932.4,0.0,68128.0,67080.0,6.75
24.0,100.0,3300.0,2.3,114652.0,6696.0,8923.8,0.0,68128.0,67080.0,6.75
25.0,100.0,3300.0,2.31,114073.0,6912.0,9029.5,0.0,68128.0,67080.0,6.75
26.0,100.0,3299.999,2.3,114195.0,6768.0,9430.3,0.0,68128.0,67080.0,6.75
27.0,100.0,3299.999,2.33,113248.0,6696.0,9226.3,0.0,68128.0,67080.0,6.75
28.0,100.0,3299.999,2.3,112392.0,6696.0,10341.8,0.0,68128.0,67080.0,6.75
29.0,100.0,3300.0,2.28,114440.0,6768.0,10225.4,0.0,68128.0,67080.0,6.75
30.0,100.0,3299.999,2.3,115109.0,6696.0,10309.4,0.0,68128.0,67080.0,6.75
31.0,100.0,3299.999,2.3,115191.0,6624.0,9419.1,0.0,68128.0,67080.0,6.75
32.0,100.0,3300.0,2.28,114366.0,6768.0,8773.5,0.0,68128.0,67080.0,6.75
33.0,100.0,3300.001,2.28,114966.0,6912.0,9012.7,0.0,68128.0,67080.0,6.75
34.0,100.0,3299.999,2.29,111387.0,6552.0,9007.2,0.0,68128.0,67080.0,6.75
35.0,100.0,3300.0,2.26,114792.0,6696.0,9226.6,0.0,68128.0,67080.0,6.75
36.0,100.0,3299.999,2.3,113875.0,6768.0,9011.1,0.0,68128.0,67080.0,6.75
37.0,100.0,3299.999,2.28,113844.0,6624.0,9052.7,0.0,68128.0,67080.0,6.75
38.0,100.0,3300.0,2.3,113947.0,6696.0,9961.2,0.0,68128.0,67080.0,6.75
39.0,100.0,3299.999,2.3,113831.0,6768.0,9170.9,0.0,68128.0,67080.0,6.75
