time,CPU_Utilization,Frequency,IPC,Misses,LLC,MBL,Memory_Footprint,Virt_Memory,Res_Memory,Allocated_Cache
0.0,100.0,3299.999,3.18,127.0,432.0,2.9,0.0,68128.0,67116.0,20.25
1.0,100.0,3300.0,1.94,69969.0,15552.0,6119.8,0.0,68128.0,67116.0,20.25
2.0,100.0,3299.999,2.34,68558.0,18144.0,5889.4,0.0,68128.0,67116.0,20.25
3.0,100.0,3299.999,2.36,64430.0,18936.0,4740.7,0.0,68128.0,67116.0,20.25
4.0,100.0,3299.999,2.4,64053.0,18648.0,4423.5,0.0,68128.0,67116.0,20.25
5.0,100.0,3300.0,2.42,61710.0,18936.0,4366.5,0.0,68128.0,67116.0,20.25
6.0,100.0,3300.0,2.32,62267.0,18792.0,4541.1,0.0,68128.0,67116.0,20.25
7.0,100.0,3299.999,2.38,62306.0,18288.0,4385.1,0.0,68128.0,67116.0,20.25
8.0,100.0,3300.0,2.4,62770.0,19296.0,4321.0,0.0,68128.0,67116.0,20.25
9.0,100.0,3299.999,2.42,61972.0,19584.0,4279.6,0.0,68128.0,67116.0,20.25
10.0,100.0,3300.0,2.41,61080.0,19008.0,4338.8,0.0,68128.0,67116.0,20.25
11.0,100.0,3300.0,2.36,62982.0,19584.0,4629.6,0.0,68128.0,67116.0,20.25
12.0,100.0,3299.999,2.39,62410.0,18648.0,4603.9,0.0,68128.0,67116.0,20.25
13.0,100.0,3299.999,2.41,63543.0,19080.0,4672.5,0.0,68128.0,67116.0,20.25
14.0,100.0,3299.999,2.42,60876.0,19296.0,4502.1,0.0,68128.0,67116.0,20.25
15.0,100.0,3300.0,2.37,61345.0,19224.0,5026.5,0.0,68128.0,67116.0,20.25
16.0,100.0,3299.999,2.39,62604.0,18648.0,4310.8,0.0,68128.0,67116.0,20.25
17.0,93.8,3300.0,2.4,62943.0,19368.0,4378.1,0.0,68128.0,67116.0,20.25
18.0,93.8,3299.999,2.38,63021.0,18720.0,4333.6,0.0,68128.0,67116.0,20.25
19.0,100.0,3300.0,2.4,60573.0,18720.0,4523.6,0.0,68128.0,67116.0,20.25
20.0,100.0,3299.999,2.36,62594.0,19440.0,4640.3,0.0,68128.0,67116.0,20.25
21.0,93.8,3300.0,2.4,62192.0,18936.0,4464.1,0.0,68128.0,67116.0,20.25
22.0,100.0,3300.0,2.4,63220.0,19368.0,4349.8,0.0,68128.0,67116.0,20.25
23.0,100.0,3299.999,2.43,62135.0,18864.0,4123.8,0.0,68128.0,67116.0,20.25
24.0,100.0,3300.0,2.42,60140.0,17712.0,4234.3,0.0,68128.0,67116.0,20.25
25.0,100.0,3299.999,2.4,62398.0,18792.0,4547.0,0.0,68128.0,67116.0,20.25
26.0,93.8,3299.999,2.41,62471.0,18792.0,4721.4,0.0,68128.0,67116.0,20.25
27.0,100.0,3300.0,2.41,61985.0,18504.0,5232.0,0.0,68128.0,67116.0,20.25
28.0,100.0,3299.999,2.38,62886.0,18648.0,4648.4,0.0,68128.0,67116.0,20.25
29.0,100.0,3299.999,2.42,60001.0,18720.0,4865.2,0.0,68128.0,67116.0,20.25
30.0,100.0,3300.0,2.38,62086.0,18504.0,4335.5,0.0,68128.0,67116.0,20.25
31.0,100.0,3299.999,2.37,62812.0,18864.0,4451.7,0.0,68128.0,67116.0,20.25
32.0,100.0,3300.0,2.39,62913.0,18936.0,4440.2,0.0,68128.0,67116.0,20.25
33.0,100.0,3299.999,2.38,62798.0,18720.0,4451.4,0.0,68128.0,67116.0,20.25
34.0,100.0,3299.999,2.43,62270.0,18936.0,4317.8,0.0,68128.0,67116.0,20.25
35.0,100.0,3300.0,2.42,61498.0,18720.0,4304.6,0.0,68128.0,67116.0,20.25
36.0,100.0,3299.999,2.41,59996.0,19512.0,4472.6,0.0,68128.0,67116.0,20.25
37.0,100.0,3300.0,2.41,61995.0,18864.0,4440.4,0.0,68128.0,67116.0,20.25
38.0,93.8,3299.999,2.41,62274.0,19296.0,4487.2,0.0,68128.0,67116.0,20.25
39.0,100.0,3300.0,2.41,61636.0,19296.0,4787.6,0.0,68128.0,67116.0,20.25
