time,CPU_Utilization,Frequency,IPC,Misses,LLC,MBL,Memory_Footprint,Virt_Memory,Res_Memory,Allocated_Cache
0.0,100.0,3299.999,1.78,1.0,0.0,0.0,0.0,24168.0,22096.0,15.75
1.0,100.0,3300.014,1.39,253.0,12672.0,47.5,0.0,41328.0,39008.0,15.75
2.0,100.0,3300.0,1.16,348.0,11232.0,44.4,0.0,54088.0,52024.0,15.75
3.0,100.0,3299.999,1.13,483.0,12168.0,46.9,0.0,63408.0,61124.0,15.75
4.0,100.0,3299.999,1.09,649.0,11592.0,47.7,0.0,71040.0,68960.0,15.75
5.0,100.0,3299.999,1.06,787.0,11808.0,51.4,0.0,78116.0,75852.0,15.75
6.0,100.0,3300.0,1.02,1031.0,11952.0,51.8,0.0,84232.0,82024.0,15.75
7.0,100.0,3299.999,0.97,1214.0,12096.0,52.3,0.0,93152.0,90844.0,15.75
8.0,100.0,3299.999,1.43,676.0,11664.0,46.9,0.0,97748.0,95592.0,15.75
9.0,100.0,3300.0,1.4,265.0,9648.0,17.0,0.0,100688.0,98496.0,15.75
10.0,100.0,3299.999,1.42,441.0,9216.0,12.8,0.0,103104.0,100872.0,15.75
11.0,100.0,3300.0,1.41,888.0,9720.0,47.5,0.0,105404.0,103248.0,15.75
12.0,100.0,3300.001,1.42,1612.0,10800.0,63.6,0.0,107436.0,105360.0,15.75
13.0,100.0,3299.999,1.41,2585.0,11160.0,70.9,0.0,109312.0,107208.0,15.75
14.0,100.0,3299.999,1.4,3720.0,11448.0,81.0,0.0,111088.0,109056.0,15.75
15.0,100.0,3300.0,1.4,5051.0,12168.0,88.9,0.0,112764.0,110640.0,15.75
16.0,100.0,3300.0,1.36,6452.0,12600.0,151.2,0.0,114472.0,112220.0,15.75
17.0,100.0,3299.999,1.34,7529.0,13680.0,205.7,0.0,116016.0,113804.0,15.75
18.0,100.0,3300.0,1.32,8601.0,13392.0,220.9,0.0,117584.0,115388.0,15.75
19.0,100.0,3300.0,1.31,10155.0,14184.0,245.2,0.0,118952.0,116708.0,15.75
20.0,100.0,3299.999,1.29,11288.0,14400.0,361.5,0.0,120404.0,118292.0,15.75
21.0,100.0,3299.999,1.28,12134.0,14256.0,384.6,0.0,121636.0,119624.0,15.75
22.0,93.8,3300.0,1.27,7161.0,15624.0,258.2,0.0,129840.0,127808.0,15.75
23.0,100.0,3300.0,1.12,525.0,13032.0,47.8,0.1,134400.0,132296.0,15.75
24.0,100.0,3300.0,1.11,882.0,12456.0,35.0,0.1,137764.0,135728.0,15.75
25.0,100.0,3299.999,1.11,1398.0,12312.0,44.7,0.1,140564.0,138368.0,15.75
26.0,93.8,3299.999,1.1,2131.0,12384.0,43.2,0.1,143136.0,141008.0,15.75
27.0,100.0,3299.999,1.09,3096.0,12528.0,82.0,0.1,145388.0,143384.0,15.75
28.0,100.0,3300.0,1.07,4163.0,13176.0,62.5,0.1,147580.0,145496.0,15.75
29.0,100.0,3299.999,1.07,5432.0,13104.0,78.2,0.1,149664.0,147608.0,15.75
30.0,100.0,3299.999,1.04,6577.0,14184.0,86.7,0.1,151900.0,149720.0,15.75
31.0,100.0,3299.999,1.04,7913.0,13536.0,134.0,0.1,153620.0,151568.0,15.75
32.0,100.0,3299.999,1.01,8838.0,13464.0,185.3,0.1,155556.0,153412.0,15.75
33.0,100.0,3300.0,0.99,9852.0,14040.0,245.5,0.1,157360.0,155260.0,15.75
34.0,100.0,3300.0,0.98,11180.0,14112.0,309.4,0.1,159016.0,156844.0,15.75
35.0,100.0,3300.0,0.97,12222.0,13824.0,310.3,0.1,160748.0,158428.0,15.75
36.0,100.0,3299.999,0.96,13321.0,14544.0,316.9,0.1,162164.0,160012.0,15.75
37.0,100.0,3299.999,0.95,13816.0,14400.0,344.1,0.1,163764.0,161596.0,15.75
38.0,100.0,3300.0,0.93,14436.0,15264.0,366.0,0.1,165312.0,163180.0,15.75
39.0,100.0,3299.999,0.93,16015.0,14832.0,410.8,0.1,166628.0,164500.0,15.75
