time,CPU_Utilization,Frequency,IPC,Misses,LLC,MBL,Memory_Footprint,Virt_Memory,Res_Memory,Allocated_Cache
0.0,100.0,3299.999,1.76,2.0,0.0,0.0,0.0,23628.0,21584.0,4.5
1.0,100.0,3300.0,1.28,5110.0,4536.0,482.8,0.0,38652.0,36660.0,4.5
2.0,93.8,3299.999,0.95,10435.0,4176.0,552.8,0.0,49300.0,47092.0,4.5
3.0,100.0,3299.999,0.83,13276.0,3672.0,562.9,0.0,56760.0,54836.0,4.5
4.0,100.0,3300.0,0.76,15465.0,3888.0,615.4,0.0,62852.0,60936.0,4.5
5.0,93.8,3300.0,0.71,16916.0,3960.0,586.5,0.0,67804.0,65720.0,4.5
6.0,100.0,3300.0,0.67,18261.0,3816.0,573.3,0.0,72512.0,70392.0,4.5
7.0,100.0,3300.0,0.64,19327.0,3816.0,540.8,0.0,76600.0,74684.0,4.5
8.0,100.0,3300.0,0.62,20151.0,3816.0,573.2,0.0,80864.0,78772.0,4.5
9.0,100.0,3299.999,0.6,20880.0,4248.0,668.2,0.0,84896.0,82768.0,4.5
10.0,100.0,3299.999,0.59,21320.0,3960.0,788.2,0.0,88300.0,85992.0,4.5
11.0,100.0,3299.999,0.79,18340.0,3744.0,703.9,0.0,95420.0,93236.0,4.5
12.0,100.0,3300.0,1.32,11253.0,3744.0,485.9,0.0,98592.0,96404.0,4.5
13.0,100.0,3300.0,1.1,22150.0,3816.0,1515.1,0.0,100832.0,98780.0,4.5
14.0,100.0,3300.0,1.05,28131.0,4248.0,1942.5,0.0,102504.0,100364.0,4.5
15.0,100.0,3299.999,0.99,32333.0,3744.0,2171.5,0.0,104204.0,101948.0,4.5
16.0,93.8,3299.999,0.96,35547.0,4032.0,2265.5,0.0,105556.0,103528.0,4.5
17.0,100.0,3299.999,0.93,37562.0,4176.0,2367.2,0.0,106860.0,104848.0,4.5
18.0,100.0,3299.999,0.91,39565.0,4248.0,2531.5,0.0,108168.0,105904.0,4.5
19.0,100.0,3300.0,0.89,41510.0,3960.0,2650.2,0.0,109312.0,107224.0,4.5
20.0,100.0,3300.0,0.88,42564.0,4464.0,2654.6,0.0,110448.0,108280.0,4.5
21.0,100.0,3299.999,0.88,43210.0,4464.0,2754.4,0.0,111540.0,109336.0,4.5
22.0,100.0,3299.999,0.85,44148.0,4464.0,2821.4,0.0,112608.0,110392.0,4.5
23.0,100.0,3300.0,0.84,44727.0,4032.0,2958.9,0.0,113580.0,111448.0,4.5
24.0,100.0,3300.0,0.82,45061.0,4320.0,3060.7,0.0,114624.0,112504.0,4.5
25.0,100.0,3300.0,0.83,45617.0,4680.0,3059.9,0.0,115572.0,113296.0,4.5
26.0,100.0,3300.0,0.79,45884.0,4248.0,3054.0,0.0,116528.0,114352.0,4.5
27.0,100.0,3299.999,0.78,46523.0,4104.0,3051.1,0.0,117432.0,115144.0,4.5
28.0,100.0,3299.999,0.78,46949.0,4536.0,3065.6,0.0,118264.0,116200.0,4.5
29.0,100.0,3300.0,0.78,47048.0,4248.0,3118.9,0.0,119088.0,116992.0,4.5
30.0,100.0,3300.0,0.75,47482.0,4320.0,3182.9,0.0,119948.0,117784.0,4.5
31.0,100.0,3300.0,0.78,46928.0,4680.0,3153.4,0.0,120680.0,118576.0,4.5
32.0,100.0,3299.999,0.74,47152.0,3888.0,3231.4,0.0,121456.0,119380.0,4.5
33.0,100.0,3300.0,0.9,37649.0,3816.0,2566.8,0.0,127816.0,125712.0,4.5
34.0,100.0,3299.999,0.97,15557.0,3744.0,523.9,0.0,131988.0,129936.0,4.5
35.0,100.0,3300.0,0.82,23889.0,3960.0,796.1,0.1,134956.0,132840.0,4.5
36.0,100.0,3300.0,0.76,28247.0,3600.0,962.4,0.1,137220.0,135216.0,4.5
37.0,100.0,3299.999,0.72,30785.0,4032.0,980.9,0.1,139040.0,136800.0,4.5
38.0,100.0,3300.0,0.7,32687.0,4104.0,1219.1,0.1,140828.0,138648.0,4.5
39.0,100.0,3300.0,0.68,33850.0,4608.0,1253.0,0.1,142312.0,140232.0,4.5
