time,CPU_Utilization,Frequency,IPC,Misses,LLC,MBL,Memory_Footprint,Virt_Memory,Res_Memory,Allocated_Cache
0.0,93.3,3299.999,1.74,3.0,72.0,0.1,0.0,23628.0,21184.0,13.5
1.0,100.0,3300.0,1.39,292.0,10296.0,49.4,0.0,42080.0,39940.0,13.5
2.0,100.0,3299.999,1.17,485.0,10440.0,47.7,0.0,54424.0,52152.0,13.5
3.0,100.0,3300.0,1.11,685.0,10440.0,49.2,0.0,63432.0,61224.0,13.5
4.0,100.0,3299.999,1.08,949.0,10296.0,53.4,0.0,71248.0,69060.0,13.5
5.0,100.0,3300.0,1.06,1301.0,10512.0,57.9,0.0,78248.0,75992.0,13.5
6.0,100.0,3299.999,1.03,1752.0,11304.0,64.1,0.0,84848.0,82584.0,13.5
7.0,100.0,3300.0,1.02,2262.0,10656.0,70.9,0.0,93684.0,91512.0,13.5
8.0,100.0,3299.999,1.39,926.0,10008.0,50.3,0.0,97884.0,95736.0,13.5
9.0,93.8,3300.0,1.4,431.0,9144.0,24.0,0.0,100832.0,98640.0,13.5
10.0,100.0,3299.999,1.42,1075.0,10152.0,27.0,0.0,103256.0,101012.0,13.5
11.0,100.0,3300.0,1.4,2159.0,10656.0,42.5,0.0,105404.0,103124.0,13.5
12.0,100.0,3299.999,1.38,3671.0,10872.0,100.1,0.0,107572.0,105236.0,13.5
13.0,100.0,3300.0,1.37,5654.0,11088.0,153.5,0.0,109312.0,107084.0,13.5
14.0,100.0,3299.999,1.34,7462.0,11736.0,204.9,0.0,110904.0,108668.0,13.5
15.0,100.0,3299.999,1.34,9370.0,11520.0,298.5,0.0,112608.0,110252.0,13.5
16.0,100.0,3300.0,1.3,10781.0,12744.0,339.4,0.0,114120.0,111836.0,13.5
17.0,93.8,3299.999,1.28,12476.0,12168.0,453.7,0.0,115572.0,113420.0,13.5
18.0,100.0,3299.999,1.25,13841.0,12960.0,518.3,0.0,117088.0,114736.0,13.5
19.0,100.0,3300.0,1.23,15434.0,13320.0,620.3,0.0,118440.0,116320.0,13.5
20.0,100.0,3299.999,1.22,17063.0,12744.0,829.5,0.0,119808.0,117376.0,13.5
21.0,100.0,3300.0,1.2,18014.0,12888.0,947.5,0.0,121016.0,118872.0,13.5
22.0,100.0,3300.0,1.18,19096.0,13104.0,1004.3,0.0,126476.0,124252.0,13.5
23.0,100.0,3299.999,1.21,2554.0,11160.0,175.6,0.0,131988.0,129796.0,13.5
24.0,100.0,3299.999,1.11,1054.0,11520.0,141.6,0.1,136080.0,133756.0,13.5
25.0,93.3,3300.0,1.1,1957.0,11808.0,210.9,0.1,138892.0,136660.0,13.5
26.0,100.0,3300.0,1.09,3125.0,12528.0,271.2,0.1,141728.0,139564.0,13.5
27.0,100.0,3299.999,1.07,4626.0,12240.0,297.1,0.1,144060.0,141676.0,13.5
28.0,93.8,3299.999,1.05,6268.0,12744.0,333.7,0.1,146364.0,144052.0,13.5
29.0,100.0,3300.0,1.03,7707.0,12312.0,420.0,0.1,148336.0,146164.0,13.5
30.0,100.0,3299.999,1.02,9126.0,13104.0,486.8,0.1,150352.0,148012.0,13.5
31.0,100.0,3300.0,0.99,10674.0,12096.0,644.3,0.1,152376.0,150124.0,13.5
32.0,93.8,3300.0,0.98,12097.0,12528.0,682.9,0.1,153948.0,151708.0,13.5
33.0,100.0,3299.999,0.95,12981.0,12960.0,693.9,0.1,155700.0,153556.0,13.5
34.0,100.0,3299.999,0.94,14081.0,13104.0,776.4,0.1,157360.0,155136.0,13.5
35.0,100.0,3300.0,0.92,15601.0,12816.0,877.8,0.1,159016.0,156720.0,13.5
36.0,93.8,3299.999,0.91,16921.0,12888.0,881.1,0.1,160576.0,158304.0,13.5
37.0,100.0,3299.999,0.9,18064.0,12600.0,866.5,0.1,162164.0,159888.0,13.5
38.0,100.0,3300.0,0.88,18344.0,13176.0,885.4,0.1,163416.0,161208.0,13.5
39.0,100.0,3300.0,0.87,18596.0,12816.0,934.6,0.1,164964.0,162528.0,13.5
