time,CPU_Utilization,Frequency,IPC,Misses,LLC,MBL,Memory_Footprint,Virt_Memory,Res_Memory,Allocated_Cache
0.0,100.0,3299.999,1.76,3.0,0.0,0.0,0.0,23496.0,21312.0,20.25
1.0,100.0,3300.014,1.39,223.0,12816.0,44.9,0.0,41928.0,39804.0,20.25
2.0,100.0,3299.999,1.17,264.0,12888.0,44.4,0.0,54252.0,52028.0,20.25
3.0,100.0,3300.0,1.11,305.0,12024.0,35.2,0.0,63200.0,61128.0,20.25
4.0,100.0,3300.0,1.0,357.0,13392.0,41.2,0.0,70208.0,68280.0,20.25
5.0,100.0,3299.999,1.07,382.0,12888.0,31.4,0.0,77280.0,75352.0,20.25
6.0,100.0,3299.999,1.05,419.0,13752.0,36.6,0.0,84196.0,82268.0,20.25
7.0,100.0,3300.0,1.05,479.0,13176.0,32.5,0.0,93284.0,91112.0,20.25
8.0,100.0,3300.0,1.44,375.0,11160.0,35.1,0.0,97884.0,95860.0,20.25
9.0,100.0,3299.999,1.4,156.0,9360.0,17.0,0.0,100832.0,98764.0,20.25
10.0,100.0,3299.999,1.28,228.0,9432.0,13.3,0.0,102800.0,100612.0,20.25
11.0,93.8,3300.0,1.27,295.0,10080.0,12.2,0.0,104980.0,102988.0,20.25
12.0,100.0,3299.999,1.44,431.0,12024.0,15.0,0.0,107144.0,105100.0,20.25
13.0,100.0,3300.0,1.43,644.0,12528.0,19.6,0.0,109168.0,106948.0,20.25
14.0,100.0,3299.999,1.43,985.0,13824.0,19.0,0.0,110904.0,108796.0,20.25
15.0,93.3,3300.0,1.44,1512.0,13896.0,19.8,0.0,112764.0,110644.0,20.25
16.0,100.0,3300.0,1.41,2097.0,15120.0,39.0,0.0,114312.0,112224.0,20.25
17.0,93.8,3299.999,1.4,2822.0,15048.0,50.3,0.0,116016.0,113808.0,20.25
18.0,100.0,3300.0,1.38,3361.0,15336.0,62.4,0.0,117584.0,115392.0,20.25
19.0,100.0,3300.0,1.38,4058.0,15912.0,74.9,0.0,119088.0,116976.0,20.25
20.0,100.0,3300.0,1.36,4700.0,16416.0,79.9,0.0,120540.0,118560.0,20.25
21.0,93.8,3300.0,1.36,5207.0,16488.0,73.6,0.0,123960.0,122004.0,20.25
22.0,93.8,3299.999,1.28,2367.0,16632.0,72.2,0.0,130904.0,128868.0,20.25
23.0,100.0,3299.999,0.91,402.0,12888.0,35.4,0.1,134268.0,132036.0,20.25
24.0,100.0,3299.999,1.03,437.0,14328.0,31.6,0.1,137488.0,135468.0,20.25
25.0,100.0,3299.999,1.12,496.0,13680.0,27.2,0.1,140428.0,138372.0,20.25
26.0,100.0,3299.999,1.11,691.0,14184.0,28.9,0.1,143004.0,141012.0,20.25
27.0,100.0,3300.0,1.02,889.0,14400.0,31.4,0.1,145044.0,142860.0,20.25
28.0,100.0,3300.0,1.0,1122.0,14616.0,29.2,0.1,147416.0,145236.0,20.25
29.0,100.0,3299.999,1.11,1649.0,14760.0,41.8,0.1,149664.0,147348.0,20.25
30.0,100.0,3300.0,1.1,2134.0,16344.0,54.6,0.1,151708.0,149724.0,20.25
31.0,100.0,3300.0,1.1,2623.0,17208.0,61.7,0.1,153620.0,151572.0,20.25
32.0,100.0,3300.0,1.08,3151.0,16560.0,68.5,0.1,155700.0,153420.0,20.25
33.0,100.0,3299.999,1.07,3845.0,17136.0,89.7,0.1,157552.0,155268.0,20.25
34.0,100.0,3299.999,1.07,4820.0,17352.0,99.8,0.1,159524.0,157380.0,20.25
35.0,100.0,3299.999,1.06,5453.0,18144.0,129.3,0.1,161240.0,158964.0,20.25
36.0,100.0,3299.999,1.05,6324.0,18144.0,147.7,0.1,162892.0,160812.0,20.25
37.0,93.3,3299.999,1.03,6589.0,18288.0,170.5,0.1,164568.0,162396.0,20.25
38.0,100.0,3300.0,1.03,7801.0,17928.0,155.3,0.1,166080.0,163980.0,20.25
39.0,93.8,3299.999,1.02,8391.0,17928.0,161.2,0.1,167744.0,165564.0,20.25
