time,CPU_Utilization,Frequency,IPC,Misses,LLC,MBL,Memory_Footprint,Virt_Memory,Res_Memory,Allocated_Cache
0.0,100.0,3300.0,1.75,1.0,0.0,0.0,0.0,23364.0,21240.0,9.0
1.0,100.0,3299.999,1.38,683.0,8136.0,49.6,0.0,40804.0,38676.0,9.0
2.0,100.0,3300.0,1.15,1723.0,7416.0,79.2,0.0,53352.0,51156.0,9.0
3.0,100.0,3299.999,1.07,2892.0,7056.0,86.6,0.0,62020.0,60016.0,9.0
4.0,100.0,3300.0,1.02,4258.0,7848.0,95.4,0.0,69368.0,67368.0,9.0
5.0,100.0,3300.0,0.97,5633.0,6984.0,188.6,0.0,75788.0,73788.0,9.0
6.0,100.0,3300.0,0.92,7019.0,7416.0,355.6,0.0,82032.0,79696.0,9.0
7.0,100.0,3299.999,0.89,8331.0,7632.0,376.2,0.0,87348.0,85040.0,9.0
8.0,100.0,3300.0,1.01,7949.0,7920.0,371.0,0.0,95688.0,93412.0,9.0
9.0,100.0,3300.0,1.46,1386.0,6408.0,43.0,0.0,99004.0,96844.0,9.0
10.0,100.0,3299.999,1.3,4585.0,6912.0,254.7,0.0,101656.0,99484.0,9.0
11.0,100.0,3299.999,1.31,8755.0,6984.0,475.2,0.0,103704.0,101596.0,9.0
12.0,100.0,3300.0,1.27,12387.0,7488.0,610.5,0.0,105692.0,103444.0,9.0
13.0,100.0,3299.999,1.22,16112.0,7488.0,788.3,0.0,107436.0,105292.0,9.0
14.0,93.8,3299.999,1.19,19221.0,7776.0,997.8,0.0,108824.0,106612.0,9.0
15.0,100.0,3299.999,1.01,18787.0,7776.0,895.5,0.0,110292.0,108196.0,9.0
16.0,100.0,3300.002,1.16,22954.0,7704.0,1068.5,0.0,111696.0,109512.0,9.0
17.0,100.0,3300.0,1.11,25203.0,8496.0,1280.7,0.0,113088.0,110832.0,9.0
18.0,100.0,3299.999,1.08,26842.0,7920.0,1460.5,0.0,114312.0,112152.0,9.0
19.0,100.0,3299.999,1.07,27560.0,7704.0,1530.2,0.0,115572.0,113208.0,9.0
20.0,100.0,3300.0,0.79,22655.0,8064.0,1177.5,0.0,116528.0,114264.0,9.0
21.0,100.0,3300.0,1.02,30468.0,7992.0,1600.2,0.0,117764.0,115584.0,9.0
22.0,100.0,3300.0,1.02,31466.0,8280.0,1753.7,0.0,118748.0,116640.0,9.0
23.0,93.8,3299.999,0.99,32297.0,8064.0,1771.1,0.0,119808.0,117696.0,9.0
24.0,100.0,3299.999,0.99,32233.0,8424.0,1693.6,0.0,120828.0,118668.0,9.0
25.0,100.0,3299.999,0.96,33080.0,8424.0,1695.4,0.0,123564.0,121404.0,9.0
26.0,100.0,3299.999,1.14,12171.0,8064.0,626.3,0.0,130640.0,128532.0,9.0
27.0,100.0,3299.999,1.08,4099.0,7416.0,210.1,0.1,134820.0,132492.0,9.0
28.0,100.0,3300.0,1.03,7693.0,8352.0,329.8,0.1,137764.0,135660.0,9.0
29.0,100.0,3299.999,0.99,11314.0,8496.0,430.6,0.1,140296.0,138036.0,9.0
30.0,100.0,3300.0,0.94,14453.0,7992.0,570.4,0.1,142444.0,140148.0,9.0
31.0,100.0,3299.999,0.91,17121.0,8352.0,790.6,0.1,144564.0,142260.0,9.0
32.0,100.0,3299.999,0.88,18867.0,8712.0,865.9,0.1,146364.0,144104.0,9.0
33.0,100.0,3300.0,0.85,20753.0,8064.0,943.9,0.1,148164.0,145952.0,9.0
34.0,100.0,3300.0,0.84,22497.0,8352.0,1108.8,0.1,149664.0,147536.0,9.0
35.0,100.0,3300.0,0.82,22968.0,8208.0,1117.9,0.1,151384.0,149120.0,9.0
36.0,100.0,3299.999,0.81,24947.0,8784.0,1254.8,0.1,152804.0,150440.0,9.0
37.0,100.0,3299.999,0.79,25763.0,8352.0,1230.4,0.1,154220.0,152024.0,9.0
38.0,100.0,3300.0,0.77,25809.0,8352.0,1233.4,0.1,155556.0,153344.0,9.0
39.0,100.0,3300.0,0.76,26749.0,8640.0,1180.5,0.1,157020.0,154664.0,9.0
