time,CPU_Utilization,Frequency,IPC,Misses,LLC,MBL,Memory_Footprint,Virt_Memory,Res_Memory,Allocated_Cache
0.0,100.0,3300.0,1.75,1.0,0.0,0.5,0.0,24024.0,21800.0,11.25
1.0,93.8,3299.999,1.39,390.0,8280.0,51.5,0.0,41172.0,38976.0,11.25
2.0,100.0,3300.0,1.16,800.0,8568.0,66.9,0.0,53808.0,51824.0,11.25
3.0,100.0,3299.999,1.1,1214.0,9504.0,70.4,0.0,62696.0,60564.0,11.25
4.0,100.0,3299.999,1.07,1822.0,9576.0,103.7,0.0,70208.0,68244.0,11.25
5.0,100.0,3300.0,1.03,2494.0,8856.0,214.9,0.0,77208.0,75044.0,11.25
6.0,100.0,3299.999,1.0,3310.0,9360.0,305.4,0.0,83688.0,81724.0,11.25
7.0,100.0,3300.0,0.98,4253.0,9792.0,464.8,0.0,89348.0,87384.0,11.25
8.0,100.0,3299.999,1.35,2292.0,9072.0,250.9,0.0,97180.0,95036.0,11.25
9.0,100.0,3300.0,1.05,675.0,8064.0,27.7,0.0,99424.0,97412.0,11.25
10.0,100.0,3299.999,1.28,1865.0,8568.0,37.7,0.0,102060.0,99784.0,11.25
11.0,100.0,3300.0,1.39,4012.0,10008.0,121.2,0.0,104368.0,102160.0,11.25
12.0,100.0,3300.001,1.34,6787.0,9648.0,231.3,0.0,106260.0,104008.0,11.25
13.0,100.0,3300.0,1.32,9381.0,9792.0,454.7,0.0,108168.0,105856.0,11.25
14.0,100.0,3299.999,1.28,12174.0,10080.0,550.0,0.0,109828.0,107704.0,11.25
15.0,100.0,3299.999,1.27,14288.0,10728.0,600.8,0.0,111384.0,109024.0,11.25
16.0,100.0,3299.999,1.25,16339.0,10224.0,599.3,0.0,112764.0,110608.0,11.25
17.0,100.0,3300.014,1.2,18221.0,10512.0,643.4,0.0,114312.0,112192.0,11.25
18.0,100.0,3299.999,1.18,19535.0,10440.0,669.4,0.0,115708.0,113508.0,11.25
19.0,100.0,3300.0,1.16,21183.0,11016.0,720.1,0.0,117088.0,114828.0,11.25
20.0,100.0,3299.999,1.13,22433.0,10728.0,874.5,0.0,118264.0,116148.0,11.25
21.0,100.0,3300.0,1.13,23853.0,11232.0,1011.9,0.0,119268.0,117204.0,11.25
22.0,100.0,3299.999,0.98,22436.0,10728.0,964.3,0.0,120540.0,118524.0,11.25
23.0,100.0,3300.0,1.08,25625.0,10440.0,1153.8,0.0,121636.0,119592.0,11.25
24.0,93.3,3300.0,1.17,13941.0,10368.0,610.0,0.0,129840.0,127776.0,11.25
25.0,100.0,3299.999,1.11,1571.0,9720.0,123.7,0.1,134268.0,132000.0,11.25
26.0,100.0,3300.0,1.08,2995.0,10080.0,273.2,0.1,137488.0,135432.0,11.25
27.0,100.0,3299.999,1.07,5078.0,10008.0,268.2,0.1,140296.0,138072.0,11.25
28.0,100.0,3300.0,1.04,7442.0,10296.0,405.3,0.1,142580.0,140448.0,11.25
29.0,100.0,3300.0,1.0,9844.0,10584.0,633.8,0.1,144896.0,142560.0,11.25
30.0,100.0,3300.0,0.98,11593.0,10080.0,671.6,0.1,146932.0,144672.0,11.25
31.0,100.0,3299.999,0.96,13625.0,10584.0,782.1,0.1,148672.0,146520.0,11.25
32.0,100.0,3300.0,0.93,15192.0,10368.0,910.2,0.1,150648.0,148632.0,11.25
33.0,100.0,3300.015,0.91,16593.0,11016.0,997.7,0.1,152376.0,150216.0,11.25
34.0,93.3,3300.0,0.9,18343.0,10512.0,1096.9,0.1,153948.0,151800.0,11.25
35.0,100.0,3299.999,0.87,18615.0,11016.0,1102.9,0.1,155556.0,153384.0,11.25
36.0,100.0,3300.0,0.85,20056.0,11016.0,1171.1,0.1,157168.0,154968.0,11.25
37.0,100.0,3299.999,0.84,20951.0,10656.0,1299.9,0.1,158668.0,156552.0,11.25
38.0,100.0,3300.0,0.81,21811.0,11016.0,1339.1,0.1,159892.0,157608.0,11.25
39.0,100.0,3299.999,0.78,22336.0,11232.0,1385.7,0.1,161240.0,158928.0,11.25
