time,CPU_Utilization,Frequency,IPC,Misses,LLC,MBL,Memory_Footprint,Virt_Memory,Res_Memory,Allocated_Cache
0.0,100.0,3300.0,1.82,1.0,0.0,0.3,0.0,20396.0,18456.0,24.75
0.0,100.0,3299.999,1.82,1.0,0.0,0.3,0.0,27244.0,25168.0,24.75
1.0,100.0,3299.999,1.4,211.0,14472.0,44.3,0.0,43260.0,41288.0,24.75
2.0,100.0,3300.0,1.17,205.0,15696.0,40.2,0.0,55108.0,53168.0,24.75
3.0,100.0,3300.0,1.11,218.0,15984.0,38.8,0.0,64140.0,62376.0,24.75
4.0,100.0,3300.0,1.09,262.0,15696.0,36.9,0.0,71824.0,69856.0,24.75
5.0,100.0,3299.999,1.07,257.0,15480.0,31.1,0.0,79040.0,77060.0,24.75
6.0,100.0,3299.999,1.05,281.0,15696.0,34.2,0.0,85588.0,83824.0,24.75
7.0,100.0,3300.0,1.05,278.0,17064.0,34.5,0.0,94744.0,92860.0,24.75
8.0,100.0,3300.0,1.48,217.0,14832.0,30.5,0.0,98592.0,96552.0,24.75
9.0,100.0,3300.0,1.4,96.0,14472.0,10.6,0.0,101392.0,99456.0,24.75
10.0,100.0,3300.0,1.19,97.0,13320.0,8.3,0.0,103256.0,101304.0,24.75
11.0,100.0,3300.0,1.34,131.0,14040.0,8.1,0.0,105404.0,103416.0,24.75
12.0,100.0,3299.999,1.44,171.0,14472.0,12.7,0.0,107572.0,105528.0,24.75
13.0,100.0,3300.0,1.44,252.0,16488.0,71.9,0.0,109488.0,107640.0,24.75
14.0,100.0,3299.999,1.44,356.0,16992.0,85.7,0.0,111248.0,109224.0,24.75
15.0,100.0,3300.0,1.45,555.0,17424.0,124.6,0.0,112948.0,111072.0,24.75
16.0,100.0,3299.999,1.42,815.0,18360.0,140.3,0.0,114768.0,112652.0,24.75
17.0,100.0,3299.999,1.42,1052.0,17784.0,187.9,0.0,116528.0,114500.0,24.75
18.0,100.0,3300.0,1.4,1283.0,18576.0,214.2,0.0,117980.0,116084.0,24.75
19.0,100.0,3299.999,1.41,1569.0,19440.0,209.5,0.0,119484.0,117668.0,24.75
20.0,93.3,3300.0,1.4,1896.0,19584.0,207.2,0.0,121016.0,119164.0,24.75
21.0,100.0,3299.999,1.39,2258.0,19872.0,266.2,0.0,127408.0,125600.0,24.75
22.0,100.0,3300.0,1.23,469.0,17280.0,59.8,0.0,132648.0,130616.0,24.75
23.0,93.3,3299.999,1.12,211.0,17784.0,26.7,0.1,136360.0,134312.0,24.75
24.0,100.0,3299.999,0.91,218.0,17064.0,28.6,0.1,138032.0,136160.0,24.75
25.0,100.0,3300.0,0.81,213.0,18432.0,35.4,0.1,140964.0,139064.0,24.75
26.0,100.0,3299.999,1.12,282.0,18216.0,38.0,0.1,143440.0,141440.0,24.75
27.0,100.0,3299.999,1.12,348.0,19224.0,41.3,0.1,145848.0,143816.0,24.75
28.0,100.0,3300.0,1.11,425.0,19800.0,51.2,0.1,148164.0,146192.0,24.75
29.0,100.0,3300.0,1.12,556.0,19800.0,53.0,0.1,150484.0,148568.0,24.75
30.0,100.0,3299.999,1.11,710.0,20592.0,63.5,0.1,152532.0,150680.0,24.75
31.0,100.0,3300.0,1.12,902.0,19800.0,67.4,0.1,154516.0,152528.0,24.75
32.0,93.3,3299.999,1.1,1151.0,20448.0,77.4,0.1,156520.0,154636.0,24.75
33.0,100.0,3300.0,1.09,1532.0,21096.0,117.4,0.1,158512.0,156484.0,24.75
34.0,100.0,3300.0,1.1,1807.0,21744.0,153.0,0.1,160412.0,158332.0,24.75
35.0,100.0,3300.0,1.1,2230.0,21528.0,194.6,0.1,162164.0,160180.0,24.75
36.0,100.0,3300.001,1.09,2563.0,21456.0,214.8,0.1,163944.0,162028.0,24.75
37.0,100.0,3300.0,1.08,3003.0,21528.0,283.6,0.1,165500.0,163612.0,24.75
38.0,100.0,3300.0,1.09,3564.0,21456.0,358.0,0.1,167328.0,165196.0,24.75
39.0,100.0,3300.0,1.06,3770.0,22104.0,389.4,0.1,169028.0,167044.0,24.75
40.0,100.0,3299.999,1.06,4304.0,22176.0,482.1,0.1,170612.0,168628.0,24.75
41.0,100.0,3300.0,1.06,4824.0,22392.0,643.0,0.1,172168.0,170212.0,24.75
42.0,100.0,3300.0,1.06,5588.0,22176.0,739.3,0.1,173724.0,171796.0,24.75
43.0,100.0,3299.999,1.05,5910.0,22536.0,750.9,0.1,175292.0,173208.0,24.75
44.0,100.0,3299.999,1.04,6346.0,23688.0,765.1,0.1,183888.0,181920.0,24.75
45.0,100.0,3299.999,1.06,415.0,20304.0,51.8,0.1,190128.0,187992.0,24.75
46.0,100.0,3300.0,0.91,260.0,18864.0,31.1,0.1,194436.0,192480.0,24.75
47.0,100.0,3300.0,0.9,278.0,18504.0,24.5,0.1,198420.0,196440.0,24.75
48.0,93.8,3299.999,0.9,290.0,18864.0,22.1,0.1,201440.0,199344.0,24.75
49.0,100.0,3299.999,2.89,231.0,12888.0,23.8,0.1,203516.0,201456.0,24.75
50.0,100.0,3300.0,2.91,100.0,10224.0,9.5,0.1,204412.0,202512.0,24.75
51.0,100.0,3299.999,2.96,125.0,10296.0,7.7,0.1,206528.0,204624.0,24.75
52.0,100.0,3299.999,2.87,173.0,10584.0,11.8,0.1,207288.0,205416.0,24.75
53.0,100.0,3299.999,2.97,145.0,10800.0,11.2,0.1,207288.0,205416.0,24.75
54.0,100.0,3300.0,2.96,178.0,10584.0,10.5,0.1,207288.0,205416.0,24.75
55.0,100.0,3299.999,2.97,95.0,10152.0,7.0,0.1,207288.0,205416.0,24.75
56.0,100.0,3300.0,2.95,559.0,11016.0,14.8,0.1,207288.0,205416.0,24.75
57.0,100.0,3299.999,2.99,156.0,10872.0,10.8,0.1,207288.0,205416.0,24.75
58.0,100.0,3300.0,3.0,84.0,9936.0,8.3,0.1,207288.0,205416.0,24.75
59.0,100.0,3299.999,3.0,77.0,10296.0,5.2,0.1,207288.0,205416.0,24.75
60.0,100.0,3300.0,3.0,78.0,8568.0,4.1,0.1,207288.0,205416.0,24.75
61.0,100.0,3300.0,3.0,77.0,9216.0,4.8,0.1,207288.0,205416.0,24.75
62.0,100.0,3300.0,3.0,76.0,9072.0,7.7,0.1,207288.0,205416.0,24.75
63.0,100.0,3299.999,3.03,127.0,9216.0,7.8,0.1,207288.0,205416.0,24.75
64.0,93.8,3300.0,3.04,92.0,8712.0,7.3,0.1,207288.0,205416.0,24.75
65.0,100.0,3300.0,3.04,544.0,9360.0,31.4,0.1,210520.0,208592.0,24.75
66.0,100.0,3299.999,1.78,5611.0,23976.0,642.1,0.1,218384.0,216256.0,24.75
67.0,100.0,3300.015,1.97,2705.0,24336.0,312.2,0.1,230316.0,228136.0,24.75
68.0,100.0,3299.999,1.95,2565.0,23904.0,289.6,0.1,239712.0,237640.0,24.75
69.0,100.0,3300.001,2.01,3404.0,23400.0,385.0,0.1,253200.0,251104.0,24.75
70.0,100.0,3299.999,2.0,3514.0,23256.0,397.3,0.1,253200.0,251104.0,24.75
71.0,100.0,3300.0,1.99,2898.0,23976.0,319.9,0.1,253200.0,251104.0,24.75
72.0,100.0,3299.999,1.95,2889.0,23400.0,335.9,0.1,253200.0,251104.0,24.75
73.0,100.0,3299.999,1.97,2737.0,23328.0,310.9,0.1,253200.0,251104.0,24.75
74.0,100.0,3300.0,1.92,2163.0,23256.0,242.9,0.1,253200.0,251104.0,24.75
75.0,100.0,3300.0,1.93,2084.0,23472.0,205.2,0.1,322064.0,319908.0,24.75
76.0,100.0,3300.0,1.94,3484.0,22104.0,495.1,0.1,322064.0,319908.0,24.75
77.0,100.0,3299.999,1.99,3735.0,23904.0,391.8,0.1,322064.0,319908.0,24.75
78.0,100.0,3300.0,1.96,3354.0,24768.0,351.9,0.1,322064.0,319908.0,24.75
79.0,100.0,3299.999,1.92,1742.0,22824.0,183.9,0.1,322064.0,319908.0,24.75
80.0,100.0,3300.0,1.96,3288.0,23256.0,365.4,0.1,322064.0,319908.0,24.75
81.0,100.0,3300.0,1.93,2618.0,23616.0,283.5,0.1,322064.0,319908.0,24.75
82.0,100.0,3299.999,1.97,2808.0,24120.0,336.0,0.1,322064.0,319908.0,24.75
83.0,100.0,3299.999,1.94,2522.0,23400.0,303.8,0.1,322064.0,319908.0,24.75
84.0,100.0,3299.999,2.01,3978.0,24120.0,452.0,0.1,322064.0,319908.0,24.75
85.0,100.0,3299.999,1.94,2926.0,23904.0,322.8,0.1,322064.0,319908.0,24.75
86.0,100.0,3300.0,1.95,2659.0,23184.0,288.7,0.1,322064.0,319908.0,24.75
87.0,100.0,3299.999,2.0,2960.0,23616.0,319.6,0.1,322064.0,319908.0,24.75
88.0,100.0,3300.0,1.88,1600.0,23256.0,176.6,0.1,322064.0,319908.0,24.75
89.0,100.0,3299.999,1.95,3069.0,24264.0,322.8,0.1,322064.0,319908.0,24.75
90.0,100.0,3300.0,1.97,2943.0,22464.0,307.5,0.1,322064.0,319908.0,24.75
91.0,100.0,3300.0,1.92,1748.0,22392.0,174.7,0.1,322064.0,319908.0,24.75
92.0,100.0,3300.0,1.94,2133.0,23472.0,224.2,0.1,322064.0,319908.0,24.75
93.0,100.0,3299.999,1.95,2216.0,23472.0,232.6,0.1,322064.0,319908.0,24.75
94.0,100.0,3300.014,1.99,3301.0,23976.0,346.0,0.1,322064.0,319908.0,24.75
95.0,100.0,3300.0,1.95,2059.0,22752.0,213.1,0.1,322064.0,319908.0,24.75
96.0,100.0,3299.999,1.97,2149.0,22608.0,222.4,0.1,322064.0,319908.0,24.75
97.0,100.0,3299.999,1.94,2510.0,23112.0,259.6,0.1,322064.0,319908.0,24.75
98.0,100.0,3299.999,1.96,2740.0,23328.0,287.2,0.1,322064.0,319908.0,24.75
99.0,100.0,3300.0,1.94,2605.0,23400.0,252.6,0.1,322064.0,319908.0,24.75
100.0,100.0,3299.999,1.89,1951.0,22248.0,232.7,0.1,322064.0,319908.0,24.75
101.0,100.0,3299.999,1.95,2266.0,22608.0,242.4,0.1,322064.0,319908.0,24.75
102.0,100.0,3300.0,1.98,2373.0,23256.0,243.8,0.1,322064.0,319908.0,24.75
103.0,100.0,3300.0,1.95,2965.0,22896.0,300.2,0.1,322064.0,319908.0,24.75
104.0,100.0,3299.999,1.94,2483.0,22752.0,252.1,0.1,322064.0,319908.0,24.75
105.0,100.0,3299.999,2.0,3528.0,22824.0,361.5,0.1,322064.0,319908.0,24.75
106.0,100.0,3299.999,1.94,2173.0,23688.0,217.0,0.1,322064.0,319908.0,24.75
107.0,100.0,3300.0,1.96,2384.0,22464.0,245.2,0.1,322064.0,319908.0,24.75
108.0,100.0,3299.999,1.96,3016.0,23112.0,299.5,0.1,322064.0,319908.0,24.75
109.0,100.0,3299.999,1.97,2628.0,23760.0,248.9,0.1,322064.0,319908.0,24.75
110.0,100.0,3300.0,1.91,2012.0,22536.0,211.2,0.1,322064.0,319908.0,24.75
111.0,100.0,3300.0,2.01,3006.0,23328.0,302.9,0.1,322064.0,319908.0,24.75
112.0,100.0,3299.976,1.97,3143.0,23184.0,322.8,0.1,322064.0,319908.0,24.75
113.0,100.0,3300.0,1.92,2327.0,22608.0,256.4,0.1,322064.0,319908.0,24.75
114.0,100.0,3300.0,1.96,3241.0,22608.0,360.6,0.1,322064.0,319908.0,24.75
115.0,100.0,3299.999,1.94,2362.0,22104.0,244.8,0.1,322064.0,319908.0,24.75
116.0,100.0,3300.001,1.9,2026.0,23760.0,210.4,0.1,322064.0,319908.0,24.75
117.0,100.0,3300.0,1.89,2037.0,22896.0,218.5,0.1,322064.0,319908.0,24.75
118.0,100.0,3299.999,1.95,2367.0,23400.0,222.4,0.1,322064.0,319908.0,24.75
119.0,100.0,3300.0,1.89,1685.0,21960.0,167.3,0.1,322064.0,319908.0,24.75
120.0,100.0,3299.999,1.94,2111.0,23256.0,196.3,0.1,322064.0,319908.0,24.75
121.0,93.8,3300.0,1.99,3146.0,22392.0,302.2,0.1,322064.0,319908.0,24.75
122.0,100.0,3299.999,1.95,2686.0,23760.0,268.7,0.1,322064.0,319908.0,24.75
123.0,100.0,3299.999,1.96,3108.0,24480.0,320.8,0.1,322064.0,319908.0,24.75
124.0,100.0,3300.0,1.93,2192.0,22032.0,222.0,0.1,322064.0,319908.0,24.75
125.0,100.0,3300.0,1.96,1935.0,22680.0,181.3,0.1,322064.0,319908.0,24.75
126.0,100.0,3299.999,1.97,3146.0,22824.0,312.0,0.1,322064.0,319908.0,24.75
127.0,100.0,3299.999,1.94,2326.0,23616.0,232.7,0.1,322064.0,319908.0,24.75
128.0,100.0,3299.999,1.92,2336.0,23112.0,237.6,0.1,322064.0,319908.0,24.75
129.0,100.0,3299.999,2.02,3118.0,23184.0,284.3,0.1,322064.0,319908.0,24.75
130.0,100.0,3300.0,1.94,2339.0,22392.0,224.6,0.1,322064.0,319908.0,24.75
131.0,100.0,3300.0,1.97,3173.0,23976.0,319.1,0.1,322064.0,319908.0,24.75
132.0,93.3,3300.0,1.92,2721.0,23184.0,281.5,0.1,322064.0,319908.0,24.75
133.0,100.0,3299.999,1.86,4119.0,24192.0,348.0,0.1,322064.0,319908.0,24.75
134.0,100.0,3299.999,1.95,2483.0,22752.0,239.8,0.1,322064.0,319908.0,24.75
135.0,100.0,3300.0,1.95,3295.0,24264.0,341.6,0.1,322064.0,319908.0,24.75
136.0,100.0,3300.0,1.96,2539.0,23688.0,258.7,0.1,322064.0,319908.0,24.75
137.0,100.0,3299.999,1.96,2649.0,23040.0,258.0,0.1,322064.0,319908.0,24.75
138.0,100.0,3300.0,1.95,2399.0,22608.0,238.6,0.1,322064.0,319908.0,24.75
139.0,100.0,3299.999,1.92,2773.0,23400.0,286.7,0.1,322064.0,319908.0,24.75
140.0,100.0,3299.999,1.92,2381.0,23328.0,245.0,0.1,322064.0,319908.0,24.75
141.0,100.0,3299.999,1.92,2181.0,23472.0,221.9,0.1,322064.0,319908.0,24.75
142.0,100.0,3299.985,1.94,2412.0,22608.0,243.9,0.1,322064.0,319908.0,24.75
143.0,100.0,3300.0,1.93,2518.0,23256.0,254.0,0.1,322064.0,319908.0,24.75
144.0,100.0,3299.999,1.95,2587.0,23976.0,259.0,0.1,322064.0,319908.0,24.75
145.0,100.0,3300.0,1.94,2473.0,23328.0,260.6,0.1,322064.0,319908.0,24.75
146.0,100.0,3299.999,1.92,2573.0,23688.0,271.4,0.1,322064.0,319908.0,24.75
147.0,100.0,3299.999,1.95,3369.0,22392.0,349.6,0.1,322064.0,319908.0,24.75
148.0,100.0,3300.0,1.92,2023.0,22968.0,209.5,0.1,322064.0,319908.0,24.75
149.0,100.0,3300.0,1.92,2486.0,23616.0,258.0,0.1,322064.0,319908.0,24.75
150.0,100.0,3299.999,2.02,3741.0,23832.0,373.0,0.1,322064.0,319908.0,24.75
151.0,100.0,3300.0,1.94,2327.0,23112.0,224.7,0.1,322064.0,319908.0,24.75
152.0,100.0,3300.0,1.95,2226.0,22824.0,216.2,0.1,322064.0,319908.0,24.75
153.0,100.0,3299.999,1.95,1931.0,22968.0,171.7,0.1,322064.0,319908.0,24.75
154.0,100.0,3300.0,1.95,2108.0,22968.0,194.5,0.1,322064.0,319908.0,24.75
155.0,100.0,3299.999,1.94,2414.0,23400.0,239.9,0.1,322064.0,319908.0,24.75
156.0,100.0,3300.014,1.92,2232.0,21744.0,213.2,0.1,322064.0,319908.0,24.75
157.0,100.0,3299.999,1.92,1625.0,22752.0,162.7,0.1,322064.0,319908.0,24.75
158.0,100.0,3300.0,1.99,4169.0,24264.0,420.7,0.1,322064.0,319908.0,24.75
159.0,100.0,3300.0,1.96,2899.0,23328.0,278.9,0.1,322064.0,319908.0,24.75
160.0,100.0,3299.999,1.92,2164.0,22536.0,217.2,0.1,322064.0,319908.0,24.75
161.0,100.0,3300.0,1.94,2387.0,22896.0,226.9,0.1,322064.0,319908.0,24.75
162.0,100.0,3299.999,1.93,2785.0,23832.0,280.6,0.1,322064.0,319908.0,24.75
163.0,100.0,3299.999,1.92,2019.0,21096.0,197.2,0.1,322064.0,319908.0,24.75
164.0,100.0,3299.999,1.89,2777.0,23616.0,277.5,0.1,322064.0,319908.0,24.75
165.0,100.0,3300.0,1.97,2461.0,23040.0,229.1,0.1,322064.0,319908.0,24.75
166.0,100.0,3300.0,1.9,1597.0,21960.0,152.6,0.1,322064.0,319908.0,24.75
167.0,100.0,3299.999,1.98,3430.0,23256.0,341.9,0.1,322064.0,319908.0,24.75
168.0,100.0,3300.0,1.98,2884.0,22032.0,262.2,0.1,322064.0,319908.0,24.75
169.0,100.0,3299.999,1.93,2910.0,23256.0,292.4,0.1,322064.0,319908.0,24.75
170.0,100.0,3300.0,1.97,2449.0,22968.0,233.1,0.1,322064.0,319908.0,24.75
171.0,100.0,3299.999,2.05,5626.0,23112.0,577.8,0.1,322064.0,319908.0,24.75
172.0,100.0,3300.0,1.96,3440.0,22896.0,342.8,0.1,322064.0,319908.0,24.75
173.0,100.0,3300.0,1.96,3082.0,23112.0,286.2,0.1,322064.0,319908.0,24.75
174.0,93.3,3300.0,1.93,1924.0,22464.0,172.5,0.1,322064.0,319908.0,24.75
175.0,100.0,3299.999,1.98,3744.0,22680.0,397.6,0.1,322064.0,319908.0,24.75
176.0,100.0,3299.999,1.96,2400.0,22176.0,228.1,0.1,322064.0,319908.0,24.75
177.0,100.0,3299.999,1.95,2841.0,24048.0,272.9,0.1,322064.0,319908.0,24.75
178.0,100.0,3300.0,1.97,2671.0,22824.0,254.4,0.1,322064.0,319908.0,24.75
179.0,100.0,3299.999,1.97,2724.0,23688.0,253.1,0.1,322064.0,319908.0,24.75
180.0,100.0,3300.0,1.96,2609.0,23184.0,239.9,0.1,322064.0,319908.0,24.75
181.0,100.0,3300.0,1.94,2566.0,22752.0,238.8,0.1,322064.0,319908.0,24.75
182.0,100.0,3300.0,1.99,2981.0,24120.0,272.8,0.1,322064.0,319908.0,24.75
183.0,100.0,3299.999,1.93,2475.0,23616.0,246.2,0.1,322064.0,319908.0,24.75
184.0,100.0,3299.999,1.91,2528.0,22392.0,250.6,0.1,322064.0,319908.0,24.75
185.0,100.0,3300.0,1.93,2830.0,22536.0,276.4,0.1,322064.0,319908.0,24.75
186.0,100.0,3299.999,1.92,2178.0,23472.0,206.2,0.1,322064.0,319908.0,24.75
187.0,100.0,3300.0,1.98,3694.0,23760.0,372.0,0.1,322064.0,319908.0,24.75
188.0,100.0,3299.999,1.89,1978.0,22392.0,197.4,0.1,322064.0,319908.0,24.75
