time,CPU_Utilization,Frequency,IPC,Misses,LLC,MBL,Memory_Footprint,Virt_Memory,Res_Memory,Allocated_Cache
0.0,100.0,3300.0,1.78,1.0,0.0,0.0,0.0,23496.0,21188.0,22.5
1.0,100.0,3299.999,1.39,213.0,14904.0,35.3,0.0,41616.0,39416.0,22.5
2.0,100.0,3300.0,1.17,248.0,15264.0,42.0,0.0,54088.0,51904.0,22.5
3.0,100.0,3299.999,1.11,266.0,13248.0,36.3,0.0,63408.0,61004.0,22.5
4.0,100.0,3299.999,1.08,317.0,13104.0,35.3,0.0,71248.0,69064.0,22.5
5.0,100.0,3300.0,1.07,325.0,14256.0,30.9,0.0,78252.0,75992.0,22.5
6.0,100.0,3299.999,1.05,379.0,14256.0,36.6,0.0,85144.0,82848.0,22.5
7.0,100.0,3299.999,1.05,389.0,13896.0,34.7,0.0,94080.0,91780.0,22.5
8.0,100.0,3300.0,1.48,249.0,10944.0,26.9,0.0,98168.0,96004.0,22.5
9.0,100.0,3300.0,1.39,149.0,9936.0,12.7,0.0,101116.0,98908.0,22.5
10.0,100.0,3299.999,1.43,226.0,10728.0,13.1,0.0,103412.0,101280.0,22.5
11.0,100.0,3300.0,1.43,251.0,11952.0,11.7,0.0,105692.0,103392.0,22.5
12.0,100.0,3299.999,1.43,388.0,12168.0,12.7,0.0,107708.0,105504.0,22.5
13.0,100.0,3300.0,0.95,457.0,11016.0,12.7,0.0,108824.0,106560.0,22.5
14.0,100.0,3299.999,1.27,629.0,12456.0,17.0,0.0,110616.0,108408.0,22.5
15.0,93.8,3300.0,1.45,930.0,13536.0,19.3,0.0,112472.0,110256.0,22.5
16.0,100.0,3299.999,1.42,1253.0,14400.0,24.3,0.0,114120.0,111840.0,22.5
17.0,100.0,3299.999,1.41,1604.0,15768.0,22.6,0.0,115872.0,113688.0,22.5
18.0,100.0,3299.999,1.39,2006.0,16704.0,30.0,0.0,117432.0,115268.0,22.5
19.0,100.0,3300.0,1.4,2425.0,17136.0,54.5,0.0,118952.0,116588.0,22.5
20.0,100.0,3299.999,1.39,3020.0,17424.0,77.1,0.0,120540.0,118436.0,22.5
21.0,100.0,3300.0,1.38,3444.0,18792.0,68.3,0.0,123036.0,120824.0,22.5
22.0,100.0,3300.0,1.31,1848.0,17496.0,66.9,0.0,130640.0,128480.0,22.5
23.0,100.0,3300.0,1.12,311.0,14616.0,31.1,0.1,135088.0,132968.0,22.5
24.0,100.0,3299.999,1.12,351.0,14256.0,20.0,0.1,138188.0,135872.0,22.5
25.0,100.0,3300.0,1.12,416.0,15192.0,21.8,0.1,141112.0,138776.0,22.5
26.0,100.0,3299.999,1.12,500.0,14616.0,30.2,0.1,143576.0,141416.0,22.5
27.0,100.0,3300.0,1.12,677.0,16056.0,30.4,0.1,146016.0,143792.0,22.5
28.0,100.0,3299.999,1.11,906.0,15912.0,42.5,0.1,148336.0,146168.0,22.5
29.0,100.0,3300.0,1.12,1119.0,16560.0,51.9,0.1,150648.0,148280.0,22.5
30.0,100.0,3300.0,1.11,1343.0,16704.0,46.7,0.1,152376.0,150128.0,22.5
31.0,100.0,3299.999,0.98,1751.0,17208.0,63.5,0.1,154360.0,151976.0,22.5
32.0,100.0,3300.0,1.09,2114.0,18072.0,67.2,0.1,156316.0,154088.0,22.5
33.0,100.0,3300.0,1.09,2657.0,18144.0,73.4,0.1,158380.0,155936.0,22.5
34.0,100.0,3300.0,1.09,3273.0,18288.0,113.1,0.1,160276.0,158044.0,22.5
35.0,100.0,3299.999,1.08,3749.0,18288.0,91.6,0.1,161952.0,159628.0,22.5
36.0,100.0,3300.0,1.07,4367.0,18432.0,130.5,0.1,163584.0,161476.0,22.5
37.0,100.0,3300.0,1.06,4784.0,19008.0,148.2,0.1,165312.0,163060.0,22.5
38.0,100.0,3300.0,1.06,5662.0,19152.0,210.3,0.1,166820.0,164380.0,22.5
39.0,100.0,3299.999,0.93,5589.0,19512.0,242.0,0.1,168380.0,166228.0,22.5
