time,CPU_Utilization,Frequency,IPC,Misses,LLC,MBL,Memory_Footprint,Virt_Memory,Res_Memory,Allocated_Cache
0.0,93.3,3299.999,1.76,2.0,0.0,0.0,0.0,23496.0,21184.0,18.0
1.0,100.0,3300.0,1.21,209.0,11592.0,35.2,0.0,38520.0,36256.0,18.0
2.0,100.0,3299.999,1.01,252.0,12816.0,32.3,0.0,51576.0,49384.0,18.0
3.0,100.0,3299.999,1.13,325.0,12600.0,45.1,0.0,61088.0,58892.0,18.0
4.0,100.0,3300.0,1.09,420.0,12168.0,41.1,0.0,69368.0,67312.0,18.0
5.0,100.0,3300.0,1.07,458.0,11808.0,44.9,0.0,76332.0,74164.0,18.0
6.0,100.0,3299.999,1.05,551.0,12456.0,44.7,0.0,83432.0,81172.0,18.0
7.0,100.0,3300.0,1.05,647.0,12960.0,46.0,0.0,91160.0,88872.0,18.0
8.0,100.0,3299.999,1.36,555.0,11736.0,53.1,0.0,97312.0,94940.0,18.0
9.0,100.0,3300.0,1.41,187.0,10800.0,20.9,0.0,100392.0,98108.0,18.0
10.0,100.0,3300.0,1.42,263.0,11232.0,19.1,0.0,102952.0,100748.0,18.0
11.0,100.0,3299.999,1.42,470.0,12672.0,26.2,0.0,105116.0,102860.0,18.0
12.0,100.0,3299.999,1.43,876.0,13104.0,29.5,0.0,107280.0,104972.0,18.0
13.0,93.8,3299.999,1.42,1465.0,13176.0,65.7,0.0,109312.0,107084.0,18.0
14.0,93.8,3300.0,1.42,2153.0,14112.0,82.8,0.0,110764.0,108404.0,18.0
15.0,100.0,3300.0,1.23,2619.0,13896.0,85.4,0.0,112472.0,110252.0,18.0
16.0,93.8,3299.999,1.4,3682.0,14832.0,108.9,0.0,113932.0,111568.0,18.0
17.0,100.0,3299.999,1.15,3854.0,15192.0,117.6,0.0,115572.0,113152.0,18.0
18.0,100.0,3300.0,1.36,5149.0,15552.0,127.3,0.0,117088.0,114736.0,18.0
19.0,100.0,3299.999,1.35,6287.0,15840.0,210.7,0.0,118588.0,116320.0,18.0
20.0,100.0,3300.0,1.34,7187.0,16416.0,250.9,0.0,120080.0,117640.0,18.0
21.0,100.0,3300.0,1.33,8137.0,16416.0,332.1,0.0,121456.0,119240.0,18.0
22.0,100.0,3299.999,1.34,7173.0,17280.0,362.7,0.0,128892.0,126628.0,18.0
23.0,100.0,3300.0,1.14,413.0,14040.0,43.4,0.0,133732.0,131380.0,18.0
24.0,100.0,3299.999,1.12,512.0,13608.0,61.4,0.1,137088.0,134812.0,18.0
25.0,100.0,3300.0,0.93,691.0,14256.0,69.1,0.1,139316.0,136924.0,18.0
26.0,100.0,3299.999,1.01,917.0,14688.0,78.5,0.1,142016.0,139828.0,18.0
27.0,100.0,3300.0,1.11,1281.0,14472.0,107.6,0.1,144564.0,142204.0,18.0
28.0,100.0,3299.999,1.1,1817.0,14544.0,142.6,0.1,146932.0,144580.0,18.0
29.0,100.0,3299.999,1.1,2530.0,14976.0,188.7,0.1,149160.0,146956.0,18.0
30.0,100.0,3299.999,1.09,3334.0,15048.0,224.2,0.1,151244.0,149068.0,18.0
31.0,100.0,3299.999,1.08,4068.0,15552.0,263.7,0.1,153216.0,150916.0,18.0
32.0,100.0,3300.0,1.07,4840.0,16416.0,310.2,0.1,155096.0,152760.0,18.0
33.0,100.0,3299.999,1.05,5615.0,15984.0,333.6,0.1,157020.0,154872.0,18.0
34.0,100.0,3299.999,1.04,6766.0,16272.0,342.6,0.1,158860.0,156720.0,18.0
35.0,93.8,3300.0,1.03,7761.0,16200.0,408.9,0.1,160576.0,158304.0,18.0
36.0,100.0,3300.0,0.88,8089.0,16056.0,374.1,0.1,162164.0,159888.0,18.0
37.0,100.0,3299.999,1.0,9446.0,16344.0,474.5,0.1,163584.0,161472.0,18.0
38.0,100.0,3300.0,0.99,9984.0,16776.0,488.0,0.1,165128.0,162792.0,18.0
39.0,100.0,3299.999,0.99,11320.0,16920.0,549.4,0.1,166628.0,164376.0,18.0
