time,CPU_Utilization,Frequency,IPC,Misses,LLC,MBL,Memory_Footprint,Virt_Memory,Res_Memory,Allocated_Cache
0.0,100.0,3300.0,1.75,2.0,0.0,0.1,0.0,22972.0,20936.0,2.25
1.0,100.0,3299.999,1.1,13256.0,3888.0,1186.8,0.0,35724.0,33484.0,2.25
2.0,100.0,3299.999,0.73,20506.0,2808.0,1627.8,0.0,44148.0,41920.0,2.25
3.0,100.0,3300.0,0.64,22565.0,2664.0,1621.1,0.0,51112.0,48992.0,2.25
4.0,93.8,3299.999,0.59,23722.0,2736.0,1566.1,0.0,56296.0,54200.0,2.25
5.0,100.0,3300.0,0.56,24650.0,2304.0,1515.4,0.0,60808.0,58696.0,2.25
6.0,100.0,3299.999,0.54,25270.0,2376.0,1617.9,0.0,64940.0,62860.0,2.25
7.0,100.0,3300.0,0.51,25819.0,2520.0,1654.1,0.0,68768.0,66652.0,2.25
8.0,100.0,3299.999,0.5,26377.0,1944.0,1690.2,0.0,72008.0,69920.0,2.25
9.0,100.0,3300.0,0.49,26610.0,2304.0,1714.8,0.0,75452.0,73188.0,2.25
10.0,100.0,3300.0,0.48,27096.0,2160.0,1709.0,0.0,78332.0,76280.0,2.25
11.0,100.0,3299.999,0.47,27497.0,2160.0,1710.4,0.0,81396.0,79472.0,2.25
12.0,100.0,3300.0,0.46,27651.0,2160.0,1789.5,0.0,84548.0,82272.0,2.25
13.0,100.0,3300.0,0.46,27811.0,2016.0,1754.3,0.0,87348.0,85116.0,2.25
14.0,87.5,3299.999,0.45,28222.0,2304.0,1732.6,0.0,92092.0,90060.0,2.25
15.0,100.0,3299.999,1.05,21321.0,1584.0,979.5,0.0,96764.0,94548.0,2.25
16.0,100.0,3299.999,0.95,35141.0,1656.0,1742.7,0.0,99004.0,96924.0,2.25
17.0,100.0,3300.0,0.86,41287.0,2088.0,2105.0,0.0,100688.0,98508.0,2.25
18.0,93.3,3300.0,0.83,44648.0,2088.0,2557.5,0.0,102060.0,99824.0,2.25
19.0,100.0,3300.0,0.81,46876.0,2016.0,2875.4,0.0,103412.0,101144.0,2.25
20.0,100.0,3299.999,0.78,48272.0,2304.0,2939.6,0.0,104684.0,102464.0,2.25
21.0,100.0,3300.0,0.79,49659.0,2232.0,3121.0,0.0,105824.0,103784.0,2.25
22.0,100.0,3299.999,0.76,50593.0,2304.0,3176.2,0.0,106860.0,104840.0,2.25
23.0,100.0,3300.0,0.76,51495.0,2160.0,3313.6,0.0,108004.0,105896.0,2.25
24.0,100.0,3299.999,0.75,52414.0,1944.0,3311.4,0.0,108992.0,106688.0,2.25
25.0,100.0,3299.999,0.74,52633.0,1872.0,3430.2,0.0,109960.0,107744.0,2.25
26.0,93.8,3300.0,0.75,53025.0,2304.0,3361.7,0.0,110904.0,108800.0,2.25
27.0,100.0,3300.0,0.74,53497.0,2088.0,3441.0,0.0,111696.0,109592.0,2.25
28.0,93.8,3299.999,0.74,53873.0,2016.0,3388.1,0.0,112608.0,110384.0,2.25
29.0,100.0,3300.0,0.71,53865.0,2160.0,3482.6,0.0,113388.0,111440.0,2.25
30.0,100.0,3299.999,0.72,54061.0,1656.0,3504.4,0.0,114312.0,112232.0,2.25
31.0,100.0,3300.0,0.7,54243.0,2304.0,3461.9,0.0,115096.0,113024.0,2.25
32.0,100.0,3299.999,0.7,54341.0,2088.0,3453.4,0.0,116016.0,113816.0,2.25
33.0,100.0,3300.0,0.47,37203.0,2304.0,2364.9,0.0,116528.0,114344.0,2.25
34.0,100.0,3300.0,0.61,49321.0,2232.0,3187.9,0.0,117280.0,115132.0,2.25
35.0,100.0,3299.999,0.68,54447.0,2088.0,3429.6,0.0,118116.0,115924.0,2.25
36.0,100.0,3299.999,0.69,54418.0,2376.0,3455.8,0.0,118748.0,116716.0,2.25
37.0,100.0,3300.0,0.66,54172.0,1728.0,3508.7,0.0,119484.0,117508.0,2.25
38.0,93.8,3299.999,0.67,54405.0,2232.0,3473.6,0.0,120236.0,118036.0,2.25
39.0,100.0,3299.999,0.67,54247.0,2088.0,3448.4,0.0,120828.0,118744.0,2.25
