time,CPU_Utilization,Frequency,IPC,Misses,LLC,MBL,Memory_Footprint,Virt_Memory,Res_Memory,Allocated_Cache
0.0,100.0,3300.0,1.74,1.0,0.0,0.0,0.0,23364.0,21388.0,6.75
1.0,100.0,3300.0,1.37,1793.0,6552.0,214.9,0.0,40024.0,37780.0,6.75
2.0,100.0,3299.999,1.1,4427.0,6408.0,276.8,0.0,52032.0,49932.0,6.75
3.0,100.0,3299.999,0.99,6589.0,6336.0,318.4,0.0,60248.0,58232.0,6.75
4.0,100.0,3300.0,0.91,8836.0,6408.0,460.6,0.0,67160.0,65124.0,6.75
5.0,100.0,3300.0,0.86,10508.0,6048.0,513.8,0.0,73120.0,71072.0,6.75
6.0,100.0,3299.999,0.81,12151.0,6264.0,617.1,0.0,78252.0,76400.0,6.75
7.0,100.0,3300.0,0.77,13059.0,6408.0,601.5,0.0,83432.0,81376.0,6.75
8.0,100.0,3299.999,0.75,14300.0,6264.0,608.4,0.0,87700.0,85848.0,6.75
9.0,100.0,3299.999,0.96,12163.0,6480.0,531.1,0.0,95688.0,93564.0,6.75
10.0,100.0,3299.999,1.4,4781.0,5760.0,138.4,0.0,98872.0,96732.0,6.75
11.0,100.0,3299.999,1.17,11317.0,6192.0,225.6,0.0,101260.0,99108.0,6.75
12.0,100.0,3300.0,1.19,17647.0,6264.0,331.2,0.0,103256.0,101220.0,6.75
13.0,93.8,3299.999,1.14,21863.0,6192.0,589.1,0.0,104980.0,102804.0,6.75
14.0,100.0,3299.999,1.11,25230.0,6624.0,659.0,0.0,106580.0,104652.0,6.75
15.0,100.0,3300.0,1.06,27958.0,5904.0,843.0,0.0,108168.0,105972.0,6.75
16.0,100.0,3300.0,1.03,30561.0,6768.0,1065.0,0.0,109312.0,107288.0,6.75
17.0,100.0,3300.0,0.95,30239.0,6408.0,1019.1,0.0,110616.0,108608.0,6.75
18.0,100.0,3300.0,1.01,33508.0,6480.0,1102.7,0.0,111884.0,109664.0,6.75
19.0,100.0,3299.999,0.98,34968.0,6696.0,1216.3,0.0,112948.0,110984.0,6.75
20.0,100.0,3300.0,0.74,28034.0,6552.0,930.4,0.0,113932.0,111776.0,6.75
21.0,100.0,3299.999,0.94,37150.0,6696.0,1315.1,0.0,115096.0,113096.0,6.75
22.0,100.0,3299.999,0.94,37322.0,6696.0,1323.6,0.0,116172.0,114152.0,6.75
23.0,100.0,3300.0,0.9,38803.0,6624.0,1502.1,0.0,117280.0,115208.0,6.75
24.0,100.0,3299.999,0.89,39547.0,6264.0,1627.7,0.0,118116.0,116000.0,6.75
25.0,93.8,3299.999,0.89,39993.0,6408.0,1630.5,0.0,119268.0,117056.0,6.75
26.0,100.0,3300.0,0.87,40570.0,6480.0,1692.4,0.0,120080.0,118112.0,6.75
27.0,100.0,3300.0,0.87,40391.0,6696.0,1619.0,0.0,121016.0,119076.0,6.75
28.0,100.0,3300.0,0.85,41097.0,6408.0,1643.9,0.0,123696.0,121816.0,6.75
29.0,100.0,3299.999,1.11,13878.0,6408.0,706.4,0.0,130640.0,128680.0,6.75
30.0,100.0,3300.0,1.0,10179.0,5904.0,495.8,0.1,134556.0,132376.0,6.75
31.0,100.0,3299.999,0.92,15748.0,6408.0,597.2,0.1,137088.0,135016.0,6.75
32.0,100.0,3299.999,0.87,19634.0,6480.0,768.0,0.1,139316.0,137388.0,6.75
33.0,100.0,3300.0,0.84,22103.0,6552.0,726.7,0.1,141560.0,139500.0,6.75
34.0,100.0,3299.999,0.81,24845.0,6120.0,898.2,0.1,143136.0,141084.0,6.75
35.0,100.0,3299.999,0.76,25667.0,6624.0,976.7,0.1,144896.0,142932.0,6.75
36.0,100.0,3299.999,0.64,24279.0,6336.0,979.8,0.1,146364.0,144252.0,6.75
37.0,100.0,3300.0,0.74,28639.0,6552.0,1144.2,0.1,147728.0,145572.0,6.75
38.0,100.0,3299.999,0.74,30350.0,6480.0,1255.1,0.1,149160.0,147156.0,6.75
39.0,93.8,3300.0,0.71,30096.0,6768.0,1274.3,0.1,150648.0,148740.0,6.75
