time,CPU_Utilization,Frequency,IPC,Misses,LLC,MBL,Memory_Footprint,Virt_Memory,Res_Memory,Allocated_Cache
0.0,100.0,3299.999,2.09,2.0,0.0,0.0,0.0,11760.0,9772.0,13.5
1.0,100.0,3299.999,1.93,126.0,9504.0,14.8,0.0,10988.0,9096.0,13.5
2.0,100.0,3299.999,1.91,181.0,11736.0,21.9,0.0,7968.0,6276.0,13.5
3.0,100.0,3300.0,2.02,206.0,12672.0,28.1,0.0,9204.0,7212.0,13.5
4.0,100.0,3300.0,1.9,420.0,13104.0,59.1,0.0,9328.0,7372.0,13.5
5.0,100.0,3299.999,2.1,253.0,12600.0,25.0,0.0,23732.0,21784.0,13.5
6.0,100.0,3300.0,1.84,1120.0,12960.0,154.0,0.0,10632.0,8684.0,13.5
7.0,100.0,3300.0,2.11,787.0,12744.0,31.4,0.0,10556.0,8696.0,13.5
8.0,93.8,3300.0,1.75,408.0,13464.0,71.2,0.0,43600.0,41796.0,13.5
9.0,93.8,3299.999,1.99,5928.0,13176.0,480.5,0.0,12836.0,10896.0,13.5
10.0,100.0,3300.0,2.14,81.0,12816.0,7.7,0.0,10948.0,9124.0,13.5
11.0,100.0,3299.999,1.82,482.0,13680.0,85.9,0.0,54244.0,52204.0,13.5
12.0,100.0,3299.999,1.83,2676.0,13392.0,281.6,0.0,10804.0,8936.0,13.5
13.0,93.8,3299.999,2.07,8428.0,13032.0,523.4,0.0,13672.0,11756.0,13.5
14.0,100.0,3299.999,2.06,48.0,13032.0,2.7,0.0,39488.0,37644.0,13.5
15.0,100.0,3300.0,1.58,740.0,14112.0,118.0,0.0,61932.0,60104.0,13.5
16.0,100.0,3300.0,1.89,3521.0,14112.0,350.7,0.0,9856.0,8120.0,13.5
17.0,100.0,3299.999,2.18,11705.0,12960.0,807.0,0.0,14168.0,12260.0,13.5
18.0,93.3,3300.0,2.06,52.0,12384.0,2.9,0.0,37980.0,36088.0,13.5
19.0,100.0,3299.999,1.63,2334.0,13464.0,241.5,0.0,78952.0,77132.0,13.5
20.0,87.5,3300.0,2.17,3665.0,13248.0,388.5,0.0,11740.0,9936.0,13.5
21.0,93.8,3300.0,2.14,20943.0,12816.0,1362.8,0.0,13588.0,11696.0,13.5
22.0,100.0,3300.001,2.08,41.0,12528.0,6.1,0.0,13588.0,11696.0,13.5
23.0,100.0,3300.0,2.04,58.0,11880.0,3.1,0.0,49684.0,47648.0,13.5
24.0,93.8,3300.0,1.67,1455.0,13104.0,214.0,0.0,75168.0,72992.0,13.5
25.0,100.0,3299.999,1.52,6371.0,13824.0,634.6,0.0,106796.0,104856.0,13.5
26.0,100.0,3300.0,2.28,855.0,13680.0,82.1,0.0,106796.0,104856.0,13.5
27.0,100.0,3299.999,1.84,37073.0,13032.0,2459.9,0.0,11616.0,9704.0,13.5
28.0,100.0,3299.999,2.08,132.0,12672.0,18.9,0.0,15932.0,13916.0,13.5
29.0,100.0,3300.0,1.9,33.0,13176.0,0.5,0.0,15932.0,13916.0,13.5
30.0,100.0,3300.0,2.08,31.0,12528.0,0.5,0.0,16548.0,14592.0,13.5
31.0,100.0,3300.0,2.15,185.0,13752.0,43.7,0.0,82680.0,80692.0,13.5
32.0,100.0,3299.999,1.35,1984.0,14184.0,256.6,0.0,128388.0,126340.0,13.5
33.0,100.0,3299.999,1.66,7756.0,13968.0,753.8,0.0,127164.0,125228.0,13.5
34.0,93.8,3300.0,2.28,616.0,14256.0,58.1,0.0,127164.0,125228.0,13.5
35.0,100.0,3300.0,1.91,55581.0,13032.0,3407.3,0.0,12252.0,10516.0,13.5
36.0,100.0,3299.999,2.22,108.0,13176.0,10.1,0.0,16816.0,14804.0,13.5
37.0,100.0,3299.999,2.14,89.0,12384.0,13.6,0.0,16816.0,14804.0,13.5
38.0,100.0,3299.999,2.07,33.0,12528.0,0.8,0.0,16816.0,14804.0,13.5
39.0,100.0,3300.0,2.09,29.0,12168.0,0.1,0.0,20080.0,18112.0,13.5
