time,CPU_Utilization,Frequency,IPC,Misses,LLC,MBL,Memory_Footprint,Virt_Memory,Res_Memory,Allocated_Cache
0.0,100.0,3300.0,2.12,2.0,0.0,0.0,0.0,10108.0,8288.0,9.0
1.0,93.3,3299.999,1.93,209.0,6984.0,18.4,0.0,10988.0,9104.0,9.0
2.0,100.0,3299.999,1.99,371.0,8280.0,44.9,0.0,11072.0,9188.0,9.0
3.0,100.0,3299.999,2.02,539.0,8352.0,61.8,0.0,11132.0,9244.0,9.0
4.0,100.0,3300.0,1.9,783.0,8856.0,92.5,0.0,8548.0,6816.0,9.0
5.0,100.0,3299.999,2.09,778.0,8424.0,81.1,0.0,23072.0,21264.0,9.0
6.0,100.0,3300.0,1.81,1885.0,8496.0,192.2,0.0,8576.0,6560.0,9.0
7.0,100.0,3299.999,2.12,1353.0,8784.0,52.3,0.0,10556.0,8704.0,9.0
8.0,100.0,3300.0,1.73,547.0,9144.0,75.2,0.0,43600.0,41804.0,9.0
9.0,100.0,3299.999,2.0,7447.0,8712.0,567.8,0.0,12836.0,10904.0,9.0
10.0,100.0,3299.999,2.14,99.0,8352.0,7.5,0.0,10948.0,9132.0,9.0
11.0,100.0,3299.999,1.8,592.0,9144.0,83.2,0.0,44280.0,42284.0,9.0
12.0,100.0,3299.999,1.82,3141.0,8928.0,298.1,0.0,10804.0,8944.0,9.0
13.0,100.0,3300.0,2.08,10609.0,8136.0,666.6,0.0,13672.0,11764.0,9.0
14.0,100.0,3300.0,2.07,75.0,8280.0,3.2,0.0,38696.0,36860.0,9.0
15.0,100.0,3299.999,1.57,886.0,9792.0,122.6,0.0,61932.0,60112.0,9.0
16.0,100.0,3299.999,1.9,4946.0,8856.0,415.1,0.0,11124.0,9192.0,9.0
17.0,93.8,3299.999,2.17,14660.0,8280.0,957.8,0.0,14168.0,12268.0,9.0
18.0,100.0,3299.999,2.06,83.0,8640.0,3.3,0.0,13560.0,11808.0,9.0
19.0,100.0,3299.999,1.62,2567.0,8496.0,236.0,0.0,78952.0,77140.0,9.0
20.0,100.0,3299.999,2.16,3993.0,9360.0,393.4,0.0,78952.0,77140.0,9.0
21.0,100.0,3300.0,2.13,25164.0,8352.0,1512.8,0.0,13588.0,11704.0,9.0
22.0,100.0,3300.0,2.08,56.0,8424.0,7.6,0.0,13588.0,11704.0,9.0
23.0,100.0,3299.999,1.44,85.0,8208.0,8.8,0.0,14824.0,12904.0,9.0
24.0,100.0,3300.0,1.85,901.0,9000.0,160.3,0.0,71076.0,69040.0,9.0
25.0,100.0,3300.0,1.27,5204.0,9288.0,456.6,0.0,106796.0,104864.0,9.0
26.0,100.0,3299.999,2.2,2900.0,9720.0,303.7,0.0,106796.0,104864.0,9.0
27.0,100.0,3300.0,1.95,45691.0,8136.0,2745.8,0.0,12752.0,10768.0,9.0
28.0,100.0,3300.0,1.72,103.0,8784.0,7.7,0.0,15932.0,13924.0,9.0
29.0,100.0,3299.999,1.7,156.0,8280.0,14.1,0.0,15932.0,13924.0,9.0
30.0,100.0,3300.0,1.98,46.0,8136.0,1.6,0.0,15932.0,13924.0,9.0
31.0,100.0,3300.0,2.06,169.0,8712.0,14.3,0.0,16548.0,14600.0,9.0
32.0,100.0,3300.0,1.94,1142.0,9216.0,208.8,0.0,84264.0,82284.0,9.0
33.0,100.0,3299.999,1.28,2584.0,9648.0,163.4,0.0,127164.0,125236.0,9.0
34.0,100.0,3300.0,2.05,6891.0,9360.0,696.9,0.0,127164.0,125236.0,9.0
35.0,100.0,3299.999,2.09,3983.0,9144.0,267.2,0.0,127164.0,125236.0,9.0
36.0,100.0,3300.001,2.0,61876.0,8424.0,3896.3,0.0,12252.0,10524.0,9.0
37.0,100.0,3299.999,2.28,217.0,8712.0,25.2,0.0,16816.0,14812.0,9.0
38.0,100.0,3299.999,2.04,63.0,8496.0,3.4,0.0,16816.0,14812.0,9.0
39.0,100.0,3300.0,1.94,45.0,8280.0,0.5,0.0,16816.0,14812.0,9.0
