time,CPU_Utilization,Frequency,IPC,Misses,LLC,MBL,Memory_Footprint,Virt_Memory,Res_Memory,Allocated_Cache
0.0,100.0,3300.0,2.24,0.0,0.0,0.0,0.0,10108.0,8248.0,22.5
1.0,100.0,3300.0,1.93,87.0,11880.0,13.9,0.0,10988.0,9064.0,22.5
2.0,100.0,3299.999,2.0,91.0,17280.0,19.3,0.0,8700.0,6856.0,22.5
3.0,100.0,3299.999,2.03,83.0,19584.0,12.2,0.0,9204.0,7180.0,22.5
4.0,100.0,3300.0,1.91,124.0,20160.0,27.1,0.0,10060.0,8132.0,22.5
5.0,100.0,3300.001,2.08,91.0,20664.0,6.6,0.0,23468.0,21488.0,22.5
6.0,100.0,3299.999,1.75,455.0,20952.0,64.3,0.0,9776.0,7840.0,22.5
7.0,100.0,3299.999,2.12,119.0,20304.0,9.2,0.0,10556.0,8664.0,22.5
8.0,100.0,3300.0,1.75,213.0,22032.0,47.0,0.0,43600.0,41764.0,22.5
9.0,100.0,3300.0,2.02,1886.0,22176.0,178.3,0.0,12836.0,10864.0,22.5
10.0,100.0,3299.999,2.14,76.0,21312.0,7.7,0.0,10948.0,9092.0,22.5
11.0,100.0,3299.999,1.8,309.0,22608.0,70.9,0.0,54244.0,52172.0,22.5
12.0,100.0,3299.999,1.83,1924.0,22320.0,212.3,0.0,10804.0,8904.0,22.5
13.0,100.0,3300.0,2.1,2652.0,21384.0,182.7,0.0,13672.0,11724.0,22.5
14.0,100.0,3299.999,2.06,48.0,19368.0,2.7,0.0,39488.0,37612.0,22.5
15.0,100.0,3299.999,1.56,541.0,22176.0,97.0,0.0,61932.0,60072.0,22.5
16.0,100.0,3300.0,1.93,3767.0,22032.0,350.4,0.0,9856.0,8088.0,22.5
17.0,100.0,3299.999,2.19,3740.0,22320.0,240.5,0.0,14168.0,12228.0,22.5
18.0,100.0,3300.0,2.06,47.0,20448.0,2.5,0.0,41544.0,39752.0,22.5
19.0,93.8,3299.999,1.59,2778.0,22752.0,298.5,0.0,78952.0,77100.0,22.5
20.0,100.0,3300.0,2.22,2104.0,22608.0,221.3,0.0,9624.0,7532.0,22.5
21.0,100.0,3300.0,2.14,13131.0,21816.0,796.4,0.0,13588.0,11664.0,22.5
22.0,100.0,3300.001,2.08,31.0,21384.0,0.4,0.0,13588.0,11664.0,22.5
23.0,100.0,3299.999,2.04,48.0,21600.0,3.4,0.0,38992.0,37056.0,22.5
24.0,100.0,3299.999,1.56,1230.0,23040.0,189.5,0.0,74508.0,72432.0,22.5
25.0,100.0,3300.0,1.53,5690.0,22968.0,558.4,0.0,106796.0,104824.0,22.5
26.0,100.0,3299.999,2.28,785.0,22464.0,73.5,0.0,106796.0,104824.0,22.5
27.0,100.0,3299.999,1.96,23780.0,22032.0,1595.6,0.0,10212.0,8356.0,22.5
28.0,100.0,3299.999,2.24,121.0,19728.0,17.4,0.0,15932.0,13884.0,22.5
29.0,100.0,3299.999,2.04,29.0,19440.0,0.1,0.0,15932.0,13884.0,22.5
30.0,100.0,3299.999,2.05,54.0,19656.0,4.6,0.0,16548.0,14560.0,22.5
31.0,100.0,3299.999,2.06,443.0,23184.0,141.0,0.0,83208.0,81188.0,22.5
32.0,100.0,3299.999,1.32,1546.0,23112.0,130.5,0.0,127164.0,125196.0,22.5
33.0,93.8,3300.0,1.88,7011.0,22608.0,688.7,0.0,127164.0,125196.0,22.5
34.0,100.0,3299.999,2.24,766.0,23040.0,72.2,0.0,127164.0,125196.0,22.5
35.0,100.0,3300.0,1.95,38018.0,21960.0,2478.7,0.0,12252.0,10484.0,22.5
36.0,100.0,3300.0,2.28,126.0,22320.0,16.4,0.0,16816.0,14772.0,22.5
37.0,100.0,3299.999,2.04,41.0,21024.0,1.3,0.0,16816.0,14772.0,22.5
38.0,100.0,3300.0,2.07,32.0,20952.0,0.2,0.0,16816.0,14772.0,22.5
39.0,100.0,3300.0,2.09,59.0,20952.0,6.0,0.0,20080.0,18080.0,22.5
