time,CPU_Utilization,Frequency,IPC,Misses,LLC,MBL,Memory_Footprint,Virt_Memory,Res_Memory,Allocated_Cache
0.0,100.0,3300.0,2.26,0.0,0.0,0.0,0.0,10108.0,8192.0,15.75
1.0,100.0,3300.014,1.93,115.0,10800.0,16.1,0.0,10988.0,9008.0,15.75
2.0,100.0,3299.999,2.0,141.0,12672.0,18.4,0.0,8700.0,6712.0,15.75
3.0,100.0,3300.0,2.02,139.0,14544.0,16.8,0.0,8472.0,6692.0,15.75
4.0,100.0,3299.999,1.91,300.0,15480.0,45.5,0.0,10144.0,8152.0,15.75
5.0,100.0,3300.0,2.09,195.0,14616.0,15.7,0.0,23996.0,21960.0,15.75
6.0,100.0,3299.999,1.83,1027.0,15480.0,157.4,0.0,12088.0,10104.0,15.75
7.0,100.0,3299.999,2.13,291.0,15264.0,22.8,0.0,8448.0,6396.0,15.75
8.0,100.0,3300.0,1.73,360.0,15984.0,68.0,0.0,43600.0,41708.0,15.75
9.0,100.0,3299.999,2.03,4599.0,15120.0,417.0,0.0,12836.0,10808.0,15.75
10.0,100.0,3299.999,2.13,80.0,14472.0,6.2,0.0,10948.0,9036.0,15.75
11.0,100.0,3300.0,1.79,450.0,15840.0,78.8,0.0,54244.0,52116.0,15.75
12.0,100.0,3299.999,1.78,2488.0,15624.0,266.0,0.0,10804.0,8848.0,15.75
13.0,100.0,3299.999,2.08,4665.0,14688.0,378.4,0.0,13672.0,11668.0,15.75
14.0,93.3,3299.999,2.05,43.0,14688.0,2.2,0.0,39356.0,37292.0,15.75
15.0,100.0,3300.0,1.58,687.0,15984.0,111.3,0.0,61932.0,60016.0,15.75
16.0,100.0,3300.0,1.9,3375.0,15840.0,331.1,0.0,9856.0,8032.0,15.75
17.0,100.0,3299.999,2.14,6686.0,15768.0,557.8,0.0,14168.0,12172.0,15.75
18.0,100.0,3300.0,1.98,49.0,14904.0,2.4,0.0,22140.0,20160.0,15.75
19.0,100.0,3300.0,1.69,1235.0,15984.0,170.9,0.0,78952.0,77044.0,15.75
20.0,100.0,3300.0,1.93,4319.0,16128.0,440.6,0.0,78952.0,77044.0,15.75
21.0,100.0,3299.999,2.08,15729.0,15264.0,1068.9,0.0,13588.0,11608.0,15.75
22.0,100.0,3300.0,2.12,89.0,14760.0,6.3,0.0,13588.0,11608.0,15.75
23.0,100.0,3300.0,2.02,49.0,14904.0,4.6,0.0,17872.0,15880.0,15.75
24.0,100.0,3300.0,1.8,1094.0,16200.0,192.7,0.0,73848.0,71584.0,15.75
25.0,100.0,3300.0,1.37,6421.0,16272.0,626.2,0.0,106796.0,104768.0,15.75
26.0,100.0,3299.999,2.29,686.0,16344.0,64.6,0.0,106796.0,104768.0,15.75
27.0,100.0,3300.0,1.64,34204.0,15408.0,2214.2,0.0,11484.0,9660.0,15.75
28.0,100.0,3299.999,2.25,133.0,14904.0,18.1,0.0,15932.0,13828.0,15.75
29.0,100.0,3300.0,2.06,29.0,14976.0,0.5,0.0,15932.0,13828.0,15.75
30.0,100.0,3299.999,2.07,29.0,14760.0,0.3,0.0,16548.0,14504.0,15.75
31.0,100.0,3300.0,2.14,83.0,14616.0,8.5,0.0,82680.0,80604.0,15.75
32.0,100.0,3299.999,1.44,1866.0,16488.0,269.5,0.0,89412.0,87204.0,15.75
33.0,100.0,3300.0,1.57,7573.0,16128.0,756.5,0.0,127164.0,125140.0,15.75
34.0,100.0,3300.0,2.29,612.0,16920.0,59.9,0.0,127164.0,125140.0,15.75
35.0,100.0,3300.0,1.93,51055.0,15696.0,3156.3,0.0,13520.0,11436.0,15.75
36.0,100.0,3299.999,2.22,108.0,12528.0,11.5,0.0,16816.0,14716.0,15.75
37.0,100.0,3299.999,1.85,97.0,14040.0,20.6,0.0,16816.0,14716.0,15.75
38.0,100.0,3300.0,1.9,34.0,13824.0,0.5,0.0,16816.0,14716.0,15.75
39.0,100.0,3300.0,2.08,28.0,14184.0,0.0,0.0,16816.0,14716.0,15.75
