time,CPU_Utilization,Frequency,IPC,Misses,LLC,MBL,Memory_Footprint,Virt_Memory,Res_Memory,Allocated_Cache
0.0,100.0,3300.0,2.25,0.0,0.0,0.0,0.0,7720.0,5748.0,24.75
0.0,100.0,3299.999,2.25,0.0,0.0,0.0,0.0,8936.0,7092.0,24.75
1.0,100.0,3300.0,1.92,121.0,16488.0,22.9,0.0,8732.0,6768.0,24.75
2.0,100.0,3299.999,2.0,58.0,18144.0,3.4,0.0,7968.0,6240.0,24.75
3.0,100.0,3300.0,2.03,60.0,21168.0,11.7,0.0,9204.0,7268.0,24.75
4.0,93.8,3300.0,1.91,120.0,22104.0,26.8,0.0,11600.0,9668.0,24.75
5.0,100.0,3299.999,2.09,87.0,21888.0,8.3,0.0,24260.0,22276.0,24.75
6.0,100.0,3300.0,1.84,383.0,22104.0,63.7,0.0,12088.0,10156.0,24.75
7.0,100.0,3299.999,2.12,73.0,21888.0,7.9,0.0,18896.0,17008.0,24.75
8.0,100.0,3300.0,1.72,178.0,22752.0,32.0,0.0,43600.0,41760.0,24.75
9.0,100.0,3299.999,2.08,1027.0,24120.0,120.2,0.0,12836.0,10860.0,24.75
10.0,93.8,3300.0,2.12,69.0,23184.0,9.5,0.0,9464.0,7528.0,24.75
11.0,93.8,3299.999,1.77,280.0,24264.0,51.7,0.0,54244.0,52168.0,24.75
12.0,93.8,3300.0,1.83,1779.0,24192.0,189.8,0.0,9536.0,7760.0,24.75
13.0,100.0,3299.999,2.16,338.0,24336.0,42.9,0.0,13672.0,11720.0,24.75
14.0,100.0,3299.999,2.07,34.0,23400.0,0.9,0.0,40808.0,38928.0,24.75
15.0,100.0,3299.999,1.51,490.0,24840.0,87.2,0.0,61932.0,60068.0,24.75
16.0,100.0,3300.0,2.0,2768.0,24336.0,309.4,0.0,8676.0,6948.0,24.75
17.0,100.0,3299.999,2.2,311.0,23760.0,36.9,0.0,14168.0,12224.0,24.75
18.0,93.3,3299.999,2.07,40.0,24336.0,1.2,0.0,55420.0,53476.0,24.75
19.0,100.0,3300.0,1.54,4114.0,25056.0,479.5,0.0,78952.0,77096.0,24.75
20.0,93.8,3300.0,2.13,536.0,24552.0,54.7,0.0,78952.0,77096.0,24.75
21.0,100.0,3299.999,1.36,3855.0,24336.0,225.8,0.0,13588.0,11660.0,24.75
22.0,100.0,3300.0,2.14,107.0,24552.0,13.7,0.0,13588.0,11660.0,24.75
23.0,100.0,3299.999,1.99,40.0,24336.0,4.5,0.0,14824.0,12860.0,24.75
24.0,100.0,3300.0,1.93,716.0,25056.0,143.9,0.0,72792.0,70844.0,24.75
25.0,100.0,3300.0,1.28,5339.0,25128.0,500.4,0.0,106796.0,104820.0,24.75
26.0,100.0,3300.01,2.26,1096.0,24480.0,116.3,0.0,106796.0,104820.0,24.75
27.0,100.0,3300.0,2.01,17045.0,24480.0,1290.7,0.0,11484.0,9712.0,24.75
28.0,100.0,3300.0,2.25,120.0,23688.0,19.5,0.0,15932.0,13880.0,24.75
29.0,100.0,3300.0,1.81,20.0,23400.0,0.1,0.0,15932.0,13880.0,24.75
30.0,100.0,3299.999,1.74,22.0,23328.0,0.1,0.0,16548.0,14556.0,24.75
31.0,100.0,3300.001,2.09,69.0,22968.0,10.4,0.0,65088.0,62968.0,24.75
32.0,100.0,3299.999,1.69,1379.0,24984.0,217.8,0.0,88224.0,86200.0,24.75
33.0,100.0,3300.0,1.34,7043.0,25344.0,685.6,0.0,127164.0,125192.0,24.75
34.0,100.0,3299.999,2.3,608.0,25056.0,58.3,0.0,127164.0,125192.0,24.75
35.0,100.0,3300.0,2.02,22078.0,24768.0,1579.6,0.0,13520.0,11488.0,24.75
36.0,93.3,3300.0,2.15,10523.0,24336.0,751.6,0.0,16816.0,14768.0,24.75
37.0,100.0,3299.999,2.21,114.0,23976.0,17.0,0.0,16816.0,14768.0,24.75
38.0,100.0,3299.999,2.05,21.0,23904.0,0.2,0.0,16816.0,14768.0,24.75
39.0,100.0,3299.999,2.1,20.0,23904.0,0.0,0.0,11788.0,9904.0,24.75
40.0,100.0,3300.0,2.06,91.0,23688.0,13.8,0.0,13756.0,11640.0,24.75
41.0,100.0,3300.0,2.26,513.0,24480.0,176.3,0.0,108580.0,106416.0,24.75
42.0,100.0,3299.999,1.32,1742.0,24840.0,157.9,0.0,117292.0,115124.0,24.75
43.0,100.0,3300.0,1.31,726.0,24984.0,63.8,0.1,172688.0,170616.0,24.75
44.0,100.0,3300.0,1.84,9734.0,24840.0,966.0,0.1,172688.0,170616.0,24.75
45.0,100.0,3299.999,2.29,563.0,25128.0,53.7,0.1,172688.0,170616.0,24.75
46.0,100.0,3300.0,1.84,25980.0,25128.0,1659.2,0.1,172688.0,170616.0,24.75
47.0,100.0,3299.999,2.05,42900.0,24552.0,2675.6,0.0,13900.0,12128.0,24.75
48.0,100.0,3300.0,2.39,120.0,24048.0,13.5,0.0,20448.0,18296.0,24.75
49.0,100.0,3300.0,2.23,65.0,24048.0,13.5,0.0,20448.0,18296.0,24.75
50.0,100.0,3299.999,2.06,21.0,23472.0,0.1,0.0,20448.0,18296.0,24.75
51.0,93.8,3300.0,2.08,20.0,23256.0,0.1,0.0,20448.0,18296.0,24.75
52.0,100.0,3300.0,1.98,85.0,23544.0,12.2,0.0,23312.0,21284.0,24.75
53.0,93.3,3299.999,2.27,54.0,23328.0,3.0,0.0,66948.0,64760.0,24.75
54.0,100.0,3299.999,2.12,1480.0,24912.0,319.6,0.0,133452.0,131552.0,24.75
55.0,100.0,3300.0,1.29,1226.0,25056.0,98.6,0.1,142824.0,140792.0,24.75
56.0,93.8,3299.999,1.3,862.0,24696.0,69.5,0.1,171496.0,169484.0,24.75
57.0,100.0,3299.999,1.41,12425.0,25272.0,1208.9,0.1,213244.0,211272.0,24.75
58.0,100.0,3299.999,2.29,644.0,25128.0,61.5,0.1,213244.0,211272.0,24.75
59.0,100.0,3300.0,2.29,683.0,25056.0,59.2,0.1,213244.0,211272.0,24.75
60.0,100.0,3300.0,1.66,40454.0,24552.0,2518.7,0.1,213244.0,211272.0,24.75
61.0,100.0,3299.999,2.0,63219.0,23976.0,3890.3,0.0,15292.0,13516.0,24.75
62.0,87.5,3300.0,1.96,33.0,23400.0,0.8,0.0,14660.0,12648.0,24.75
63.0,93.8,3299.999,2.62,180.0,23760.0,26.6,0.0,23268.0,21220.0,24.75
64.0,100.0,3299.999,2.05,26.0,23616.0,1.1,0.0,23268.0,21220.0,24.75
65.0,100.0,3300.0,2.1,21.0,23472.0,0.1,0.0,23268.0,21220.0,24.75
66.0,100.0,3299.999,2.09,20.0,23328.0,0.1,0.0,23268.0,21220.0,24.75
67.0,100.0,3300.0,2.06,72.0,23976.0,4.4,0.0,26304.0,24340.0,24.75
68.0,100.0,3300.0,2.08,58.0,23832.0,7.2,0.0,18172.0,16072.0,24.75
69.0,100.0,3299.999,2.69,578.0,25128.0,197.2,0.1,149796.0,147808.0,24.75
70.0,100.0,3300.0,1.35,1951.0,24840.0,236.7,0.1,160224.0,158368.0,24.75
71.0,100.0,3300.0,1.28,1094.0,24912.0,88.9,0.1,169860.0,167872.0,24.75
72.0,100.0,3300.0,1.29,951.0,24840.0,80.7,0.1,253856.0,251828.0,24.75
73.0,93.8,3300.0,1.46,14991.0,25056.0,1473.5,0.1,251480.0,249588.0,24.75
74.0,93.8,3299.999,2.29,640.0,24840.0,57.9,0.1,251480.0,249588.0,24.75
75.0,100.0,3299.999,2.29,824.0,24840.0,77.6,0.1,251480.0,249588.0,24.75
76.0,100.0,3300.0,1.7,4073.0,25200.0,321.4,0.1,251480.0,249588.0,24.75
77.0,100.0,3299.999,1.91,105056.0,24624.0,6839.1,0.0,17784.0,15924.0,24.75
78.0,100.0,3299.999,2.07,39327.0,24480.0,2564.9,0.0,16516.0,14744.0,24.75
79.0,100.0,3299.999,2.26,147.0,24336.0,14.6,0.0,18212.0,16344.0,24.75
80.0,100.0,3300.0,2.9,71.0,24192.0,13.1,0.0,25616.0,23616.0,24.75
81.0,100.0,3300.0,2.05,27.0,24264.0,1.3,0.0,25616.0,23616.0,24.75
82.0,100.0,3299.999,2.1,21.0,23832.0,0.1,0.0,25616.0,23616.0,24.75
83.0,100.0,3300.0,2.08,22.0,23328.0,0.4,0.0,25616.0,23616.0,24.75
84.0,100.0,3300.0,2.04,20.0,23544.0,0.4,0.0,29408.0,27376.0,24.75
85.0,100.0,3299.999,2.05,150.0,23472.0,23.6,0.0,14748.0,12744.0,24.75
86.0,100.0,3300.0,2.88,64.0,23832.0,4.7,0.0,80100.0,77560.0,24.75
87.0,100.0,3300.0,2.09,1646.0,25272.0,413.5,0.1,174068.0,171280.0,24.75
88.0,100.0,3300.0,1.29,1524.0,25056.0,129.0,0.1,184892.0,182368.0,24.75
89.0,100.0,3300.0,1.27,1207.0,24840.0,112.8,0.1,194264.0,191608.0,24.75
90.0,100.0,3300.0,1.3,909.0,25056.0,78.5,0.1,200732.0,198208.0,24.75
91.0,100.0,3299.999,1.24,13306.0,25200.0,1250.6,0.1,288844.0,286264.0,24.75
92.0,100.0,3300.0,2.09,4984.0,24840.0,549.4,0.1,288844.0,286264.0,24.75
93.0,100.0,3300.0,2.29,676.0,24984.0,65.0,0.1,288844.0,286264.0,24.75
94.0,100.0,3299.999,2.3,857.0,25056.0,74.3,0.1,288844.0,286264.0,24.75
95.0,100.0,3300.0,1.53,16665.0,25200.0,1091.9,0.1,288844.0,286264.0,24.75
96.0,100.0,3299.999,1.89,110131.0,25056.0,6721.4,0.1,288844.0,286264.0,24.75
97.0,100.0,3299.999,2.03,60344.0,23976.0,3720.1,0.0,18128.0,16080.0,24.75
98.0,100.0,3300.0,2.22,40.0,23832.0,1.1,0.0,16576.0,14436.0,24.75
99.0,100.0,3299.999,3.1,168.0,24048.0,21.3,0.0,28768.0,26128.0,24.75
100.0,93.8,3299.999,2.33,117.0,23688.0,15.2,0.0,28768.0,26128.0,24.75
101.0,100.0,3299.999,2.01,23.0,23616.0,0.8,0.0,28768.0,26128.0,24.75
102.0,100.0,3300.0,2.1,20.0,23544.0,0.0,0.0,28768.0,26128.0,24.75
103.0,100.0,3299.999,2.06,22.0,23544.0,0.2,0.0,28768.0,26128.0,24.75
104.0,93.8,3300.0,2.02,20.0,23256.0,0.1,0.0,31624.0,29464.0,24.75
105.0,100.0,3300.0,2.03,181.0,23688.0,22.1,0.0,31624.0,29464.0,24.75
106.0,100.0,3299.999,2.69,84.0,24048.0,7.2,0.0,25324.0,22716.0,24.75
107.0,100.0,3299.999,2.61,796.0,25056.0,262.6,0.1,186876.0,184212.0,24.75
108.0,100.0,3300.0,1.35,2104.0,24912.0,266.2,0.1,196644.0,193980.0,24.75
109.0,100.0,3300.0,1.28,1345.0,24984.0,116.7,0.1,206544.0,204012.0,24.75
110.0,100.0,3299.999,1.29,984.0,25056.0,82.3,0.1,214464.0,211932.0,24.75
111.0,100.0,3299.999,1.3,856.0,24768.0,72.4,0.1,285124.0,281964.0,24.75
112.0,100.0,3299.999,1.27,19064.0,25056.0,1875.7,0.1,315060.0,312552.0,24.75
113.0,100.0,3300.0,2.29,721.0,24840.0,64.9,0.1,315060.0,312552.0,24.75
114.0,100.0,3299.999,2.29,766.0,24912.0,71.2,0.1,315060.0,312552.0,24.75
115.0,100.0,3300.0,2.29,888.0,25128.0,77.1,0.1,315060.0,312552.0,24.75
116.0,100.0,3299.999,1.5,11711.0,24480.0,780.1,0.1,315060.0,312552.0,24.75
117.0,93.8,3300.0,1.89,113853.0,24912.0,6989.4,0.1,315060.0,312552.0,24.75
118.0,100.0,3300.0,1.97,97605.0,23904.0,6003.9,0.0,20344.0,18172.0,24.75
119.0,93.3,3299.999,2.13,66.0,23832.0,3.2,0.0,21160.0,18984.0,24.75
120.0,93.3,3300.0,2.57,162.0,23760.0,20.2,0.0,25376.0,22764.0,24.75
121.0,100.0,3300.0,3.16,101.0,23976.0,15.2,0.0,29700.0,27100.0,24.75
122.0,100.0,3299.999,2.05,34.0,24048.0,1.0,0.0,29700.0,27100.0,24.75
123.0,100.0,3300.0,2.1,24.0,23832.0,0.4,0.0,29700.0,27100.0,24.75
124.0,100.0,3299.999,2.09,21.0,23760.0,0.2,0.0,29700.0,27100.0,24.75
125.0,100.0,3300.0,2.04,20.0,23400.0,0.1,0.0,29700.0,27100.0,24.75
126.0,100.0,3299.999,2.02,51.0,23616.0,1.3,0.0,34156.0,31784.0,24.75
127.0,100.0,3300.0,2.06,218.0,24336.0,37.5,0.0,34156.0,31784.0,24.75
128.0,100.0,3300.0,2.65,111.0,24120.0,21.6,0.0,25860.0,23396.0,24.75
129.0,93.8,3299.999,2.94,495.0,24768.0,184.6,0.1,204588.0,202120.0,24.75
130.0,100.0,3300.0,1.4,2485.0,25200.0,393.0,0.1,212376.0,209776.0,24.75
131.0,100.0,3300.0,1.28,1418.0,24768.0,114.8,0.1,222804.0,220336.0,24.75
132.0,100.0,3300.0,1.28,1157.0,24768.0,98.9,0.1,231912.0,229312.0,24.75
133.0,100.0,3299.999,1.29,1030.0,25056.0,86.8,0.1,239172.0,236704.0,24.75
134.0,100.0,3299.999,1.08,11374.0,25344.0,848.3,0.1,346020.0,343660.0,24.75
135.0,100.0,3300.0,1.88,11136.0,24840.0,1368.5,0.1,346020.0,343660.0,24.75
136.0,100.0,3300.0,2.28,645.0,24984.0,60.7,0.1,346020.0,343660.0,24.75
137.0,100.0,3299.999,2.29,850.0,25056.0,71.2,0.1,346020.0,343660.0,24.75
138.0,100.0,3299.999,2.29,924.0,25200.0,80.0,0.1,346020.0,343660.0,24.75
139.0,100.0,3300.0,1.43,12082.0,25272.0,822.5,0.1,346020.0,343660.0,24.75
140.0,100.0,3299.999,1.87,116438.0,24912.0,7324.7,0.1,346020.0,343660.0,24.75
141.0,100.0,3300.0,1.88,116000.0,24840.0,7299.6,0.0,21420.0,19192.0,24.75
142.0,100.0,3299.999,2.12,24668.0,24048.0,1576.8,0.0,20152.0,18052.0,24.75
143.0,100.0,3300.0,2.24,89.0,24336.0,6.3,0.0,20652.0,18220.0,24.75
144.0,100.0,3299.999,3.12,130.0,23328.0,26.6,0.0,29076.0,26616.0,24.75
145.0,100.0,3300.0,2.67,108.0,24192.0,16.6,0.0,31476.0,28972.0,24.75
146.0,100.0,3300.0,2.06,32.0,23976.0,2.2,0.0,31476.0,28972.0,24.75
147.0,100.0,3300.0,2.1,22.0,23904.0,0.8,0.0,31476.0,28972.0,24.75
148.0,100.0,3299.999,2.07,23.0,23832.0,0.3,0.0,31476.0,28972.0,24.75
149.0,100.0,3299.999,2.04,22.0,23760.0,0.9,0.0,31476.0,28972.0,24.75
150.0,100.0,3299.999,2.05,21.0,23616.0,0.6,0.0,28388.0,26432.0,24.75
151.0,100.0,3300.0,1.99,274.0,24336.0,43.7,0.0,36448.0,34408.0,24.75
152.0,100.0,3299.999,2.17,94.0,23328.0,10.8,0.0,21260.0,19184.0,24.75
153.0,100.0,3299.999,3.44,94.0,23832.0,13.1,0.0,106368.0,104016.0,24.75
154.0,100.0,3300.0,1.97,1844.0,24840.0,495.6,0.1,223780.0,221496.0,24.75
155.0,100.0,3299.999,1.3,1984.0,25200.0,168.4,0.1,234076.0,231792.0,24.75
156.0,93.8,3299.999,1.27,1347.0,24696.0,117.6,0.1,244108.0,241560.0,24.75
157.0,100.0,3299.999,1.28,1150.0,25128.0,95.3,0.1,253216.0,250800.0,24.75
158.0,93.3,3299.999,1.29,1116.0,25056.0,88.6,0.1,260608.0,258192.0,24.75
159.0,100.0,3299.999,1.13,14213.0,25344.0,1281.2,0.1,375324.0,373012.0,24.75
160.0,100.0,3300.0,1.92,10160.0,24912.0,1089.8,0.1,375324.0,373012.0,24.75
161.0,100.0,3300.0,2.29,664.0,24480.0,62.6,0.1,375324.0,373012.0,24.75
162.0,100.0,3300.0,2.3,890.0,24480.0,79.2,0.1,375324.0,373012.0,24.75
163.0,100.0,3300.0,2.29,948.0,24768.0,82.6,0.1,375324.0,373012.0,24.75
164.0,100.0,3299.999,1.64,2726.0,24768.0,230.6,0.1,375324.0,373012.0,24.75
165.0,100.0,3300.0,1.73,96406.0,25272.0,6092.7,0.1,375324.0,373012.0,24.75
166.0,100.0,3299.999,1.87,118521.0,25056.0,7530.5,0.1,375324.0,373012.0,24.75
167.0,100.0,3299.999,1.97,104236.0,24768.0,6619.3,0.0,22400.0,20272.0,24.75
168.0,100.0,3300.0,2.1,79.0,24048.0,8.6,0.0,21132.0,19188.0,24.75
169.0,93.8,3300.0,2.3,136.0,24768.0,16.2,0.0,21320.0,19112.0,24.75
170.0,100.0,3299.999,3.33,108.0,24408.0,15.2,0.0,32948.0,30508.0,24.75
171.0,100.0,3300.0,2.58,135.0,24264.0,19.2,0.0,32948.0,30508.0,24.75
172.0,100.0,3300.0,2.03,29.0,23760.0,0.7,0.0,32948.0,30508.0,24.75
173.0,100.0,3299.999,1.77,22.0,23688.0,0.1,0.0,32948.0,30508.0,24.75
174.0,100.0,3299.999,1.85,28.0,24120.0,0.6,0.0,32948.0,30508.0,24.75
175.0,100.0,3299.999,2.04,23.0,23760.0,0.8,0.0,32948.0,30508.0,24.75
176.0,100.0,3300.0,2.05,20.0,23544.0,0.5,0.0,32948.0,30508.0,24.75
177.0,93.8,3299.999,2.05,36.0,15984.0,7.6,0.0,38192.0,36196.0,24.75
178.0,93.8,3300.0,2.02,456.0,23472.0,57.7,0.0,38192.0,36196.0,24.75
179.0,100.0,3299.999,2.34,149.0,23904.0,14.6,0.0,27140.0,24732.0,24.75
180.0,100.0,3300.0,3.55,55.0,23328.0,9.8,0.0,123604.0,121284.0,24.75
181.0,100.0,3300.0,1.82,2140.0,25200.0,533.9,0.1,240136.0,237708.0,24.75
182.0,100.0,3300.0,1.3,2026.0,25272.0,182.1,0.1,250432.0,248004.0,24.75
183.0,100.0,3299.999,1.26,1456.0,24840.0,121.0,0.1,260860.0,258564.0,24.75
184.0,93.8,3300.0,1.28,1242.0,24768.0,102.6,0.1,270892.0,268596.0,24.75
185.0,100.0,3299.999,1.29,1181.0,24840.0,96.8,0.1,278284.0,275988.0,24.75
186.0,100.0,3299.999,1.14,6821.0,25344.0,521.9,0.2,407924.0,405400.0,24.75
187.0,100.0,3300.0,1.55,19474.0,24984.0,2037.9,0.2,404124.0,401852.0,24.75
188.0,100.0,3300.0,2.29,690.0,25200.0,63.2,0.2,404124.0,401852.0,24.75
189.0,100.0,3300.0,2.3,860.0,24984.0,78.6,0.2,404124.0,401852.0,24.75
190.0,100.0,3299.999,2.29,955.0,24912.0,84.4,0.2,404124.0,401852.0,24.75
191.0,100.0,3300.0,2.26,1633.0,25200.0,134.8,0.2,404124.0,401852.0,24.75
192.0,100.0,3299.999,1.35,18765.0,25200.0,1218.1,0.2,404124.0,401852.0,24.75
193.0,100.0,3300.0,1.86,120533.0,25128.0,7309.5,0.2,404124.0,401852.0,24.75
194.0,100.0,3300.0,1.86,119910.0,24552.0,7267.8,0.2,404124.0,401852.0,24.75
195.0,100.0,3299.999,1.98,96390.0,24336.0,5846.6,0.0,23332.0,21216.0,24.75
196.0,100.0,3299.999,2.11,57.0,23616.0,3.4,0.0,22064.0,20148.0,24.75
197.0,100.0,3300.0,2.31,145.0,24552.0,14.6,0.0,21940.0,19580.0,24.75
198.0,100.0,3299.999,3.31,110.0,23760.0,17.3,0.0,28472.0,26112.0,24.75
199.0,100.0,3300.0,2.82,150.0,24408.0,20.7,0.0,34456.0,32084.0,24.75
200.0,100.0,3300.0,2.07,37.0,23688.0,2.2,0.0,34456.0,32084.0,24.75
201.0,100.0,3299.999,1.88,22.0,23472.0,0.4,0.0,34456.0,32084.0,24.75
202.0,93.8,3300.0,1.81,25.0,23760.0,0.5,0.0,34456.0,32084.0,24.75
203.0,100.0,3300.0,2.05,21.0,23256.0,0.6,0.0,34456.0,32084.0,24.75
204.0,93.8,3299.999,2.05,30.0,13968.0,8.5,0.0,34456.0,32084.0,24.75
205.0,100.0,3300.0,2.06,25.0,14688.0,0.9,0.0,18776.0,16692.0,24.75
206.0,100.0,3299.999,1.94,597.0,24192.0,79.8,0.0,42416.0,40500.0,24.75
207.0,100.0,3300.0,2.19,144.0,24336.0,11.0,0.0,42416.0,40500.0,24.75
208.0,100.0,3299.999,2.85,170.0,24048.0,18.2,0.0,28308.0,25884.0,24.75
209.0,100.0,3300.0,3.52,59.0,24192.0,6.4,0.0,125100.0,122964.0,24.75
210.0,100.0,3299.999,1.79,2065.0,24840.0,532.3,0.1,274068.0,271860.0,24.75
211.0,100.0,3300.0,1.36,2024.0,25128.0,244.7,0.1,284232.0,282156.0,24.75
212.0,100.0,3299.999,1.27,1421.0,25128.0,119.5,0.1,293736.0,291660.0,24.75
213.0,100.0,3300.0,1.28,1231.0,25272.0,103.2,0.1,303768.0,301428.0,24.75
214.0,100.0,3300.0,1.28,1231.0,25056.0,100.5,0.1,312216.0,310140.0,24.75
215.0,93.8,3300.0,1.29,893.0,24768.0,78.8,0.1,319872.0,317796.0,24.75
216.0,100.0,3299.999,1.16,6610.0,25272.0,436.1,0.2,468828.0,466692.0,24.75
217.0,93.8,3299.999,1.36,22856.0,25056.0,2438.2,0.2,464436.0,462440.0,24.75
218.0,100.0,3300.0,2.29,753.0,25056.0,68.7,0.2,464436.0,462440.0,24.75
219.0,100.0,3299.999,2.15,766.0,24768.0,71.6,0.2,464436.0,462440.0,24.75
220.0,100.0,3299.999,2.11,860.0,25056.0,71.7,0.2,464436.0,462440.0,24.75
221.0,100.0,3299.999,2.28,930.0,24696.0,78.2,0.2,464436.0,462440.0,24.75
222.0,93.8,3299.999,2.01,1376.0,24768.0,110.9,0.2,464436.0,462440.0,24.75
223.0,93.8,3299.999,1.2,2682.0,25056.0,235.9,0.2,464436.0,462440.0,24.75
224.0,100.0,3300.0,1.76,109228.0,25200.0,6734.9,0.2,464436.0,462440.0,24.75
225.0,100.0,3300.0,1.84,122466.0,25272.0,7561.3,0.2,464436.0,462440.0,24.75
226.0,100.0,3299.999,1.85,123193.0,24984.0,7584.5,0.2,464436.0,462440.0,24.75
227.0,100.0,3300.0,1.85,123274.0,25344.0,7617.2,0.0,25176.0,23156.0,24.75
228.0,100.0,3300.0,2.16,21308.0,23976.0,1343.9,0.0,25176.0,23156.0,24.75
229.0,100.0,3300.0,2.18,55.0,24480.0,2.3,0.0,34004.0,32104.0,24.75
230.0,100.0,3299.999,2.47,282.0,23832.0,45.1,0.0,28316.0,25960.0,24.75
231.0,93.3,3300.0,3.58,57.0,24120.0,10.3,0.0,29780.0,27540.0,24.75
232.0,100.0,3299.999,2.94,213.0,24192.0,37.1,0.0,38132.0,35892.0,24.75
233.0,100.0,3300.0,2.06,49.0,23904.0,3.1,0.0,38132.0,35892.0,24.75
234.0,100.0,3299.999,2.09,23.0,23760.0,0.4,0.0,38132.0,35892.0,24.75
235.0,100.0,3299.999,2.06,27.0,23760.0,0.6,0.0,38132.0,35892.0,24.75
236.0,100.0,3300.0,2.04,23.0,23400.0,0.8,0.0,38132.0,35892.0,24.75
237.0,100.0,3299.999,2.05,26.0,16056.0,6.8,0.0,38132.0,35892.0,24.75
238.0,100.0,3300.0,2.05,26.0,16416.0,1.1,0.0,38132.0,35892.0,24.75
239.0,93.3,3299.999,2.04,263.0,19512.0,20.1,0.0,43140.0,41224.0,24.75
240.0,100.0,3300.0,2.01,427.0,23616.0,78.5,0.0,43140.0,41224.0,24.75
241.0,100.0,3300.0,2.15,206.0,22608.0,24.1,0.0,23404.0,21452.0,24.75
242.0,100.0,3299.999,3.51,150.0,24120.0,34.0,0.0,28668.0,26588.0,24.75
243.0,93.8,3300.0,3.01,563.0,24912.0,204.7,0.1,229084.0,226896.0,24.75
244.0,100.0,3299.999,1.46,2767.0,25200.0,523.8,0.1,279320.0,277056.0,24.75
245.0,100.0,3299.999,1.27,1547.0,25056.0,124.8,0.1,289616.0,287352.0,24.75
246.0,100.0,3299.999,1.28,1243.0,24768.0,101.8,0.1,299120.0,296856.0,24.75
247.0,100.0,3300.0,1.27,1319.0,24912.0,108.6,0.1,307832.0,305568.0,24.75
248.0,93.8,3299.999,1.29,1073.0,24984.0,93.9,0.1,316016.0,313752.0,24.75
249.0,100.0,3299.999,1.31,728.0,24552.0,68.9,0.1,323012.0,320480.0,24.75
250.0,100.0,3300.0,1.1,18359.0,25272.0,1668.9,0.2,465064.0,463008.0,24.75
251.0,100.0,3300.0,1.85,11437.0,24912.0,1218.2,0.2,465064.0,463008.0,24.75
252.0,100.0,3299.999,2.29,660.0,24696.0,57.6,0.2,465064.0,463008.0,24.75
253.0,100.0,3300.0,2.3,884.0,25056.0,78.1,0.2,465064.0,463008.0,24.75
254.0,93.8,3299.999,2.29,962.0,24984.0,87.6,0.2,465064.0,463008.0,24.75
255.0,100.0,3300.008,2.19,926.0,24768.0,76.7,0.2,465064.0,463008.0,24.75
256.0,100.0,3299.999,1.63,3041.0,25056.0,255.7,0.2,465064.0,463008.0,24.75
257.0,100.0,3300.0,1.6,74651.0,24336.0,4647.0,0.2,465064.0,463008.0,24.75
258.0,100.0,3300.0,1.85,123651.0,25272.0,7638.8,0.2,465064.0,463008.0,24.75
259.0,100.0,3299.999,1.85,123422.0,25344.0,7624.9,0.2,465064.0,463008.0,24.75
260.0,100.0,3300.0,1.86,123427.0,25056.0,7627.9,0.0,19068.0,17280.0,24.75
261.0,100.0,3300.0,2.09,55051.0,24192.0,3434.6,0.0,25620.0,23708.0,24.75
262.0,100.0,3299.999,2.13,61.0,23616.0,5.6,0.0,24352.0,22516.0,24.75
263.0,100.0,3300.0,2.32,263.0,24264.0,42.0,0.0,23480.0,21456.0,24.75
264.0,100.0,3299.999,3.38,81.0,24264.0,17.4,0.0,28744.0,26660.0,24.75
265.0,100.0,3300.0,3.41,180.0,24552.0,30.7,0.0,38716.0,36492.0,24.75
266.0,100.0,3300.0,2.04,81.0,24192.0,7.2,0.0,38716.0,36492.0,24.75
267.0,93.8,3299.999,2.1,25.0,24336.0,0.4,0.0,38716.0,36492.0,24.75
268.0,93.8,3300.0,2.08,23.0,24048.0,1.3,0.0,38716.0,36492.0,24.75
269.0,100.0,3299.999,2.04,23.0,24120.0,0.4,0.0,38716.0,36492.0,24.75
270.0,100.0,3300.0,2.04,23.0,23976.0,2.2,0.0,38716.0,36492.0,24.75
271.0,100.0,3300.0,2.06,21.0,23904.0,0.5,0.0,38716.0,36492.0,24.75
272.0,100.0,3299.999,2.03,40.0,23904.0,3.8,0.0,34820.0,32896.0,24.75
273.0,100.0,3299.999,1.96,642.0,24840.0,108.5,0.0,45004.0,43124.0,24.75
274.0,100.0,3299.999,2.19,157.0,24840.0,20.4,0.0,21112.0,18912.0,24.75
275.0,100.0,3300.0,2.96,201.0,24984.0,27.6,0.0,29136.0,26844.0,24.75
276.0,100.0,3300.01,3.61,61.0,23904.0,9.4,0.0,123556.0,121548.0,24.75
277.0,100.0,3300.0,1.84,2091.0,25056.0,527.8,0.1,290392.0,288396.0,24.75
278.0,100.0,3299.999,1.38,2182.0,24840.0,296.0,0.1,300028.0,297900.0,24.75
279.0,100.0,3300.0,1.27,1572.0,24912.0,127.5,0.1,310192.0,308196.0,24.75
280.0,100.0,3299.999,1.27,1360.0,25128.0,109.4,0.1,320620.0,318492.0,24.75
281.0,93.8,3299.999,1.28,1279.0,24984.0,111.1,0.1,328936.0,326940.0,24.75
282.0,100.0,3300.0,1.29,969.0,24336.0,83.0,0.1,336328.0,334332.0,24.75
283.0,100.0,3299.999,1.31,679.0,24624.0,57.4,0.1,395016.0,392940.0,24.75
284.0,100.0,3300.0,1.14,22152.0,25272.0,2010.2,0.2,493000.0,491112.0,24.75
285.0,100.0,3300.0,1.88,9588.0,25128.0,1015.3,0.2,493000.0,491112.0,24.75
286.0,100.0,3299.999,2.14,633.0,24768.0,56.9,0.2,493000.0,491112.0,24.75
287.0,100.0,3300.0,2.26,884.0,24912.0,74.0,0.2,493000.0,491112.0,24.75
288.0,93.8,3299.999,2.28,978.0,24984.0,79.4,0.2,493000.0,491112.0,24.75
289.0,93.8,3300.0,2.3,919.0,24984.0,76.1,0.2,493000.0,491112.0,24.75
290.0,100.0,3299.999,1.88,2684.0,25128.0,225.1,0.2,493000.0,491112.0,24.75
291.0,100.0,3300.0,1.43,39307.0,25128.0,2487.0,0.2,493000.0,491112.0,24.75
292.0,100.0,3300.012,1.84,124828.0,24552.0,7725.4,0.2,493000.0,491112.0,24.75
293.0,100.0,3299.999,1.84,124780.0,25272.0,7722.5,0.2,493000.0,491112.0,24.75
294.0,100.0,3300.0,1.84,124639.0,25272.0,7693.5,0.2,493000.0,491112.0,24.75
295.0,100.0,3299.999,1.85,124674.0,25272.0,7661.8,0.0,26400.0,24400.0,24.75
296.0,100.0,3299.999,2.15,23684.0,23904.0,1494.0,0.0,26400.0,24400.0,24.75
297.0,100.0,3300.0,2.15,84.0,16920.0,9.8,0.0,29172.0,27288.0,24.75
298.0,100.0,3300.0,2.3,311.0,23976.0,49.2,0.0,23948.0,21952.0,24.75
