time,CPU_Utilization,Frequency,IPC,Misses,LLC,MBL,Memory_Footprint,Virt_Memory,Res_Memory,Allocated_Cache
0.0,100.0,3300.0,2.2,0.0,0.0,0.0,0.0,9976.0,7976.0,18.0
1.0,100.0,3299.999,1.93,59.0,8568.0,2.5,0.0,10988.0,9056.0,18.0
2.0,100.0,3300.0,1.99,63.0,11376.0,5.9,0.0,11072.0,9140.0,18.0
3.0,100.0,3299.999,1.91,82.0,14472.0,15.8,0.0,11132.0,9196.0,18.0
4.0,100.0,3300.0,1.89,194.0,16920.0,33.7,0.0,8548.0,6768.0,18.0
5.0,93.8,3299.999,2.1,165.0,16416.0,20.7,0.0,22544.0,20688.0,18.0
6.0,100.0,3300.0,1.83,683.0,18504.0,120.7,0.0,8780.0,7000.0,18.0
7.0,100.0,3299.999,2.09,315.0,16920.0,34.7,0.0,10556.0,8656.0,18.0
8.0,100.0,3300.0,1.78,281.0,18360.0,63.2,0.0,43600.0,41756.0,18.0
9.0,100.0,3300.0,1.95,2177.0,17496.0,205.4,0.0,12836.0,10856.0,18.0
10.0,100.0,3299.999,2.13,75.0,17136.0,6.0,0.0,10948.0,9084.0,18.0
11.0,100.0,3299.999,1.85,360.0,17856.0,84.3,0.0,39032.0,37092.0,18.0
12.0,100.0,3300.0,1.76,2222.0,18216.0,245.3,0.0,10804.0,8896.0,18.0
13.0,100.0,3300.0,2.08,3093.0,17208.0,179.7,0.0,13672.0,11716.0,18.0
14.0,100.0,3300.0,1.93,42.0,16560.0,0.6,0.0,12228.0,10148.0,18.0
15.0,100.0,3299.999,1.68,555.0,18000.0,102.7,0.0,61932.0,60064.0,18.0
16.0,93.3,3299.999,1.89,2912.0,18216.0,311.2,0.0,11124.0,9144.0,18.0
17.0,93.8,3299.999,2.07,6906.0,17640.0,455.7,0.0,14168.0,12220.0,18.0
18.0,93.8,3300.0,2.07,29.0,16992.0,0.5,0.0,12968.0,10876.0,18.0
19.0,100.0,3299.999,1.73,1077.0,18288.0,160.3,0.0,78952.0,77092.0,18.0
20.0,100.0,3300.0,1.97,4257.0,17928.0,418.7,0.0,78952.0,77092.0,18.0
21.0,100.0,3300.0,2.15,13557.0,17496.0,1000.6,0.0,13588.0,11656.0,18.0
22.0,100.0,3299.999,2.12,92.0,16272.0,9.4,0.0,13588.0,11656.0,18.0
23.0,100.0,3300.0,2.0,46.0,16560.0,4.4,0.0,14824.0,12856.0,18.0
24.0,93.3,3299.999,1.12,68.0,17424.0,14.1,0.0,68964.0,66880.0,18.0
25.0,100.0,3300.01,1.27,1494.0,18720.0,215.7,0.0,107800.0,105796.0,18.0
26.0,100.0,3299.999,1.78,6025.0,18144.0,620.9,0.0,106796.0,104816.0,18.0
27.0,93.3,3300.0,2.08,8978.0,18216.0,652.4,0.0,12752.0,10720.0,18.0
28.0,100.0,3299.999,2.14,21378.0,17712.0,1513.3,0.0,15932.0,13876.0,18.0
29.0,93.8,3300.0,2.19,108.0,17136.0,15.8,0.0,15932.0,13876.0,18.0
30.0,100.0,3299.999,2.05,29.0,17208.0,0.1,0.0,15932.0,13876.0,18.0
31.0,100.0,3299.999,2.03,62.0,17136.0,5.2,0.0,16548.0,14552.0,18.0
32.0,100.0,3300.0,1.85,1146.0,18720.0,227.9,0.0,85056.0,83028.0,18.0
33.0,93.8,3299.999,1.25,4686.0,18144.0,361.5,0.0,127164.0,125188.0,18.0
34.0,100.0,3300.0,2.14,3799.0,18648.0,473.6,0.0,127164.0,125188.0,18.0
35.0,100.0,3299.999,2.02,7644.0,18360.0,488.8,0.0,127164.0,125188.0,18.0
36.0,100.0,3300.0,2.05,39426.0,18144.0,2390.2,0.0,12252.0,10476.0,18.0
37.0,100.0,3299.999,2.27,125.0,17568.0,22.2,0.0,16816.0,14764.0,18.0
38.0,100.0,3299.999,2.04,31.0,17280.0,0.4,0.0,16816.0,14764.0,18.0
39.0,100.0,3300.0,2.0,29.0,16992.0,0.4,0.0,16816.0,14764.0,18.0
