time,CPU_Utilization,Frequency,IPC,Misses,LLC,MBL,Memory_Footprint,Virt_Memory,Res_Memory,Allocated_Cache
0.0,93.8,3300.0,2.03,2.0,0.0,0.1,0.0,10756.0,8736.0,2.25
1.0,100.0,3300.0,1.91,1514.0,1584.0,172.1,0.0,8732.0,6732.0,2.25
2.0,100.0,3299.999,1.97,3520.0,1944.0,281.7,0.0,8700.0,6728.0,2.25
3.0,100.0,3300.0,1.99,3503.0,2016.0,305.2,0.0,8472.0,6708.0,2.25
4.0,100.0,3300.0,1.87,1933.0,2016.0,233.0,0.0,10144.0,8168.0,2.25
5.0,100.0,3299.999,2.08,5341.0,1656.0,413.1,0.0,23732.0,21712.0,2.25
6.0,100.0,3300.015,1.84,2375.0,2160.0,271.5,0.0,10632.0,8612.0,2.25
7.0,100.0,3299.999,1.87,8302.0,1296.0,520.9,0.0,10556.0,8624.0,2.25
8.0,100.0,3299.999,1.79,1211.0,2016.0,124.6,0.0,43600.0,41724.0,2.25
9.0,100.0,3299.999,1.8,15834.0,2304.0,1082.5,0.0,12836.0,10824.0,2.25
10.0,100.0,3300.0,2.14,1092.0,1800.0,61.7,0.0,10948.0,9052.0,2.25
11.0,93.8,3300.0,1.99,1291.0,2304.0,116.3,0.0,38900.0,37060.0,2.25
12.0,100.0,3300.0,1.6,3782.0,2088.0,364.4,0.0,54244.0,52132.0,2.25
13.0,100.0,3299.999,2.07,19896.0,2160.0,1491.6,0.0,13672.0,11684.0,2.25
14.0,100.0,3299.999,1.99,1616.0,1080.0,75.7,0.0,9708.0,7740.0,2.25
15.0,93.3,3300.0,1.78,1224.0,2088.0,154.7,0.0,62472.0,60404.0,2.25
16.0,100.0,3299.999,1.65,4292.0,2376.0,410.3,0.0,61932.0,60032.0,2.25
17.0,100.0,3300.0,2.0,27258.0,1944.0,1627.0,0.0,14168.0,12188.0,2.25
18.0,100.0,3300.0,2.12,1551.0,1296.0,43.1,0.0,12968.0,10844.0,2.25
19.0,100.0,3300.0,1.9,1599.0,2232.0,191.8,0.0,78952.0,77060.0,2.25
20.0,100.0,3299.999,1.73,6363.0,2520.0,567.4,0.0,78952.0,77060.0,2.25
21.0,100.0,3300.014,2.1,36970.0,1656.0,2345.8,0.0,13588.0,11624.0,2.25
22.0,100.0,3299.999,2.13,1124.0,1584.0,155.6,0.0,13588.0,11624.0,2.25
23.0,100.0,3300.0,2.05,523.0,1944.0,61.9,0.0,14824.0,12824.0,2.25
24.0,100.0,3299.999,1.99,1840.0,2304.0,274.1,0.0,71340.0,69224.0,2.25
25.0,100.0,3300.0,1.27,2870.0,2376.0,192.9,0.0,106796.0,104784.0,2.25
26.0,93.8,3299.999,2.08,6242.0,2592.0,651.7,0.0,106796.0,104784.0,2.25
27.0,93.8,3300.0,1.93,54851.0,2376.0,3371.6,0.0,12752.0,10688.0,2.25
28.0,100.0,3299.999,2.24,5442.0,1800.0,399.0,0.0,15932.0,13844.0,2.25
29.0,100.0,3300.001,2.05,1865.0,1800.0,64.6,0.0,15932.0,13844.0,2.25
30.0,100.0,3299.999,2.05,1018.0,1008.0,6.1,0.0,16548.0,14520.0,2.25
31.0,100.0,3299.999,2.07,1297.0,2016.0,78.5,0.0,72348.0,70324.0,2.25
32.0,100.0,3299.999,1.66,2859.0,2448.0,297.8,0.0,88224.0,86164.0,2.25
33.0,100.0,3300.0,1.31,9011.0,2304.0,842.1,0.0,127164.0,125156.0,2.25
34.0,100.0,3299.999,2.29,899.0,2448.0,73.4,0.0,127164.0,125156.0,2.25
35.0,100.0,3300.0,1.94,46531.0,2304.0,2978.2,0.0,13520.0,11452.0,2.25
36.0,100.0,3299.999,2.05,36116.0,1872.0,2324.2,0.0,14620.0,12408.0,2.25
37.0,100.0,3300.0,2.22,1548.0,1584.0,102.1,0.0,16816.0,14732.0,2.25
38.0,100.0,3300.0,2.03,662.0,1296.0,18.2,0.0,16816.0,14732.0,2.25
39.0,100.0,3299.999,2.08,1881.0,1512.0,30.2,0.0,16816.0,14732.0,2.25
