time,CPU_Utilization,Frequency,IPC,Misses,LLC,MBL,Memory_Footprint,Virt_Memory,Res_Memory,Allocated_Cache
0.0,100.0,3300.0,2.14,3.0,0.0,0.0,0.0,10240.0,8332.0,11.25
1.0,100.0,3300.0,1.93,160.0,9072.0,17.5,0.0,10988.0,9148.0,11.25
2.0,100.0,3299.999,1.97,252.0,9360.0,24.3,0.0,11072.0,9232.0,11.25
3.0,100.0,3300.0,1.92,310.0,8496.0,30.7,0.0,11132.0,9288.0,11.25
4.0,100.0,3299.999,1.89,576.0,11160.0,59.2,0.0,8548.0,6860.0,11.25
5.0,100.0,3300.0,2.1,392.0,10296.0,24.5,0.0,22940.0,21044.0,11.25
6.0,100.0,3300.0,1.86,1332.0,11232.0,158.1,0.0,8576.0,6604.0,11.25
7.0,100.0,3300.0,2.08,830.0,10080.0,46.7,0.0,10556.0,8748.0,11.25
8.0,100.0,3300.0,1.78,454.0,11592.0,72.4,0.0,43600.0,41848.0,11.25
9.0,100.0,3299.999,1.97,5465.0,11016.0,445.1,0.0,12836.0,10948.0,11.25
10.0,100.0,3299.998,2.14,86.0,10080.0,7.8,0.0,10948.0,9176.0,11.25
11.0,100.0,3300.0,1.84,506.0,11736.0,84.1,0.0,44280.0,42328.0,11.25
12.0,100.0,3300.0,1.81,2845.0,11592.0,303.3,0.0,10804.0,8988.0,11.25
13.0,100.0,3300.0,2.05,7044.0,10080.0,438.2,0.0,13672.0,11808.0,11.25
14.0,93.3,3300.0,2.05,53.0,9864.0,2.2,0.0,38696.0,36904.0,11.25
15.0,100.0,3299.999,1.62,772.0,11448.0,120.4,0.0,61932.0,60156.0,11.25
16.0,87.5,3300.0,1.89,3599.0,11088.0,364.6,0.0,11124.0,9236.0,11.25
17.0,100.0,3299.999,2.13,12839.0,10584.0,832.4,0.0,14168.0,12312.0,11.25
18.0,100.0,3299.999,2.05,60.0,10368.0,2.0,0.0,16596.0,14756.0,11.25
19.0,100.0,3300.0,1.69,1388.0,11520.0,178.5,0.0,78952.0,77184.0,11.25
20.0,100.0,3299.999,2.08,4742.0,11520.0,469.1,0.0,78952.0,77184.0,11.25
21.0,100.0,3300.0,2.14,21826.0,11232.0,1514.4,0.0,13588.0,11748.0,11.25
22.0,100.0,3299.999,2.09,59.0,10440.0,9.6,0.0,13588.0,11748.0,11.25
23.0,100.0,3299.999,2.04,68.0,10584.0,8.1,0.0,25132.0,23148.0,11.25
24.0,100.0,3300.0,1.72,1420.0,11952.0,221.3,0.0,73980.0,71988.0,11.25
25.0,100.0,3300.0,1.46,6692.0,11664.0,666.4,0.0,106796.0,104908.0,11.25
26.0,100.0,3300.002,2.29,744.0,11880.0,70.0,0.0,106796.0,104908.0,11.25
27.0,100.0,3299.999,1.81,41672.0,10224.0,2583.0,0.0,11484.0,9800.0,11.25
28.0,100.0,3300.0,2.17,159.0,10944.0,20.0,0.0,15932.0,13968.0,11.25
29.0,100.0,3300.0,1.97,39.0,10656.0,1.9,0.0,15932.0,13968.0,11.25
30.0,100.0,3299.999,2.08,32.0,10584.0,0.7,0.0,16548.0,14644.0,11.25
31.0,100.0,3300.0,2.15,237.0,11448.0,47.5,0.0,82680.0,80744.0,11.25
32.0,100.0,3300.0,1.35,2016.0,12168.0,251.3,0.0,102636.0,100732.0,11.25
33.0,100.0,3299.999,1.58,7879.0,11808.0,776.5,0.0,127164.0,125280.0,11.25
34.0,100.0,3299.999,2.24,635.0,12456.0,58.2,0.0,127164.0,125280.0,11.25
35.0,100.0,3299.999,1.91,60165.0,11520.0,4005.4,0.0,13520.0,11576.0,11.25
36.0,100.0,3300.0,2.21,95.0,11304.0,9.1,0.0,16816.0,14856.0,11.25
37.0,100.0,3299.999,2.14,138.0,10512.0,21.6,0.0,16816.0,14856.0,11.25
38.0,100.0,3299.999,2.06,36.0,10512.0,1.7,0.0,16816.0,14856.0,11.25
39.0,93.3,3300.0,2.09,32.0,10152.0,0.4,0.0,11524.0,9728.0,11.25
