time,CPU_Utilization,Frequency,IPC,Misses,LLC,MBL,Memory_Footprint,Virt_Memory,Res_Memory,Allocated_Cache
0.0,100.0,3300.0,2.24,1.0,0.0,0.0,0.0,11264.0,8996.0,20.25
1.0,100.0,3300.0,1.93,109.0,9792.0,12.1,0.0,8124.0,5988.0,20.25
2.0,100.0,3299.999,1.99,110.0,14976.0,12.9,0.0,9156.0,7252.0,20.25
3.0,100.0,3300.0,2.03,90.0,16632.0,11.2,0.0,9204.0,7228.0,20.25
4.0,100.0,3299.999,1.91,165.0,18360.0,30.7,0.0,11600.0,9628.0,20.25
5.0,100.0,3300.0,2.09,111.0,18144.0,11.7,0.0,24524.0,22500.0,20.25
6.0,93.3,3299.999,1.83,597.0,19080.0,97.0,0.0,12088.0,10116.0,20.25
7.0,100.0,3299.999,2.13,102.0,18864.0,9.1,0.0,28400.0,26472.0,20.25
8.0,100.0,3299.999,1.72,287.0,19152.0,60.5,0.0,43600.0,41720.0,20.25
9.0,100.0,3300.0,2.06,1703.0,20016.0,192.6,0.0,12836.0,10820.0,20.25
10.0,100.0,3300.0,1.87,75.0,19296.0,5.3,0.0,10948.0,9048.0,20.25
11.0,100.0,3299.999,1.87,329.0,20160.0,69.1,0.0,54244.0,52128.0,20.25
12.0,100.0,3299.999,1.78,2035.0,20448.0,229.9,0.0,9536.0,7720.0,20.25
13.0,100.0,3300.0,2.08,2312.0,19296.0,137.8,0.0,13672.0,11680.0,20.25
14.0,93.3,3299.999,2.06,40.0,18072.0,1.5,0.0,38364.0,36512.0,20.25
15.0,100.0,3300.0,1.47,493.0,20016.0,88.3,0.0,61932.0,60028.0,20.25
16.0,100.0,3299.999,1.87,2696.0,20592.0,283.6,0.0,11124.0,9108.0,20.25
17.0,100.0,3300.0,2.08,3996.0,19944.0,224.2,0.0,14168.0,12184.0,20.25
18.0,93.8,3300.0,2.08,35.0,19296.0,0.6,0.0,9996.0,7500.0,20.25
19.0,100.0,3299.999,1.77,982.0,20664.0,147.7,0.0,78952.0,77056.0,20.25
20.0,100.0,3299.999,1.98,4093.0,20448.0,413.2,0.0,78952.0,77056.0,20.25
21.0,100.0,3299.999,2.16,10246.0,20160.0,749.7,0.0,13588.0,11620.0,20.25
22.0,100.0,3300.0,1.58,100.0,19440.0,7.4,0.0,13588.0,11620.0,20.25
23.0,100.0,3299.999,2.04,32.0,19656.0,0.3,0.0,14824.0,12820.0,20.25
24.0,100.0,3300.0,1.99,519.0,20808.0,142.2,0.0,71736.0,69748.0,20.25
25.0,100.0,3299.999,1.26,2973.0,20736.0,238.1,0.0,106796.0,104780.0,20.25
26.0,100.0,3300.0,2.14,4125.0,20448.0,465.6,0.0,106796.0,104780.0,20.25
27.0,100.0,3300.0,2.0,27395.0,20376.0,1880.4,0.0,11484.0,9672.0,20.25
28.0,100.0,3299.999,2.26,142.0,20232.0,15.8,0.0,15932.0,13840.0,20.25
29.0,100.0,3300.0,2.07,35.0,19728.0,4.1,0.0,15932.0,13840.0,20.25
30.0,100.0,3299.999,2.06,29.0,19728.0,0.4,0.0,16548.0,14516.0,20.25
31.0,93.8,3300.0,2.1,62.0,19584.0,3.9,0.0,82680.0,80616.0,20.25
32.0,100.0,3300.0,1.57,1664.0,20592.0,255.7,0.0,89148.0,87216.0,20.25
33.0,93.8,3299.999,1.45,7282.0,20736.0,723.9,0.0,127164.0,125152.0,20.25
34.0,100.0,3299.999,2.3,617.0,20664.0,55.5,0.0,127164.0,125152.0,20.25
35.0,100.0,3299.999,1.93,35190.0,20592.0,2270.5,0.0,13520.0,11448.0,20.25
36.0,100.0,3299.999,2.17,7186.0,20088.0,475.2,0.0,16816.0,14728.0,20.25
37.0,100.0,3300.0,2.19,122.0,19728.0,16.9,0.0,16816.0,14728.0,20.25
38.0,100.0,3300.0,2.05,31.0,18720.0,0.5,0.0,16816.0,14728.0,20.25
39.0,100.0,3300.0,2.09,30.0,18720.0,0.4,0.0,18064.0,15936.0,20.25
