time,CPU_Utilization,Frequency,IPC,Misses,LLC,MBL,Memory_Footprint,Virt_Memory,Res_Memory,Allocated_Cache
0.0,100.0,3300.0,2.13,2.0,0.0,0.0,0.0,10108.0,8188.0,6.75
1.0,100.0,3299.999,1.93,290.0,6048.0,29.7,0.0,10988.0,9004.0,6.75
2.0,100.0,3300.0,1.99,615.0,5400.0,49.7,0.0,7968.0,6184.0,6.75
3.0,100.0,3299.999,2.01,883.0,6048.0,70.5,0.0,9204.0,7120.0,6.75
4.0,100.0,3299.999,1.36,208.0,6408.0,26.4,0.0,24904.0,22784.0,6.75
5.0,100.0,3299.999,1.71,2176.0,6408.0,162.2,0.0,9152.0,7368.0,6.75
6.0,100.0,3299.999,1.81,624.0,7128.0,55.5,0.0,32812.0,30816.0,6.75
7.0,100.0,3300.0,2.1,4923.0,6336.0,479.5,0.0,12088.0,10100.0,6.75
8.0,100.0,3299.999,2.08,174.0,6912.0,41.2,0.0,31436.0,29360.0,6.75
9.0,100.0,3299.999,1.71,2665.0,7632.0,291.4,0.0,10524.0,8552.0,6.75
10.0,93.8,3300.0,2.07,7410.0,6552.0,588.3,0.0,12836.0,10804.0,6.75
11.0,100.0,3299.999,2.11,92.0,6480.0,5.6,0.0,36656.0,34664.0,6.75
12.0,100.0,3300.0,1.46,3498.0,7200.0,392.1,0.0,54244.0,52112.0,6.75
13.0,93.8,3300.0,1.99,13163.0,6624.0,818.6,0.0,13672.0,11664.0,6.75
14.0,100.0,3299.999,2.16,149.0,6984.0,22.8,0.0,11684.0,9520.0,6.75
15.0,100.0,3300.0,1.94,620.0,6984.0,106.0,0.0,43712.0,41776.0,6.75
16.0,100.0,3300.0,1.55,3902.0,7200.0,383.3,0.0,61932.0,60012.0,6.75
17.0,100.0,3300.0,2.02,19656.0,6336.0,1211.0,0.0,14168.0,12168.0,6.75
18.0,100.0,3299.999,2.17,147.0,6192.0,23.5,0.0,9188.0,7396.0,6.75
19.0,100.0,3300.001,2.01,482.0,7344.0,102.8,0.0,55816.0,53684.0,6.75
20.0,100.0,3300.0,1.58,6087.0,7344.0,612.3,0.0,78952.0,77040.0,6.75
21.0,100.0,3299.999,2.11,29158.0,6696.0,1948.8,0.0,10472.0,8644.0,6.75
22.0,100.0,3300.0,2.15,180.0,5688.0,29.5,0.0,13588.0,11604.0,6.75
23.0,100.0,3299.999,2.05,59.0,5616.0,5.3,0.0,14824.0,12804.0,6.75
24.0,100.0,3300.0,2.07,539.0,7056.0,115.9,0.0,70416.0,68412.0,6.75
25.0,100.0,3299.999,1.33,1709.0,7272.0,187.7,0.0,106796.0,104764.0,6.75
26.0,100.0,3300.0,1.93,7005.0,6840.0,698.3,0.0,106796.0,104764.0,6.75
27.0,100.0,3299.999,2.02,32586.0,6696.0,2263.9,0.0,12752.0,10668.0,6.75
28.0,100.0,3300.0,2.16,17916.0,6912.0,1256.8,0.0,15932.0,13824.0,6.75
29.0,93.8,3300.0,2.14,260.0,6408.0,37.2,0.0,15932.0,13824.0,6.75
30.0,100.0,3299.999,2.05,55.0,6264.0,1.2,0.0,15932.0,13824.0,6.75
31.0,100.0,3300.0,2.08,283.0,6264.0,51.7,0.0,32748.0,30704.0,6.75
32.0,100.0,3299.999,1.74,1955.0,7272.0,290.9,0.0,86904.0,84824.0,6.75
33.0,100.0,3300.0,1.26,8272.0,7344.0,801.0,0.0,127164.0,125136.0,6.75
34.0,100.0,3299.999,2.28,1090.0,7488.0,108.8,0.0,127164.0,125136.0,6.75
35.0,100.0,3299.999,2.0,32608.0,7272.0,2184.9,0.0,13520.0,11432.0,6.75
36.0,100.0,3300.0,2.06,38191.0,7056.0,2596.1,0.0,11008.0,8960.0,6.75
37.0,100.0,3299.999,2.24,314.0,6192.0,39.1,0.0,16816.0,14712.0,6.75
38.0,100.0,3299.999,2.04,85.0,6120.0,2.8,0.0,16816.0,14712.0,6.75
39.0,100.0,3299.999,2.09,70.0,6120.0,0.4,0.0,16816.0,14712.0,6.75
