time,CPU_Utilization,Frequency,IPC,Misses,LLC,MBL,Memory_Footprint,Virt_Memory,Res_Memory,Allocated_Cache
0.0,100.0,3299.999,2.2,0.0,0.0,0.0,0.0,10108.0,8356.0,4.5
1.0,93.3,3300.0,1.91,610.0,3672.0,59.3,0.0,12356.0,10600.0,4.5
2.0,100.0,3299.999,1.95,1484.0,3672.0,230.6,0.0,14700.0,12948.0,4.5
3.0,100.0,3299.999,1.99,1766.0,4176.0,169.9,0.0,15680.0,13988.0,4.5
4.0,93.3,3299.999,1.87,1288.0,4608.0,166.1,0.0,11600.0,9780.0,4.5
5.0,100.0,3300.0,2.09,2861.0,3888.0,203.1,0.0,32812.0,30984.0,4.5
6.0,100.0,3299.999,1.81,2032.0,4824.0,240.8,0.0,12088.0,10268.0,4.5
7.0,100.0,3300.0,1.93,5660.0,3600.0,434.6,0.0,10556.0,8772.0,4.5
8.0,100.0,3300.0,1.75,591.0,4824.0,91.7,0.0,43600.0,41872.0,4.5
9.0,100.0,3299.999,1.78,11064.0,4464.0,757.8,0.0,12836.0,10972.0,4.5
10.0,100.0,3300.0,2.14,2648.0,3888.0,185.6,0.0,10948.0,9200.0,4.5
11.0,100.0,3300.0,2.0,551.0,4608.0,83.3,0.0,54244.0,52280.0,4.5
12.0,100.0,3299.999,1.56,3589.0,4968.0,350.5,0.0,10804.0,9012.0,4.5
13.0,100.0,3300.0,2.09,17080.0,4680.0,918.6,0.0,13672.0,11832.0,4.5
14.0,100.0,3299.999,2.06,355.0,3744.0,17.6,0.0,38696.0,36928.0,4.5
15.0,100.0,3299.999,1.76,931.0,4896.0,135.7,0.0,61932.0,60180.0,4.5
16.0,100.0,3299.999,1.71,4117.0,4536.0,393.8,0.0,11124.0,9260.0,4.5
17.0,100.0,3300.0,2.05,24346.0,3744.0,1591.1,0.0,14168.0,12336.0,4.5
18.0,100.0,3300.0,2.08,386.0,3744.0,26.1,0.0,12968.0,10992.0,4.5
19.0,100.0,3299.999,1.86,1111.0,4896.0,177.0,0.0,78952.0,77208.0,4.5
20.0,93.8,3299.999,1.75,6029.0,4896.0,526.4,0.0,78952.0,77208.0,4.5
21.0,100.0,3300.0,2.13,32884.0,3744.0,2088.3,0.0,13588.0,11772.0,4.5
22.0,100.0,3299.999,2.14,297.0,3816.0,18.3,0.0,13588.0,11772.0,4.5
23.0,100.0,3300.0,1.93,113.0,3888.0,3.7,0.0,14824.0,12972.0,4.5
24.0,100.0,3299.999,1.97,1044.0,4824.0,167.8,0.0,72396.0,70428.0,4.5
25.0,100.0,3300.0,1.31,1537.0,5112.0,117.6,0.0,106796.0,104932.0,4.5
26.0,100.0,3300.0,2.0,7307.0,5184.0,678.4,0.0,106796.0,104932.0,4.5
27.0,100.0,3300.0,1.71,28206.0,4752.0,1666.4,0.0,12752.0,10836.0,4.5
28.0,100.0,3299.999,2.13,26598.0,4536.0,1591.5,0.0,15932.0,13992.0,4.5
29.0,100.0,3300.0,2.01,606.0,3744.0,55.6,0.0,15932.0,13992.0,4.5
30.0,100.0,3300.001,1.81,138.0,4320.0,4.8,0.0,15932.0,13992.0,4.5
31.0,100.0,3300.0,2.04,558.0,3960.0,40.9,0.0,23112.0,21104.0,4.5
32.0,100.0,3300.0,1.93,1417.0,4896.0,229.6,0.0,86508.0,84464.0,4.5
33.0,100.0,3299.999,1.3,1559.0,5184.0,114.0,0.0,127164.0,125304.0,4.5
34.0,100.0,3299.999,1.94,8549.0,4968.0,818.5,0.0,127164.0,125304.0,4.5
35.0,100.0,3299.999,1.98,873.0,4680.0,74.1,0.0,127164.0,125304.0,4.5
36.0,100.0,3300.0,1.34,75190.0,4176.0,4863.2,0.0,12252.0,10592.0,4.5
37.0,100.0,3299.999,2.21,210.0,4104.0,18.9,0.0,16816.0,14880.0,4.5
38.0,100.0,3300.001,2.14,592.0,4464.0,54.8,0.0,16816.0,14880.0,4.5
39.0,100.0,3300.0,2.06,205.0,3816.0,5.9,0.0,16816.0,14880.0,4.5
