time,CPU_Utilization,Frequency,IPC,Misses,LLC,MBL,Memory_Footprint,Virt_Memory,Res_Memory,Allocated_Cache
0.0,100.0,3300.0,0.87,95.0,0.0,8.5,0.2,1026048.0,614040.0,11.25
1.0,100.0,3299.999,1.55,18049.0,12240.0,2340.4,0.3,1026044.0,674768.0,11.25
2.0,100.0,3299.999,1.61,13489.0,12024.0,1107.9,0.3,1026044.0,674764.0,11.25
3.0,100.0,3300.0,1.61,13421.0,12456.0,1112.1,0.3,1026044.0,674728.0,11.25
4.0,100.0,3299.999,1.61,13512.0,12312.0,1110.7,0.3,1026044.0,674748.0,11.25
5.0,100.0,3299.999,1.61,13402.0,12888.0,1111.1,0.3,1026044.0,674728.0,11.25
6.0,100.0,3299.999,1.62,14174.0,12672.0,1144.6,0.3,1026044.0,674768.0,11.25
7.0,100.0,3300.0,1.61,13483.0,12384.0,1125.7,0.3,1026044.0,674768.0,11.25
8.0,93.3,3300.0,1.62,13438.0,11952.0,1106.8,0.3,1026044.0,674728.0,11.25
9.0,100.0,3299.999,1.61,13457.0,12672.0,1113.3,0.3,1026044.0,674768.0,11.25
10.0,100.0,3300.0,1.61,13429.0,12384.0,1104.6,0.3,1026044.0,674764.0,11.25
11.0,100.0,3299.999,1.61,13399.0,11520.0,1112.8,0.3,1026044.0,674768.0,11.25
12.0,100.0,3299.999,1.62,14130.0,12384.0,1159.4,0.3,1026044.0,674756.0,11.25
13.0,100.0,3300.0,1.61,13323.0,12168.0,1112.8,0.3,1026044.0,674768.0,11.25
14.0,100.0,3299.999,1.55,13024.0,12240.0,1076.9,0.3,1026044.0,674768.0,11.25
15.0,100.0,3299.999,1.37,11372.0,12456.0,944.9,0.3,1026044.0,674768.0,11.25
16.0,100.0,3300.0,1.16,9639.0,11808.0,804.6,0.3,1026044.0,674768.0,11.25
17.0,100.0,3300.0,1.06,8838.0,12528.0,731.2,0.3,1026044.0,674768.0,11.25
18.0,100.0,3300.0,0.99,8270.0,12600.0,684.2,0.3,1026044.0,674768.0,11.25
19.0,100.0,3300.0,0.93,7791.0,12600.0,637.5,0.3,1026044.0,674768.0,11.25
20.0,100.0,3299.999,0.89,8061.0,12384.0,655.6,0.3,1026044.0,674768.0,11.25
21.0,100.0,3299.999,0.83,6920.0,12600.0,580.1,0.3,1026044.0,674768.0,11.25
22.0,100.0,3300.0,0.8,6649.0,12384.0,550.2,0.3,1026044.0,674768.0,11.25
23.0,100.0,3299.999,0.75,6203.0,11664.0,510.8,0.3,1026044.0,674768.0,11.25
24.0,100.0,3300.0,0.72,6061.0,11952.0,502.7,0.3,1026044.0,674768.0,11.25
25.0,100.0,3299.999,0.68,5670.0,12672.0,468.9,0.3,1026044.0,674768.0,11.25
26.0,100.0,3300.0,0.66,5563.0,12456.0,454.0,0.3,1026044.0,674756.0,11.25
27.0,100.0,3300.0,0.64,5350.0,12960.0,441.3,0.3,1026044.0,674756.0,11.25
28.0,100.0,3300.0,0.57,4790.0,11016.0,394.9,0.3,1026044.0,674768.0,11.25
29.0,100.0,3299.999,0.57,4760.0,12096.0,402.8,0.3,1026044.0,674748.0,11.25
30.0,93.8,3299.999,0.48,4086.0,12960.0,334.7,0.3,1026044.0,674820.0,11.25
31.0,100.0,3300.0,0.48,4035.0,12024.0,330.8,0.3,1026044.0,674768.0,11.25
32.0,100.0,3300.0,0.43,3600.0,13464.0,293.5,0.3,1026044.0,674768.0,11.25
33.0,100.0,3300.0,0.47,3841.0,13752.0,325.5,0.3,1026044.0,674728.0,11.25
34.0,100.0,3299.999,0.37,3110.0,12312.0,256.9,0.3,1026044.0,674728.0,11.25
35.0,100.0,3300.0,0.49,4026.0,12312.0,333.1,0.3,1026044.0,674728.0,11.25
36.0,93.3,3299.999,0.34,3519.0,12240.0,277.5,0.3,1026044.0,674768.0,11.25
37.0,100.0,3300.0,0.49,4084.0,12384.0,339.0,0.3,1026044.0,674768.0,11.25
38.0,100.0,3299.999,0.33,2791.0,11952.0,226.8,0.3,1026044.0,674768.0,11.25
39.0,100.0,3300.0,0.43,3523.0,11232.0,290.7,0.3,1026044.0,674768.0,11.25
