time,CPU_Utilization,Frequency,IPC,Misses,LLC,MBL,Memory_Footprint,Virt_Memory,Res_Memory,Allocated_Cache
0.0,100.0,3299.999,1.86,151.0,648.0,4.7,0.2,1026048.0,614044.0,6.75
1.0,100.0,3299.999,1.49,20648.0,7200.0,2792.1,0.3,1026044.0,674836.0,6.75
2.0,100.0,3300.0,1.51,14355.0,8424.0,1228.4,0.3,1026044.0,674832.0,6.75
3.0,100.0,3299.999,1.51,14334.0,7704.0,1222.6,0.3,1026044.0,674796.0,6.75
4.0,93.3,3299.999,1.51,14405.0,7632.0,1221.8,0.3,1026044.0,674888.0,6.75
5.0,100.0,3300.0,1.51,14320.0,7056.0,1223.6,0.3,1026044.0,674796.0,6.75
6.0,100.0,3299.999,1.51,14421.0,8424.0,1226.7,0.3,1026044.0,674824.0,6.75
7.0,100.0,3300.0,1.52,15004.0,7632.0,1261.8,0.3,1026044.0,674836.0,6.75
8.0,100.0,3300.0,1.51,14419.0,9072.0,1225.8,0.3,1026044.0,674796.0,6.75
9.0,100.0,3299.999,1.52,14415.0,7344.0,1250.2,0.3,1026044.0,674836.0,6.75
10.0,100.0,3299.999,1.51,14379.0,7920.0,1224.5,0.3,1026044.0,674832.0,6.75
11.0,100.0,3300.0,1.51,14369.0,8640.0,1220.8,0.3,1026044.0,674836.0,6.75
12.0,100.0,3300.0,1.51,14345.0,7416.0,1229.3,0.3,1026044.0,674824.0,6.75
13.0,100.0,3299.999,1.52,15044.0,6984.0,1260.0,0.3,1026044.0,674836.0,6.75
14.0,100.0,3300.0,1.51,14421.0,7848.0,1234.5,0.3,1026044.0,674836.0,6.75
15.0,100.0,3300.0,1.45,13808.0,7488.0,1164.7,0.3,1026044.0,674796.0,6.75
16.0,100.0,3299.999,1.28,12237.0,7344.0,1027.2,0.3,1026044.0,674836.0,6.75
17.0,100.0,3300.0,1.1,10414.0,7704.0,882.8,0.3,1026044.0,674836.0,6.75
18.0,93.8,3300.0,1.02,9727.0,7920.0,825.8,0.3,1026044.0,674836.0,6.75
19.0,100.0,3299.999,0.96,9065.0,6984.0,770.8,0.3,1026044.0,674832.0,6.75
20.0,100.0,3299.999,0.9,8596.0,7992.0,719.6,0.3,1026044.0,674836.0,6.75
21.0,100.0,3299.999,0.87,8890.0,7416.0,723.6,0.3,1026044.0,674836.0,6.75
22.0,93.8,3300.0,0.82,7870.0,7920.0,664.5,0.3,1026044.0,674836.0,6.75
23.0,100.0,3299.999,0.76,7137.0,8136.0,602.6,0.3,1026044.0,674836.0,6.75
24.0,100.0,3300.0,0.75,7043.0,7992.0,586.7,0.3,1026044.0,674836.0,6.75
25.0,100.0,3299.999,0.7,6654.0,7272.0,564.6,0.3,1026044.0,674836.0,6.75
26.0,93.8,3300.0,0.68,6451.0,7848.0,562.6,0.3,1026044.0,674816.0,6.75
27.0,100.0,3299.999,0.67,6242.0,8064.0,529.6,0.3,1026044.0,674836.0,6.75
28.0,100.0,3300.0,0.61,5833.0,7920.0,499.3,0.3,1026044.0,674836.0,6.75
29.0,100.0,3300.0,0.58,5560.0,8928.0,462.7,0.3,1026044.0,674836.0,6.75
30.0,100.0,3299.999,0.59,5553.0,8280.0,478.2,0.3,1026044.0,674888.0,6.75
31.0,100.0,3300.0,0.47,4447.0,7272.0,369.1,0.3,1026044.0,674836.0,6.75
32.0,100.0,3300.0,0.53,5010.0,8280.0,421.5,0.3,1026044.0,674836.0,6.75
33.0,93.8,3300.0,0.38,3641.0,7848.0,311.0,0.3,1026044.0,674836.0,6.75
34.0,93.8,3299.999,0.5,4765.0,7128.0,411.0,0.3,1026044.0,674836.0,6.75
35.0,100.0,3299.999,0.36,3430.0,8136.0,281.0,0.3,1026044.0,674836.0,6.75
36.0,100.0,3300.0,0.47,4438.0,7560.0,376.5,0.3,1026044.0,674836.0,6.75
37.0,100.0,3299.999,0.41,4560.0,7272.0,365.6,0.3,1026044.0,674832.0,6.75
38.0,100.0,3300.0,0.37,3471.0,7272.0,300.0,0.3,1026044.0,674832.0,6.75
39.0,100.0,3299.999,0.46,4350.0,7272.0,368.9,0.3,1026044.0,674836.0,6.75
