time,CPU_Utilization,Frequency,IPC,Misses,LLC,MBL,Memory_Footprint,Virt_Memory,Res_Memory,Allocated_Cache
0.0,100.0,3300.0,1.64,101.0,576.0,4.3,0.2,1026048.0,613312.0,22.5
1.0,100.0,3300.0,1.57,16915.0,22392.0,2182.3,0.3,1026044.0,673936.0,22.5
2.0,100.0,3299.999,1.62,13071.0,22608.0,1088.0,0.3,1026044.0,673936.0,22.5
3.0,100.0,3300.0,1.63,12947.0,22968.0,1092.9,0.3,1026044.0,673988.0,22.5
4.0,93.8,3299.999,1.63,13033.0,22536.0,1092.9,0.3,1026044.0,673924.0,22.5
5.0,100.0,3299.999,1.63,13009.0,22896.0,1095.2,0.3,1026044.0,673896.0,22.5
6.0,93.8,3300.0,1.64,13647.0,22248.0,1126.2,0.3,1026044.0,673932.0,22.5
7.0,100.0,3299.999,1.63,13025.0,22752.0,1096.0,0.3,1026044.0,673928.0,22.5
8.0,100.0,3299.999,1.63,12960.0,22320.0,1092.0,0.3,1026044.0,673936.0,22.5
9.0,100.0,3300.0,1.63,13019.0,22536.0,1095.5,0.3,1026044.0,673896.0,22.5
10.0,100.0,3300.0,1.63,13027.0,22680.0,1094.3,0.3,1026044.0,673936.0,22.5
11.0,100.0,3299.999,1.62,12944.0,22824.0,1093.6,0.3,1026044.0,673936.0,22.5
12.0,100.0,3300.0,1.63,13676.0,22032.0,1129.4,0.3,1026044.0,673928.0,22.5
13.0,100.0,3300.0,1.62,12952.0,22032.0,1095.8,0.3,1026044.0,673936.0,22.5
14.0,100.0,3299.999,1.55,12428.0,22680.0,1044.7,0.3,1026044.0,673912.0,22.5
15.0,100.0,3299.999,1.33,10632.0,22680.0,893.2,0.3,1026044.0,673936.0,22.5
16.0,100.0,3300.001,1.16,9316.0,22752.0,781.0,0.3,1026044.0,673896.0,22.5
17.0,100.0,3299.999,1.06,8472.0,22032.0,711.6,0.3,1026044.0,673936.0,22.5
18.0,100.0,3300.0,0.99,7892.0,22896.0,662.6,0.3,1026044.0,673936.0,22.5
19.0,100.0,3299.999,0.93,7412.0,22320.0,627.3,0.3,1026044.0,673936.0,22.5
20.0,100.0,3300.0,0.89,7723.0,22752.0,630.9,0.3,1026044.0,673932.0,22.5
21.0,100.0,3299.999,0.83,6604.0,22176.0,557.2,0.3,1026044.0,673936.0,22.5
22.0,100.0,3300.0,0.78,6322.0,22464.0,531.7,0.3,1026044.0,673936.0,22.5
23.0,100.0,3300.0,0.77,6212.0,22464.0,517.4,0.3,1026044.0,673928.0,22.5
24.0,100.0,3299.999,0.71,5586.0,22032.0,466.5,0.3,1026044.0,673936.0,22.5
25.0,100.0,3300.0,0.68,5457.0,22536.0,456.4,0.3,1026044.0,673936.0,22.5
26.0,100.0,3300.0,0.65,5236.0,22464.0,437.0,0.3,1026044.0,673936.0,22.5
27.0,100.0,3299.999,0.65,5190.0,22104.0,437.2,0.3,1026044.0,673936.0,22.5
28.0,93.8,3299.999,0.57,4543.0,22680.0,383.8,0.3,1026044.0,673936.0,22.5
29.0,100.0,3299.999,0.54,4283.0,21816.0,356.9,0.3,1026044.0,673936.0,22.5
30.0,100.0,3299.999,0.51,4049.0,22320.0,341.9,0.3,1026044.0,673988.0,22.5
31.0,100.0,3300.0,0.44,3579.0,22392.0,296.6,0.3,1026044.0,673896.0,22.5
32.0,100.0,3299.999,0.48,3820.0,22680.0,320.5,0.3,1026044.0,673896.0,22.5
33.0,93.8,3299.999,0.42,3399.0,22536.0,284.3,0.3,1026044.0,673936.0,22.5
34.0,100.0,3299.984,0.41,3294.0,22392.0,278.2,0.3,1026044.0,673936.0,22.5
35.0,93.8,3300.0,0.45,3565.0,22320.0,301.5,0.3,1026044.0,673936.0,22.5
36.0,100.0,3299.999,0.36,3557.0,22248.0,270.8,0.3,1026044.0,673936.0,22.5
37.0,100.0,3299.999,0.5,3916.0,22320.0,332.5,0.3,1026044.0,673936.0,22.5
38.0,100.0,3300.0,0.31,2447.0,22320.0,208.0,0.3,1026044.0,673936.0,22.5
39.0,93.8,3299.999,0.48,3835.0,22608.0,320.0,0.3,1026044.0,673936.0,22.5
