time,CPU_Utilization,Frequency,IPC,Misses,LLC,MBL,Memory_Footprint,Virt_Memory,Res_Memory,Allocated_Cache
0.0,100.0,3299.999,1.71,228.0,9432.0,13.1,0.2,1026048.0,613384.0,13.5
1.0,100.0,3299.999,1.55,17684.0,14544.0,2430.3,0.3,1026044.0,674080.0,13.5
2.0,100.0,3300.0,1.62,13225.0,14400.0,1104.5,0.3,1026044.0,674076.0,13.5
3.0,100.0,3300.0,1.62,13204.0,13248.0,1098.8,0.3,1026044.0,674040.0,13.5
4.0,100.0,3300.0,1.62,13207.0,13680.0,1101.4,0.3,1026044.0,674060.0,13.5
5.0,100.0,3299.999,1.62,13233.0,14184.0,1104.5,0.3,1026044.0,674080.0,13.5
6.0,100.0,3300.0,1.63,13936.0,14040.0,1144.3,0.3,1026044.0,674080.0,13.5
7.0,93.8,3299.999,1.62,13178.0,13968.0,1096.2,0.3,1026044.0,674080.0,13.5
8.0,100.0,3299.999,1.62,13260.0,13752.0,1112.8,0.3,1026044.0,674040.0,13.5
9.0,100.0,3300.0,1.62,13240.0,14184.0,1104.9,0.3,1026044.0,674080.0,13.5
10.0,100.0,3299.999,1.62,13201.0,14184.0,1094.9,0.3,1026044.0,674076.0,13.5
11.0,100.0,3299.999,1.62,13166.0,14760.0,1102.4,0.3,1026044.0,674080.0,13.5
12.0,100.0,3300.0,1.63,13957.0,14472.0,1140.9,0.3,1026044.0,674080.0,13.5
13.0,100.0,3300.0,1.62,13178.0,14184.0,1102.1,0.3,1026044.0,674080.0,13.5
14.0,100.0,3300.0,1.56,12634.0,14760.0,1061.2,0.3,1026044.0,674080.0,13.5
15.0,100.0,3299.999,1.35,11076.0,14400.0,921.6,0.3,1026044.0,674080.0,13.5
16.0,100.0,3300.0,1.16,9386.0,14472.0,775.5,0.3,1026044.0,674040.0,13.5
17.0,100.0,3300.0,1.07,8613.0,14760.0,726.5,0.3,1026044.0,674080.0,13.5
18.0,100.0,3299.999,0.99,8051.0,15120.0,667.8,0.3,1026044.0,672496.0,13.5
19.0,100.0,3300.0,0.93,7555.0,15840.0,635.0,0.3,1026044.0,674080.0,13.5
20.0,100.0,3299.999,0.89,7930.0,14760.0,645.8,0.3,1026044.0,674080.0,13.5
21.0,100.0,3299.999,0.83,6750.0,13896.0,559.7,0.3,1026044.0,674080.0,13.5
22.0,93.3,3299.999,0.79,6485.0,14976.0,540.2,0.3,1026044.0,674080.0,13.5
23.0,100.0,3300.0,0.75,6006.0,13896.0,503.6,0.3,1026044.0,674072.0,13.5
24.0,100.0,3299.999,0.73,5985.0,13464.0,499.7,0.3,1026044.0,674080.0,13.5
25.0,100.0,3300.0,0.68,5569.0,13968.0,467.4,0.3,1026044.0,674080.0,13.5
26.0,100.0,3299.999,0.65,5282.0,13320.0,436.8,0.3,1026044.0,674060.0,13.5
27.0,100.0,3299.999,0.65,5266.0,13824.0,442.2,0.3,1026044.0,674080.0,13.5
28.0,100.0,3300.0,0.57,4610.0,14400.0,387.4,0.3,1026044.0,674080.0,13.5
29.0,100.0,3299.985,0.56,4578.0,13752.0,381.6,0.3,1026044.0,674080.0,13.5
30.0,100.0,3300.0,0.49,3997.0,13968.0,333.9,0.3,1026044.0,674132.0,13.5
31.0,100.0,3300.0,0.46,3807.0,14688.0,315.0,0.3,1026044.0,674080.0,13.5
32.0,100.0,3300.0,0.46,3669.0,14400.0,304.1,0.3,1026044.0,674080.0,13.5
33.0,100.0,3299.999,0.44,3490.0,14544.0,293.9,0.3,1026044.0,674080.0,13.5
34.0,100.0,3300.0,0.4,3234.0,14112.0,270.4,0.3,1026044.0,674080.0,13.5
35.0,100.0,3300.0,0.47,3862.0,13968.0,318.1,0.3,1026044.0,674080.0,13.5
36.0,93.8,3299.999,0.35,3536.0,14616.0,275.4,0.3,1026044.0,674080.0,13.5
37.0,100.0,3300.0,0.5,4026.0,14544.0,334.9,0.3,1026044.0,674080.0,13.5
38.0,100.0,3299.999,0.31,2592.0,13968.0,215.5,0.3,1026044.0,674076.0,13.5
39.0,100.0,3300.0,0.46,3726.0,14112.0,308.5,0.3,1026044.0,674076.0,13.5
