time,CPU_Utilization,Frequency,IPC,Misses,LLC,MBL,Memory_Footprint,Virt_Memory,Res_Memory,Allocated_Cache
0.0,100.0,3300.0,1.37,132.0,0.0,4.8,0.2,1026048.0,613316.0,15.75
1.0,93.8,3299.999,1.56,17409.0,15912.0,2331.4,0.3,1026044.0,674772.0,15.75
2.0,100.0,3300.0,1.62,13087.0,16272.0,1094.3,0.3,1026044.0,674768.0,15.75
3.0,100.0,3300.0,1.63,13083.0,16128.0,1099.5,0.3,1026044.0,674824.0,15.75
4.0,100.0,3300.0,1.62,13184.0,16272.0,1100.0,0.3,1026044.0,674760.0,15.75
5.0,93.8,3299.999,1.62,13201.0,16632.0,1093.9,0.3,1026044.0,674732.0,15.75
6.0,93.8,3300.0,1.63,13926.0,16488.0,1144.2,0.3,1026044.0,674772.0,15.75
7.0,100.0,3299.999,1.62,13171.0,17352.0,1089.8,0.3,1026044.0,674768.0,15.75
8.0,100.0,3299.999,1.63,13122.0,16848.0,1094.6,0.3,1026044.0,674772.0,15.75
9.0,100.0,3300.0,1.62,13197.0,17568.0,1090.4,0.3,1026044.0,674732.0,15.75
10.0,100.0,3299.999,1.63,13071.0,16344.0,1096.5,0.3,1026044.0,674772.0,15.75
11.0,100.0,3299.999,1.62,13103.0,16920.0,1092.5,0.3,1026044.0,674768.0,15.75
12.0,100.0,3299.999,1.63,13865.0,16488.0,1136.2,0.3,1026044.0,674772.0,15.75
13.0,100.0,3299.999,1.62,13240.0,16416.0,1090.5,0.3,1026044.0,674760.0,15.75
14.0,100.0,3300.0,1.56,12496.0,16560.0,1049.0,0.3,1026044.0,674772.0,15.75
15.0,100.0,3299.999,1.34,10818.0,17136.0,903.7,0.3,1026044.0,674752.0,15.75
16.0,100.0,3300.0,1.16,9352.0,16920.0,776.9,0.3,1026044.0,674772.0,15.75
17.0,93.8,3299.999,1.06,8577.0,16920.0,719.2,0.3,1026044.0,674772.0,15.75
18.0,100.0,3300.0,0.99,8000.0,16704.0,667.1,0.3,1026044.0,674772.0,15.75
19.0,100.0,3300.0,0.93,7521.0,15264.0,627.0,0.3,1026044.0,674772.0,15.75
20.0,100.0,3300.0,0.89,7852.0,15912.0,638.7,0.3,1026044.0,674772.0,15.75
21.0,100.0,3300.0,0.83,6744.0,16632.0,554.8,0.3,1026044.0,674772.0,15.75
22.0,100.0,3300.0,0.79,6349.0,15696.0,527.8,0.3,1026044.0,674772.0,15.75
23.0,100.0,3299.999,0.77,6248.0,16272.0,515.7,0.3,1026044.0,674772.0,15.75
24.0,100.0,3300.0,0.71,5703.0,16272.0,476.4,0.3,1026044.0,674768.0,15.75
25.0,93.8,3299.999,0.68,5448.0,15696.0,452.0,0.3,1026044.0,674768.0,15.75
26.0,100.0,3299.999,0.65,5269.0,16848.0,434.7,0.3,1026044.0,674772.0,15.75
27.0,93.3,3299.999,0.65,5269.0,16344.0,438.6,0.3,1026044.0,674764.0,15.75
28.0,100.0,3300.0,0.57,4639.0,15768.0,381.9,0.3,1026044.0,674764.0,15.75
29.0,100.0,3299.999,0.55,4445.0,15984.0,365.4,0.3,1026044.0,674772.0,15.75
30.0,100.0,3300.0,0.51,4073.0,16488.0,342.6,0.3,1026044.0,674772.0,15.75
31.0,100.0,3300.0,0.45,3643.0,15912.0,301.1,0.3,1026044.0,674752.0,15.75
32.0,100.0,3299.999,0.47,3796.0,16848.0,318.9,0.3,1026044.0,674752.0,15.75
33.0,100.0,3299.999,0.43,3463.0,16416.0,281.1,0.3,1026044.0,674772.0,15.75
34.0,100.0,3299.999,0.4,3271.0,16128.0,274.6,0.3,1026044.0,674772.0,15.75
35.0,100.0,3300.0,0.46,3697.0,17136.0,306.5,0.3,1026044.0,674732.0,15.75
36.0,100.0,3299.999,0.36,3568.0,16920.0,282.2,0.3,1026044.0,674732.0,15.75
37.0,100.0,3300.0,0.5,3986.0,16416.0,330.9,0.3,1026044.0,674732.0,15.75
38.0,100.0,3299.999,0.31,2567.0,15912.0,207.2,0.3,1026044.0,674772.0,15.75
39.0,100.0,3299.984,0.47,3803.0,16272.0,321.9,0.3,1026044.0,674772.0,15.75
