time,CPU_Utilization,Frequency,IPC,Misses,LLC,MBL,Memory_Footprint,Virt_Memory,Res_Memory,Allocated_Cache
0.0,93.8,3300.0,1.86,162.0,0.0,4.1,0.2,1026048.0,614036.0,2.25
1.0,100.0,3299.999,1.4,25467.0,4536.0,3282.7,0.3,1026044.0,674628.0,2.25
2.0,100.0,3300.0,1.27,17310.0,4032.0,1680.6,0.3,1026044.0,674820.0,2.25
3.0,100.0,3300.0,1.27,17443.0,4896.0,1698.8,0.3,1026044.0,674884.0,2.25
4.0,100.0,3299.999,1.27,17388.0,4536.0,1693.3,0.3,1026044.0,674884.0,2.25
5.0,100.0,3300.0,1.27,17407.0,4248.0,1699.4,0.3,1026044.0,674832.0,2.25
6.0,100.0,3300.0,1.27,17452.0,3816.0,1672.3,0.3,1026044.0,674828.0,2.25
7.0,100.0,3300.0,1.27,17466.0,4176.0,1709.3,0.3,1026044.0,674884.0,2.25
8.0,100.0,3299.999,1.28,18111.0,3672.0,1741.3,0.3,1026044.0,674792.0,2.25
9.0,100.0,3299.999,1.27,17440.0,3744.0,1698.8,0.3,1026044.0,674832.0,2.25
10.0,100.0,3299.999,1.27,17402.0,4464.0,1685.8,0.3,1026044.0,674832.0,2.25
11.0,100.0,3300.0,1.27,17375.0,4176.0,1688.0,0.3,1026044.0,674832.0,2.25
12.0,100.0,3300.0,1.27,17552.0,3456.0,1688.8,0.3,1026044.0,674828.0,2.25
13.0,93.3,3300.0,1.27,17295.0,3960.0,1681.5,0.3,1026044.0,674824.0,2.25
14.0,100.0,3299.999,1.27,17413.0,3888.0,1679.2,0.3,1026044.0,674832.0,2.25
15.0,100.0,3300.0,1.28,18079.0,3168.0,1713.4,0.3,1026044.0,674832.0,2.25
16.0,100.0,3299.999,1.27,17445.0,3096.0,1707.9,0.3,1026044.0,674832.0,2.25
17.0,100.0,3299.999,1.27,17382.0,3312.0,1709.0,0.3,1026044.0,674792.0,2.25
18.0,100.0,3300.0,1.2,16383.0,3528.0,1585.8,0.3,1026044.0,674832.0,2.25
19.0,100.0,3300.0,1.05,14448.0,4248.0,1407.0,0.3,1026044.0,674832.0,2.25
20.0,100.0,3300.0,0.98,13349.0,3240.0,1315.0,0.3,1026044.0,674832.0,2.25
21.0,100.0,3300.0,0.91,12513.0,3888.0,1220.8,0.3,1026044.0,674828.0,2.25
22.0,100.0,3300.0,0.87,11944.0,3384.0,1147.6,0.3,1026044.0,674832.0,2.25
23.0,100.0,3300.0,0.84,11455.0,3672.0,1106.4,0.3,1026044.0,674832.0,2.25
24.0,100.0,3299.999,0.76,10363.0,3384.0,1020.7,0.3,1026044.0,674824.0,2.25
25.0,100.0,3299.999,0.78,11173.0,3528.0,1053.3,0.3,1026044.0,674824.0,2.25
26.0,100.0,3299.999,0.72,9856.0,4176.0,946.5,0.3,1026044.0,674832.0,2.25
27.0,100.0,3299.999,0.7,9487.0,3528.0,921.4,0.3,1026044.0,674832.0,2.25
28.0,100.0,3300.0,0.68,9209.0,4176.0,888.7,0.3,1026044.0,674808.0,2.25
29.0,100.0,3300.0,0.64,8810.0,3744.0,856.1,0.3,1026044.0,674808.0,2.25
30.0,93.3,3300.0,0.62,8495.0,3456.0,814.9,0.3,1026044.0,674832.0,2.25
31.0,100.0,3299.999,0.62,8359.0,3240.0,816.6,0.3,1026044.0,674792.0,2.25
32.0,100.0,3299.999,0.57,7767.0,3528.0,773.4,0.3,1026044.0,674792.0,2.25
33.0,100.0,3299.999,0.56,7690.0,3816.0,751.9,0.3,1026044.0,674832.0,2.25
34.0,93.8,3300.0,0.53,7231.0,3816.0,691.9,0.3,1026044.0,674832.0,2.25
35.0,100.0,3300.0,0.47,6434.0,4608.0,615.2,0.3,1026044.0,674832.0,2.25
36.0,100.0,3299.999,0.49,6649.0,4248.0,646.2,0.3,1026044.0,674832.0,2.25
37.0,100.0,3299.999,0.41,5678.0,3672.0,548.4,0.3,1026044.0,674832.0,2.25
38.0,100.0,3300.0,0.43,5791.0,3744.0,561.0,0.3,1026044.0,674832.0,2.25
39.0,100.0,3299.999,0.42,5775.0,3816.0,578.7,0.3,1026044.0,674828.0,2.25
