time,CPU_Utilization,Frequency,IPC,Misses,LLC,MBL,Memory_Footprint,Virt_Memory,Res_Memory,Allocated_Cache
0.0,100.0,3299.999,0.35,42.0,720.0,8.6,0.2,1026048.0,614056.0,4.5
1.0,93.8,3300.0,1.46,22782.0,6624.0,2928.6,0.3,1026044.0,674644.0,4.5
2.0,100.0,3299.999,1.39,15507.0,6552.0,1361.6,0.3,1026044.0,674844.0,4.5
3.0,100.0,3299.999,1.39,15558.0,6840.0,1399.8,0.3,1026044.0,674900.0,4.5
4.0,100.0,3299.999,1.39,15526.0,6984.0,1384.7,0.3,1026044.0,674816.0,4.5
5.0,100.0,3300.0,1.39,15566.0,6840.0,1388.5,0.3,1026044.0,674808.0,4.5
6.0,100.0,3300.0,1.39,15552.0,6912.0,1391.9,0.3,1026044.0,674848.0,4.5
7.0,100.0,3300.0,1.4,16250.0,7128.0,1437.8,0.3,1026044.0,674844.0,4.5
8.0,93.3,3300.0,1.39,15459.0,6624.0,1372.9,0.3,1026044.0,674824.0,4.5
9.0,100.0,3299.999,1.39,15570.0,6480.0,1375.5,0.3,1026044.0,674900.0,4.5
10.0,93.3,3300.0,1.39,15536.0,7056.0,1378.7,0.3,1026044.0,674848.0,4.5
11.0,100.0,3299.999,1.39,15540.0,6984.0,1404.8,0.3,1026044.0,674844.0,4.5
12.0,93.8,3299.999,1.39,15397.0,6840.0,1383.1,0.3,1026044.0,674848.0,4.5
13.0,100.0,3299.999,1.39,15539.0,6336.0,1377.6,0.3,1026044.0,674836.0,4.5
14.0,100.0,3299.999,1.4,16146.0,6552.0,1418.6,0.3,1026044.0,674824.0,4.5
15.0,100.0,3300.0,1.39,15537.0,6984.0,1386.8,0.3,1026044.0,674848.0,4.5
16.0,100.0,3300.0,1.36,15151.0,6696.0,1351.3,0.3,1026044.0,674848.0,4.5
17.0,100.0,3299.999,1.22,13578.0,6840.0,1229.5,0.3,1026044.0,674848.0,4.5
18.0,100.0,3300.0,1.08,12059.0,5904.0,1067.9,0.3,1026044.0,674848.0,4.5
19.0,100.0,3300.0,0.99,11078.0,5832.0,997.0,0.3,1026044.0,674848.0,4.5
20.0,100.0,3300.0,0.93,10482.0,5832.0,931.5,0.3,1026044.0,674844.0,4.5
21.0,100.0,3299.999,0.89,9845.0,5976.0,896.0,0.3,1026044.0,674848.0,4.5
22.0,100.0,3299.999,0.84,9366.0,5760.0,828.6,0.3,1026044.0,674848.0,4.5
23.0,100.0,3299.999,0.81,9718.0,5976.0,842.6,0.3,1026044.0,674848.0,4.5
24.0,100.0,3299.999,0.76,8491.0,5544.0,756.4,0.3,1026044.0,674836.0,4.5
25.0,100.0,3300.0,0.73,8087.0,6336.0,730.5,0.3,1026044.0,674848.0,4.5
26.0,100.0,3300.0,0.7,7864.0,5544.0,709.2,0.3,1026044.0,674848.0,4.5
27.0,100.0,3300.0,0.67,7545.0,6264.0,684.1,0.3,1026044.0,674900.0,4.5
28.0,93.8,3300.0,0.64,7087.0,5544.0,644.0,0.3,1026044.0,674828.0,4.5
29.0,100.0,3299.999,0.63,6978.0,5256.0,625.9,0.3,1026044.0,674848.0,4.5
30.0,100.0,3300.0,0.6,6731.0,6120.0,596.5,0.3,1026044.0,674848.0,4.5
31.0,100.0,3299.999,0.55,6125.0,5760.0,538.4,0.3,1026044.0,674808.0,4.5
32.0,100.0,3300.0,0.58,6477.0,6552.0,581.9,0.3,1026044.0,674808.0,4.5
33.0,100.0,3299.999,0.45,4982.0,5976.0,434.1,0.3,1026044.0,674848.0,4.5
34.0,93.3,3300.0,0.52,5757.0,6048.0,506.3,0.3,1026044.0,674848.0,4.5
35.0,100.0,3300.0,0.37,4138.0,6408.0,369.1,0.3,1026044.0,674848.0,4.5
36.0,100.0,3300.0,0.49,5439.0,5112.0,475.2,0.3,1026044.0,674848.0,4.5
37.0,100.0,3300.0,0.36,4053.0,6336.0,367.9,0.3,1026044.0,674848.0,4.5
38.0,100.0,3299.999,0.44,4902.0,6984.0,438.0,0.3,1026044.0,674848.0,4.5
39.0,100.0,3299.983,0.4,4429.0,6624.0,396.8,0.3,1026044.0,674848.0,4.5
