time,CPU_Utilization,Frequency,IPC,Misses,LLC,MBL,Memory_Footprint,Virt_Memory,Res_Memory,Allocated_Cache
0.0,100.0,3300.0,1.91,135.0,720.0,3.4,0.2,1026048.0,613380.0,20.25
1.0,100.0,3300.014,1.56,17163.0,20736.0,2322.1,0.3,1026044.0,674072.0,20.25
2.0,100.0,3300.0,1.63,13002.0,20736.0,1094.9,0.3,1026044.0,674068.0,20.25
3.0,100.0,3300.0,1.63,13014.0,20808.0,1099.8,0.3,1026044.0,674032.0,20.25
4.0,100.0,3299.999,1.62,13144.0,20376.0,1102.4,0.3,1026044.0,674052.0,20.25
5.0,100.0,3299.999,1.63,13020.0,20232.0,1099.8,0.3,1026044.0,674072.0,20.25
6.0,100.0,3300.0,1.63,13808.0,19944.0,1138.8,0.3,1026044.0,674068.0,20.25
7.0,93.8,3299.999,1.63,13015.0,20808.0,1087.6,0.3,1026044.0,674072.0,20.25
8.0,100.0,3300.0,1.63,13083.0,21096.0,1109.0,0.3,1026044.0,674032.0,20.25
9.0,100.0,3299.999,1.63,13025.0,20880.0,1103.4,0.3,1026044.0,674072.0,20.25
10.0,100.0,3299.999,1.63,13039.0,20880.0,1103.3,0.3,1026044.0,674068.0,20.25
11.0,100.0,3300.0,1.62,13020.0,21024.0,1092.4,0.3,1026044.0,674072.0,20.25
12.0,93.3,3299.999,1.63,13798.0,20304.0,1142.8,0.3,1026044.0,674072.0,20.25
13.0,100.0,3299.999,1.62,13061.0,20160.0,1103.1,0.3,1026044.0,674072.0,20.25
14.0,100.0,3299.999,1.56,12460.0,20520.0,1055.6,0.3,1026044.0,674072.0,20.25
15.0,100.0,3300.0,1.33,10700.0,20016.0,901.1,0.3,1026044.0,674072.0,20.25
16.0,100.0,3299.999,1.16,9308.0,19872.0,775.5,0.3,1026044.0,674032.0,20.25
17.0,100.0,3300.0,1.06,8495.0,19872.0,713.7,0.3,1026044.0,674072.0,20.25
18.0,100.0,3300.0,0.99,7944.0,20232.0,666.8,0.3,1026044.0,674072.0,20.25
19.0,100.0,3300.0,0.93,7458.0,19656.0,623.2,0.3,1026044.0,674072.0,20.25
20.0,100.0,3299.999,0.89,7792.0,19656.0,640.3,0.3,1026044.0,674068.0,20.25
21.0,100.0,3300.0,0.83,6654.0,20232.0,559.8,0.3,1026044.0,674072.0,20.25
22.0,100.0,3300.0,0.79,6360.0,19728.0,533.7,0.3,1026044.0,674072.0,20.25
23.0,100.0,3300.0,0.77,6181.0,20448.0,520.0,0.3,1026044.0,674064.0,20.25
24.0,100.0,3299.999,0.71,5673.0,20520.0,482.5,0.3,1026044.0,674072.0,20.25
25.0,100.0,3300.0,0.68,5404.0,19656.0,449.8,0.3,1026044.0,674072.0,20.25
26.0,100.0,3299.999,0.65,5196.0,20376.0,439.6,0.3,1026044.0,674052.0,20.25
27.0,100.0,3299.999,0.65,5232.0,20232.0,439.2,0.3,1026044.0,674072.0,20.25
28.0,100.0,3300.0,0.57,4557.0,20232.0,380.1,0.3,1026044.0,674072.0,20.25
29.0,100.0,3299.999,0.55,4421.0,20664.0,369.4,0.3,1026044.0,674072.0,20.25
30.0,100.0,3299.999,0.51,4020.0,20160.0,332.2,0.3,1026044.0,674124.0,20.25
31.0,100.0,3299.999,0.44,3626.0,20160.0,309.2,0.3,1026044.0,674072.0,20.25
32.0,100.0,3300.0,0.47,3745.0,20160.0,310.6,0.3,1026044.0,674072.0,20.25
33.0,100.0,3299.999,0.43,3481.0,20376.0,286.8,0.3,1026044.0,674072.0,20.25
34.0,93.8,3299.999,0.41,3226.0,18576.0,271.8,0.3,1026044.0,674072.0,20.25
35.0,100.0,3300.0,0.46,3620.0,20592.0,302.8,0.3,1026044.0,674072.0,20.25
36.0,100.0,3299.999,0.36,3587.0,20736.0,283.0,0.3,1026044.0,674072.0,20.25
37.0,100.0,3300.0,0.5,3933.0,20376.0,331.2,0.3,1026044.0,674072.0,20.25
38.0,100.0,3300.0,0.31,2510.0,20736.0,208.6,0.3,1026044.0,674068.0,20.25
39.0,100.0,3300.0,0.48,3797.0,19944.0,314.9,0.3,1026044.0,674068.0,20.25
