time,CPU_Utilization,Frequency,IPC,Misses,LLC,MBL,Memory_Footprint,Virt_Memory,Res_Memory,Allocated_Cache
0.0,100.0,3299.999,1.6,130.0,0.0,3.3,0.2,1026048.0,601028.0,24.75
1.0,87.5,3300.0,1.56,16879.0,24696.0,2236.2,0.3,1026044.0,674004.0,24.75
2.0,100.0,3299.999,1.63,13095.0,24480.0,1097.4,0.3,1026044.0,674000.0,24.75
3.0,100.0,3299.999,1.63,12991.0,24912.0,1096.2,0.3,1026044.0,673964.0,24.75
4.0,93.8,3300.0,1.63,13051.0,24768.0,1110.2,0.3,1026044.0,673972.0,24.75
5.0,100.0,3299.999,1.63,13075.0,24840.0,1100.9,0.3,1026044.0,674004.0,24.75
6.0,100.0,3300.0,1.64,13690.0,24912.0,1137.5,0.3,1026044.0,674004.0,24.75
7.0,100.0,3300.0,1.63,13022.0,24768.0,1103.1,0.3,1026044.0,674004.0,24.75
8.0,100.0,3299.999,1.63,13100.0,24840.0,1102.9,0.3,1026044.0,673984.0,24.75
9.0,100.0,3299.999,1.63,13035.0,24264.0,1099.8,0.3,1026044.0,673964.0,24.75
10.0,100.0,3299.999,1.63,13062.0,24408.0,1108.2,0.3,1026044.0,674004.0,24.75
11.0,100.0,3299.999,1.62,12960.0,24912.0,1098.6,0.3,1026044.0,674004.0,24.75
12.0,100.0,3300.0,1.64,13738.0,24984.0,1139.6,0.3,1026044.0,674004.0,24.75
13.0,100.0,3300.0,1.63,12972.0,24552.0,1101.9,0.3,1026044.0,674000.0,24.75
14.0,100.0,3299.999,1.55,12422.0,24552.0,1043.2,0.3,1026044.0,674004.0,24.75
15.0,100.0,3300.009,1.33,10634.0,24408.0,898.1,0.3,1026044.0,674004.0,24.75
16.0,100.0,3300.0,1.16,9249.0,24624.0,787.3,0.3,1026044.0,674056.0,24.75
17.0,100.0,3299.999,1.06,8470.0,24840.0,714.4,0.3,1026044.0,674004.0,24.75
18.0,100.0,3300.0,0.99,7878.0,24768.0,663.8,0.3,1026044.0,673964.0,24.75
19.0,100.0,3299.999,0.93,7423.0,24840.0,629.8,0.3,1026044.0,674004.0,24.75
20.0,100.0,3299.999,0.89,7724.0,24120.0,629.6,0.3,1026044.0,674004.0,24.75
21.0,93.8,3300.0,0.83,6627.0,24336.0,559.3,0.3,1026044.0,674004.0,24.75
22.0,100.0,3300.003,0.79,6309.0,24840.0,523.9,0.3,1026044.0,674000.0,24.75
23.0,100.0,3299.999,0.77,6174.0,24696.0,525.8,0.3,1026044.0,674004.0,24.75
24.0,100.0,3299.999,0.71,5579.0,24480.0,475.5,0.3,1026044.0,674004.0,24.75
25.0,93.8,3300.0,0.68,5454.0,23760.0,457.2,0.3,1026044.0,674004.0,24.75
26.0,100.0,3299.999,0.65,5186.0,23832.0,436.4,0.3,1026044.0,673992.0,24.75
27.0,93.8,3299.999,0.65,5161.0,24624.0,439.4,0.3,1026044.0,674004.0,24.75
28.0,100.0,3300.0,0.57,4571.0,24264.0,382.0,0.3,1026044.0,674004.0,24.75
29.0,100.0,3299.999,0.53,4288.0,24408.0,361.0,0.3,1026044.0,673984.0,24.75
30.0,100.0,3300.014,0.52,4157.0,24552.0,353.1,0.3,1026044.0,673984.0,24.75
31.0,100.0,3299.999,0.43,3500.0,22464.0,288.1,0.3,1026044.0,674004.0,24.75
32.0,100.0,3300.0,0.49,3805.0,24696.0,322.4,0.3,1026044.0,674004.0,24.75
33.0,100.0,3299.999,0.41,3396.0,24480.0,284.8,0.3,1026044.0,673964.0,24.75
34.0,100.0,3300.0,0.42,3339.0,22896.0,286.2,0.3,1026044.0,673964.0,24.75
35.0,100.0,3300.0,0.44,3486.0,24624.0,293.4,0.3,1026044.0,674004.0,24.75
36.0,93.8,3300.0,0.37,3598.0,24696.0,282.3,0.3,1026044.0,674004.0,24.75
37.0,100.0,3299.999,0.49,3978.0,21816.0,334.2,0.3,1026044.0,674004.0,24.75
38.0,100.0,3300.0,0.3,2452.0,24336.0,206.9,0.3,1026044.0,674004.0,24.75
39.0,93.8,3299.984,0.48,3853.0,24624.0,328.1,0.3,1026044.0,674004.0,24.75
40.0,100.0,3300.0,0.34,2810.0,20232.0,231.8,0.3,1026044.0,674004.0,24.75
41.0,100.0,3300.0,0.38,2944.0,24840.0,252.0,0.3,1026044.0,674004.0,24.75
42.0,100.0,3300.0,0.45,3567.0,24192.0,298.1,0.3,1026044.0,674004.0,24.75
43.0,100.0,3299.999,0.28,2326.0,21096.0,193.2,0.3,1026044.0,674004.0,24.75
44.0,100.0,3299.999,0.49,3946.0,24408.0,334.3,0.3,1026044.0,674004.0,24.75
45.0,100.0,3300.0,0.31,2522.0,24408.0,207.7,0.3,1026044.0,674004.0,24.75
46.0,100.0,3299.999,0.38,2984.0,20376.0,252.3,0.3,1026044.0,674004.0,24.75
47.0,100.0,3299.999,0.44,3477.0,25056.0,292.6,0.3,1026044.0,674000.0,24.75
48.0,100.0,3299.999,0.27,2200.0,24048.0,182.5,0.3,1026044.0,674000.0,24.75
49.0,100.0,3300.0,0.49,3885.0,20016.0,327.7,0.3,1026044.0,674000.0,24.75
50.0,93.8,3300.0,0.3,2458.0,24480.0,204.6,0.3,1026044.0,674004.0,24.75
51.0,100.0,3300.0,0.35,2749.0,24120.0,232.5,0.3,1026044.0,674004.0,24.75
52.0,100.0,3299.999,0.46,3676.0,24264.0,307.5,0.3,1024020.0,672160.0,24.75
53.0,100.0,3300.0,0.25,2033.0,23400.0,167.8,0.3,1026044.0,674004.0,24.75
54.0,100.0,3299.999,0.48,3841.0,23976.0,320.7,0.3,1026044.0,674004.0,24.75
55.0,100.0,3300.007,0.32,2512.0,24120.0,210.4,0.3,1026044.0,674004.0,24.75
56.0,100.0,3299.999,0.3,2422.0,23976.0,201.9,0.3,1026044.0,674004.0,24.75
57.0,100.0,3300.0,0.49,3924.0,24336.0,330.4,0.3,1026044.0,674004.0,24.75
58.0,100.0,3299.999,0.24,1981.0,24480.0,164.0,0.3,1026044.0,674004.0,24.75
59.0,100.0,3300.0,0.42,3362.0,24408.0,285.1,0.3,1026044.0,674004.0,24.75
60.0,100.0,3300.0,0.39,3083.0,24696.0,258.9,0.3,1026044.0,673984.0,24.75
61.0,100.0,3299.999,0.27,2796.0,24336.0,214.9,0.3,1026044.0,673984.0,24.75
62.0,100.0,3300.0,0.51,4036.0,24624.0,342.1,0.3,1026044.0,674056.0,24.75
63.0,100.0,3299.999,0.27,2261.0,24552.0,188.6,0.3,1026044.0,674004.0,24.75
64.0,100.0,3299.999,0.32,2519.0,24336.0,217.1,0.3,1026044.0,674004.0,24.75
65.0,100.0,3300.0,0.48,3779.0,24840.0,320.8,0.3,1026044.0,674004.0,24.75
66.0,100.0,3299.999,0.23,1864.0,24624.0,152.2,0.3,1026044.0,674004.0,24.75
67.0,93.8,3300.0,0.46,3649.0,24552.0,309.2,0.3,1026044.0,674056.0,24.75
68.0,100.0,3300.0,0.35,2751.0,23976.0,232.3,0.3,1026044.0,673964.0,24.75
69.0,93.8,3299.999,0.25,2066.0,24120.0,168.9,0.3,1026044.0,673964.0,24.75
70.0,100.0,3300.0,0.52,4172.0,24696.0,350.2,0.3,1026044.0,673964.0,24.75
71.0,100.0,3299.999,0.25,2034.0,23904.0,165.1,0.3,1026044.0,674004.0,24.75
72.0,100.0,3300.0,0.35,2777.0,24264.0,241.9,0.3,1026044.0,674004.0,24.75
73.0,100.0,3299.999,0.46,3665.0,24192.0,310.1,0.3,1026044.0,674004.0,24.75
74.0,100.0,3299.999,0.22,1844.0,23616.0,153.6,0.3,1026044.0,674004.0,24.75
75.0,100.0,3300.0,0.49,3864.0,24120.0,325.1,0.3,1026044.0,674004.0,24.75
76.0,100.0,3300.0,0.31,2490.0,23616.0,211.4,0.3,1026044.0,674004.0,24.75
77.0,100.0,3299.999,0.27,2173.0,24120.0,179.7,0.3,1026044.0,674004.0,24.75
78.0,100.0,3300.0,0.52,4201.0,24552.0,350.2,0.3,1026044.0,674004.0,24.75
79.0,100.0,3299.999,0.23,1862.0,24552.0,157.3,0.3,1026044.0,674004.0,24.75
80.0,100.0,3300.0,0.4,3155.0,24048.0,263.7,0.3,1026044.0,674004.0,24.75
81.0,100.0,3300.0,0.42,3326.0,24192.0,280.9,0.3,1026044.0,674004.0,24.75
82.0,93.8,3299.999,0.22,1845.0,24552.0,153.0,0.3,1026044.0,674004.0,24.75
83.0,100.0,3299.999,0.53,4203.0,24552.0,350.9,0.3,1026044.0,674004.0,24.75
84.0,100.0,3299.999,0.28,2251.0,24264.0,186.0,0.3,1026044.0,674004.0,24.75
85.0,100.0,3300.0,0.31,2440.0,24192.0,206.3,0.3,1026044.0,674004.0,24.75
86.0,100.0,3300.0,0.51,4078.0,23400.0,345.0,0.3,1026044.0,674004.0,24.75
87.0,100.0,3300.0,0.24,2579.0,24336.0,197.6,0.3,1026044.0,674004.0,24.75
88.0,100.0,3300.0,0.49,3853.0,24336.0,327.4,0.3,1026044.0,674004.0,24.75
89.0,100.0,3299.999,0.34,2683.0,22752.0,229.0,0.3,1026044.0,674004.0,24.75
90.0,100.0,3300.0,0.26,2109.0,24624.0,175.9,0.3,1026044.0,674004.0,24.75
91.0,100.0,3299.999,0.54,4329.0,24552.0,365.1,0.3,1026044.0,674004.0,24.75
92.0,100.0,3299.999,0.23,1882.0,22320.0,159.0,0.3,1026044.0,674004.0,24.75
93.0,100.0,3300.0,0.44,3467.0,24192.0,292.8,0.3,1026044.0,674004.0,24.75
94.0,100.0,3300.0,0.4,3187.0,24552.0,269.9,0.3,1026044.0,674004.0,24.75
95.0,100.0,3299.999,0.24,1965.0,23112.0,161.4,0.3,1026044.0,674004.0,24.75
96.0,100.0,3300.0,0.56,4384.0,24408.0,370.1,0.3,1026044.0,674004.0,24.75
97.0,100.0,3299.999,0.24,1996.0,24480.0,164.3,0.3,1026044.0,674004.0,24.75
98.0,100.0,3300.0,0.41,3278.0,24552.0,278.2,0.3,1026044.0,674004.0,24.75
99.0,100.0,3299.999,0.43,3455.0,24768.0,290.9,0.3,1026044.0,674004.0,24.75
100.0,100.0,3299.999,0.24,1951.0,24192.0,163.5,0.3,1026044.0,674004.0,24.75
101.0,100.0,3300.0,0.56,4485.0,23904.0,371.2,0.3,1026044.0,674004.0,24.75
102.0,100.0,3299.999,0.24,2027.0,24192.0,170.8,0.3,1026044.0,674004.0,24.75
103.0,100.0,3300.0,0.42,3336.0,24192.0,282.4,0.3,1026044.0,674004.0,24.75
104.0,100.0,3299.999,0.43,3437.0,20880.0,290.1,0.3,1026044.0,674004.0,24.75
105.0,100.0,3299.999,0.25,2009.0,23544.0,162.1,0.3,1026044.0,674004.0,24.75
106.0,100.0,3300.0,0.57,4539.0,23616.0,387.3,0.3,1026044.0,674004.0,24.75
107.0,100.0,3300.0,0.24,1991.0,22176.0,164.5,0.3,1026044.0,674004.0,24.75
108.0,93.8,3299.999,0.48,3746.0,24768.0,309.3,0.3,1026044.0,674004.0,24.75
109.0,100.0,3299.999,0.39,3055.0,24336.0,263.0,0.3,1026044.0,673996.0,24.75
110.0,100.0,3300.0,0.28,2275.0,22680.0,188.5,0.3,1026044.0,673996.0,24.75
111.0,100.0,3300.014,0.56,4451.0,24120.0,376.4,0.3,1026044.0,673996.0,24.75
112.0,100.0,3299.999,0.25,2694.0,24192.0,205.6,0.3,1026044.0,674004.0,24.75
113.0,100.0,3299.999,0.54,4264.0,22752.0,368.3,0.3,1026044.0,674004.0,24.75
114.0,100.0,3299.999,0.32,2580.0,24264.0,212.0,0.3,1026044.0,674004.0,24.75
115.0,100.0,3300.0,0.35,2801.0,23976.0,238.6,0.3,1026044.0,674004.0,24.75
116.0,100.0,3300.0,0.52,4107.0,19440.0,344.2,0.3,1026044.0,674004.0,24.75
117.0,100.0,3299.999,0.24,1969.0,24624.0,164.4,0.3,1026044.0,674004.0,24.75
118.0,100.0,3300.0,0.58,4571.0,24264.0,388.1,0.3,1026044.0,674004.0,24.75
119.0,93.8,3300.0,0.25,2081.0,19080.0,175.8,0.3,1026044.0,674004.0,24.75
120.0,100.0,3300.0,0.5,3895.0,24696.0,327.4,0.3,1026044.0,674004.0,24.75
121.0,93.8,3300.0,0.38,3041.0,23976.0,255.6,0.3,1026044.0,674004.0,24.75
122.0,100.0,3299.999,0.32,2559.0,20664.0,212.8,0.3,1026044.0,674004.0,24.75
123.0,100.0,3300.0,0.55,4374.0,24408.0,373.6,0.3,1026044.0,673980.0,24.75
124.0,100.0,3300.0,0.24,2016.0,24192.0,161.9,0.3,1026044.0,673980.0,24.75
125.0,100.0,3300.0,0.59,4686.0,24840.0,399.0,0.3,1026044.0,673980.0,24.75
126.0,100.0,3299.999,0.26,2135.0,24768.0,181.2,0.3,1026044.0,674004.0,24.75
127.0,100.0,3300.0,0.52,4141.0,24624.0,347.0,0.3,1026044.0,674004.0,24.75
128.0,93.8,3299.999,0.36,2888.0,24408.0,242.9,0.3,1026044.0,674004.0,24.75
129.0,100.0,3300.0,0.36,2935.0,23904.0,243.7,0.3,1026044.0,674004.0,24.75
130.0,100.0,3300.0,0.53,4241.0,24912.0,357.4,0.3,1026044.0,674004.0,24.75
131.0,100.0,3299.999,0.27,2161.0,24264.0,176.6,0.3,1026044.0,674004.0,24.75
132.0,100.0,3299.999,0.6,4734.0,24408.0,399.9,0.3,1026044.0,674004.0,24.75
133.0,100.0,3300.0,0.25,2048.0,24696.0,175.1,0.3,1026044.0,674004.0,24.75
134.0,100.0,3299.999,0.59,4747.0,24264.0,401.8,0.3,1026044.0,674004.0,24.75
135.0,100.0,3300.0,0.31,3117.0,24192.0,240.5,0.3,1026044.0,674004.0,24.75
136.0,100.0,3299.999,0.51,4070.0,24552.0,339.7,0.3,1026044.0,674004.0,24.75
137.0,100.0,3300.0,0.39,3066.0,25200.0,261.6,0.3,1026044.0,673964.0,24.75
138.0,100.0,3299.999,0.38,3074.0,24336.0,256.3,0.3,1026044.0,673964.0,24.75
139.0,100.0,3299.999,0.52,4169.0,24696.0,349.0,0.3,1026044.0,674004.0,24.75
140.0,100.0,3300.0,0.3,2381.0,24552.0,200.0,0.3,1026044.0,674004.0,24.75
141.0,100.0,3300.0,0.6,4783.0,24480.0,407.5,0.3,1026044.0,674004.0,24.75
142.0,100.0,3299.999,0.26,2189.0,24552.0,182.2,0.3,1026044.0,674004.0,24.75
143.0,100.0,3299.999,0.62,5039.0,24912.0,424.8,0.3,1026044.0,674004.0,24.75
144.0,100.0,3300.0,0.26,2166.0,23976.0,175.4,0.3,1026044.0,674004.0,24.75
145.0,100.0,3300.0,0.62,4856.0,24552.0,418.8,0.3,1026044.0,674004.0,24.75
146.0,100.0,3300.0,0.28,2358.0,24624.0,193.4,0.3,1026044.0,674004.0,24.75
147.0,93.8,3300.0,0.59,4644.0,24624.0,391.8,0.3,1026044.0,674004.0,24.75
148.0,100.0,3299.999,0.32,2678.0,24408.0,220.6,0.3,1026044.0,674004.0,24.75
149.0,100.0,3299.999,0.53,4264.0,24120.0,356.3,0.3,1026044.0,674004.0,24.75
150.0,100.0,3299.999,0.39,3138.0,23976.0,264.5,0.3,1026044.0,674004.0,24.75
151.0,100.0,3299.999,0.46,3683.0,23976.0,316.3,0.3,1026044.0,674004.0,24.75
152.0,100.0,3300.014,0.46,3638.0,23976.0,305.9,0.3,1026044.0,674004.0,24.75
153.0,100.0,3299.999,0.4,3280.0,24552.0,274.8,0.3,1026044.0,674004.0,24.75
154.0,100.0,3300.0,0.53,4143.0,24480.0,355.2,0.3,1026044.0,674004.0,24.75
155.0,100.0,3300.0,0.36,2942.0,24480.0,241.4,0.3,1026044.0,674004.0,24.75
156.0,100.0,3299.999,0.57,4551.0,23256.0,380.4,0.3,1026044.0,674000.0,24.75
157.0,100.0,3300.0,0.35,3445.0,24264.0,269.4,0.3,1026044.0,674000.0,24.75
158.0,93.8,3300.0,0.6,4775.0,24120.0,403.7,0.3,1026044.0,674004.0,24.75
159.0,93.8,3299.999,0.32,2592.0,23976.0,218.2,0.3,1026044.0,674004.0,24.75
160.0,100.0,3300.0,0.62,4907.0,24048.0,411.0,0.3,1026044.0,674004.0,24.75
161.0,100.0,3300.011,0.31,2551.0,24552.0,210.8,0.3,1026044.0,674004.0,24.75
162.0,100.0,3300.0,0.63,5009.0,24192.0,425.0,0.3,1026044.0,674004.0,24.75
163.0,100.0,3299.999,0.31,2480.0,24408.0,206.9,0.3,1026044.0,674004.0,24.75
164.0,100.0,3299.999,0.63,5049.0,23760.0,424.4,0.3,1026044.0,674004.0,24.75
165.0,100.0,3300.0,0.31,2506.0,23688.0,212.7,0.3,1026044.0,674004.0,24.75
166.0,100.0,3299.999,0.64,5049.0,24696.0,429.7,0.3,1026044.0,674004.0,24.75
167.0,100.0,3299.999,0.32,2602.0,24480.0,215.2,0.3,1026044.0,674004.0,24.75
168.0,100.0,3300.0,0.63,5102.0,23400.0,431.4,0.3,1026044.0,674004.0,24.75
169.0,93.8,3299.999,0.33,2648.0,24120.0,222.0,0.3,1026044.0,674004.0,24.75
170.0,100.0,3300.0,0.63,4985.0,24480.0,422.4,0.3,1026044.0,674004.0,24.75
171.0,100.0,3300.007,0.35,2806.0,24408.0,233.6,0.3,1026044.0,674004.0,24.75
172.0,100.0,3300.0,0.61,4876.0,24336.0,411.6,0.3,1026044.0,674004.0,24.75
173.0,100.0,3299.999,0.38,3088.0,23832.0,252.9,0.3,1026044.0,674004.0,24.75
174.0,100.0,3300.0,0.58,4617.0,21672.0,396.4,0.3,1026044.0,674004.0,24.75
175.0,100.0,3300.0,0.43,3430.0,24480.0,288.0,0.3,1026044.0,674004.0,24.75
176.0,100.0,3300.0,0.53,4233.0,24408.0,361.3,0.3,1026044.0,674004.0,24.75
177.0,100.0,3300.0,0.51,4735.0,23616.0,374.2,0.3,1026044.0,674004.0,24.75
178.0,100.0,3299.999,0.48,3853.0,23472.0,326.2,0.3,1026044.0,674004.0,24.75
179.0,100.0,3300.0,0.56,4530.0,24336.0,382.1,0.3,1026044.0,674004.0,24.75
180.0,100.0,3300.0,0.41,3284.0,21240.0,273.8,0.3,1026044.0,674004.0,24.75
181.0,100.0,3300.0,0.63,4968.0,24696.0,417.9,0.3,1026044.0,674004.0,24.75
182.0,100.0,3299.999,0.35,2805.0,24264.0,234.0,0.3,1026044.0,674004.0,24.75
183.0,100.0,3300.0,0.67,5346.0,23760.0,452.7,0.3,1026044.0,674004.0,24.75
184.0,100.0,3300.014,0.32,2621.0,23976.0,217.9,0.3,1026044.0,674004.0,24.75
185.0,100.0,3300.0,0.69,5451.0,24624.0,455.7,0.3,1026044.0,674004.0,24.75
186.0,100.0,3300.0,0.31,2547.0,21384.0,214.0,0.3,1026044.0,674004.0,24.75
187.0,100.0,3299.999,0.69,5434.0,24984.0,458.7,0.3,1026044.0,674004.0,24.75
188.0,100.0,3299.999,0.34,2792.0,24408.0,236.8,0.3,1026044.0,674004.0,24.75
189.0,100.0,3300.0,0.65,5133.0,20520.0,432.9,0.3,1026044.0,674004.0,24.75
190.0,100.0,3299.999,0.44,3581.0,24480.0,296.2,0.3,1026044.0,674004.0,24.75
191.0,100.0,3299.999,0.55,4423.0,24480.0,363.5,0.3,1026044.0,674004.0,24.75
192.0,100.0,3299.999,0.59,4676.0,21744.0,401.1,0.3,1026044.0,674004.0,24.75
193.0,100.0,3300.0,0.4,3247.0,24408.0,276.5,0.3,1026044.0,674004.0,24.75
194.0,100.0,3299.999,0.68,5463.0,24552.0,457.7,0.3,1026044.0,674004.0,24.75
195.0,100.0,3300.0,0.35,3445.0,22032.0,273.9,0.3,1026044.0,674004.0,24.75
196.0,100.0,3300.0,0.71,5639.0,24696.0,475.0,0.3,1026044.0,673980.0,24.75
197.0,93.8,3299.999,0.34,2734.0,24552.0,227.5,0.3,1026044.0,674056.0,24.75
198.0,100.0,3300.0,0.68,5392.0,24984.0,460.2,0.3,1026044.0,674004.0,24.75
199.0,100.0,3300.0,0.46,3686.0,24912.0,305.9,0.3,1026044.0,674004.0,24.75
200.0,100.0,3300.0,0.55,4412.0,23976.0,375.8,0.3,1026044.0,674004.0,24.75
201.0,100.0,3299.999,0.64,5118.0,24120.0,433.4,0.3,1026044.0,674004.0,24.75
202.0,100.0,3299.999,0.38,2997.0,24264.0,248.1,0.3,1026044.0,674004.0,24.75
203.0,100.0,3300.0,0.72,5657.0,24048.0,480.5,0.3,1026044.0,674004.0,24.75
204.0,100.0,3299.999,0.34,2746.0,24624.0,228.2,0.3,1026044.0,674004.0,24.75
205.0,100.0,3299.992,0.7,5581.0,24984.0,474.6,0.3,1026044.0,674004.0,24.75
206.0,100.0,3300.0,0.47,3771.0,24840.0,314.5,0.3,1026044.0,674004.0,24.75
207.0,100.0,3300.0,0.55,4397.0,24120.0,365.3,0.3,1026044.0,674004.0,24.75
208.0,93.8,3299.999,0.68,5354.0,24624.0,460.3,0.3,1026044.0,674004.0,24.75
209.0,93.8,3299.999,0.36,2939.0,23760.0,244.0,0.3,1026044.0,674004.0,24.75
210.0,93.8,3300.0,0.73,5802.0,24552.0,490.6,0.3,1026044.0,674004.0,24.75
211.0,100.0,3299.999,0.39,3143.0,24696.0,262.0,0.3,1026044.0,674004.0,24.75
212.0,100.0,3300.022,0.65,5198.0,24624.0,444.5,0.3,1026044.0,674004.0,24.75
213.0,100.0,3300.0,0.64,5694.0,24768.0,464.3,0.3,1026044.0,674004.0,24.75
214.0,100.0,3299.999,0.42,3396.0,23760.0,283.3,0.3,1026044.0,674004.0,24.75
215.0,100.0,3299.999,0.73,5845.0,24624.0,494.5,0.3,1026044.0,674004.0,24.75
216.0,100.0,3300.0,0.37,3002.0,24840.0,252.5,0.3,1026044.0,674004.0,24.75
217.0,100.0,3299.999,0.69,5449.0,24048.0,457.8,0.3,1026044.0,673964.0,24.75
218.0,100.0,3300.0,0.6,4848.0,24480.0,412.0,0.3,1026044.0,673964.0,24.75
219.0,100.0,3300.0,0.44,3565.0,23832.0,293.4,0.3,1026044.0,674004.0,24.75
220.0,93.8,3299.999,0.74,5864.0,24912.0,500.1,0.3,1026044.0,674004.0,24.75
221.0,100.0,3300.0,0.39,3165.0,24840.0,264.0,0.3,1026044.0,674004.0,24.75
222.0,93.8,3299.999,0.67,5364.0,24912.0,454.9,0.3,1026044.0,674004.0,24.75
223.0,100.0,3300.015,0.66,5227.0,25128.0,441.0,0.3,1026044.0,674004.0,24.75
224.0,100.0,3299.999,0.4,3297.0,24624.0,277.2,0.3,1026044.0,674004.0,24.75
225.0,100.0,3300.0,0.75,5959.0,24696.0,502.5,0.3,1026044.0,674004.0,24.75
226.0,100.0,3299.999,0.47,3827.0,24336.0,321.9,0.3,1026044.0,674004.0,24.75
227.0,100.0,3299.999,0.59,4750.0,24624.0,394.7,0.3,1026044.0,674004.0,24.75
228.0,100.0,3299.999,0.73,5802.0,24048.0,494.7,0.3,1026044.0,674004.0,24.75
229.0,100.0,3299.999,0.4,3806.0,24552.0,303.5,0.3,1026044.0,674004.0,24.75
230.0,100.0,3300.0,0.73,5774.0,24696.0,491.6,0.3,1026044.0,674004.0,24.75
231.0,100.0,3299.999,0.63,5096.0,23616.0,422.7,0.3,1026044.0,674004.0,24.75
232.0,93.8,3299.999,0.45,3596.0,23040.0,305.1,0.3,1026044.0,674004.0,24.75
233.0,93.8,3300.0,0.76,6022.0,24480.0,513.0,0.3,1026044.0,674004.0,24.75
234.0,100.0,3300.0,0.5,4031.0,25056.0,337.5,0.3,1026044.0,674004.0,24.75
235.0,100.0,3299.999,0.57,4619.0,24264.0,391.3,0.3,1026044.0,674004.0,24.75
236.0,100.0,3300.0,0.76,6039.0,24840.0,505.8,0.3,1026044.0,674000.0,24.75
237.0,100.0,3299.999,0.43,3430.0,23760.0,285.7,0.3,1026044.0,674000.0,24.75
238.0,100.0,3299.999,0.67,5379.0,22320.0,453.9,0.3,1026044.0,674004.0,24.75
239.0,100.0,3299.999,0.73,5841.0,23832.0,493.8,0.3,1026044.0,674004.0,24.75
240.0,100.0,3299.999,0.41,3280.0,24912.0,276.2,0.3,1026044.0,674004.0,24.75
241.0,100.0,3300.0,0.72,5787.0,23616.0,490.2,0.3,1026044.0,674004.0,24.75
242.0,100.0,3300.0,0.71,5627.0,24336.0,473.4,0.3,1026044.0,674004.0,24.75
243.0,100.0,3299.999,0.42,3382.0,24120.0,283.1,0.3,1026044.0,674004.0,24.75
244.0,100.0,3299.999,0.75,5905.0,22752.0,498.0,0.3,1026044.0,674004.0,24.75
245.0,93.8,3300.0,0.7,6259.0,24408.0,506.6,0.3,1026044.0,674004.0,24.75
246.0,93.8,3299.999,0.44,3512.0,24336.0,295.7,0.3,1026044.0,674004.0,24.75
247.0,93.8,3300.0,0.76,6012.0,23904.0,512.7,0.3,1026044.0,674004.0,24.75
248.0,93.8,3299.999,0.68,5529.0,24624.0,458.2,0.3,1026044.0,674004.0,24.75
249.0,93.8,3299.999,0.45,3646.0,24552.0,304.5,0.3,1026044.0,674004.0,24.75
250.0,100.0,3299.999,0.77,6106.0,23040.0,520.9,0.3,1026044.0,674004.0,24.75
251.0,100.0,3300.0,0.69,5513.0,23832.0,460.1,0.3,1026044.0,674004.0,24.75
252.0,100.0,3300.0,0.45,3584.0,23904.0,306.7,0.3,1026044.0,674004.0,24.75
253.0,100.0,3300.014,0.76,6039.0,21672.0,512.4,0.3,1026044.0,674004.0,24.75
254.0,100.0,3299.999,0.72,5837.0,25056.0,487.3,0.3,1026044.0,674004.0,24.75
255.0,100.0,3299.999,0.45,3621.0,24120.0,299.5,0.3,1026044.0,674004.0,24.75
256.0,100.0,3299.999,0.74,5933.0,20016.0,503.4,0.3,1026044.0,674004.0,24.75
257.0,100.0,3299.999,0.76,6105.0,24624.0,515.7,0.3,1026044.0,674004.0,24.75
258.0,100.0,3300.0,0.47,3831.0,24912.0,317.0,0.3,1026044.0,674004.0,24.75
259.0,100.0,3299.999,0.71,6355.0,22608.0,517.6,0.3,1026044.0,674004.0,24.75
260.0,100.0,3299.985,0.79,6222.0,24120.0,529.0,0.3,1026044.0,674004.0,24.75
261.0,100.0,3299.999,0.54,4339.0,23976.0,363.0,0.3,1026044.0,674004.0,24.75
262.0,100.0,3300.0,0.61,4907.0,19584.0,414.9,0.3,1026044.0,674004.0,24.75
263.0,100.0,3299.999,0.8,6354.0,24984.0,535.1,0.3,1026044.0,674004.0,24.75
264.0,100.0,3299.999,0.67,5401.0,24768.0,454.3,0.3,1026044.0,674004.0,24.75
265.0,100.0,3300.0,0.5,4014.0,19584.0,338.7,0.3,1026044.0,674004.0,24.75
266.0,100.0,3299.999,0.77,6168.0,24480.0,518.5,0.3,1026044.0,674004.0,24.75
267.0,100.0,3300.0,0.77,6281.0,24552.0,526.9,0.3,1026044.0,674004.0,24.75
268.0,100.0,3299.999,0.51,4066.0,23832.0,339.4,0.3,1026044.0,674004.0,24.75
269.0,100.0,3300.0,0.67,5402.0,24768.0,459.1,0.3,1026044.0,674004.0,24.75
270.0,100.0,3299.999,0.81,6456.0,24192.0,547.4,0.3,1026044.0,674004.0,24.75
271.0,100.0,3300.0,0.68,5505.0,25128.0,464.7,0.3,1026044.0,674004.0,24.75
272.0,100.0,3300.047,0.52,4118.0,24552.0,347.3,0.3,1026044.0,674004.0,24.75
273.0,100.0,3300.0,0.79,7023.0,24120.0,574.2,0.3,1026044.0,674004.0,24.75
274.0,93.8,3300.0,0.8,6347.0,24624.0,535.1,0.3,1026044.0,674004.0,24.75
275.0,93.8,3299.999,0.58,4742.0,24984.0,403.4,0.3,1026044.0,674004.0,24.75
276.0,100.0,3299.999,0.61,4927.0,25056.0,409.9,0.3,1026044.0,674004.0,24.75
277.0,100.0,3300.0,0.81,6395.0,24768.0,542.0,0.3,1026044.0,673984.0,24.75
278.0,100.0,3300.0,0.78,6278.0,24912.0,528.6,0.3,1026044.0,674004.0,24.75
279.0,100.0,3299.999,0.56,4506.0,24624.0,382.8,0.3,1026044.0,674004.0,24.75
280.0,100.0,3299.999,0.66,5274.0,24696.0,442.4,0.3,1026044.0,674004.0,24.75
281.0,93.8,3300.0,0.82,6476.0,24552.0,547.4,0.3,1026044.0,674004.0,24.75
282.0,100.0,3299.999,0.78,6268.0,24912.0,527.4,0.3,1026044.0,674004.0,24.75
283.0,100.0,3300.0,0.57,4588.0,24696.0,386.2,0.3,1026044.0,674004.0,24.75
284.0,100.0,3300.0,0.66,5394.0,24984.0,450.3,0.3,1026044.0,674004.0,24.75
285.0,100.0,3299.999,0.82,6469.0,24408.0,548.4,0.3,1026044.0,674004.0,24.75
286.0,100.0,3300.0,0.8,6391.0,24336.0,537.0,0.3,1026044.0,674004.0,24.75
287.0,100.0,3299.999,0.62,5623.0,24912.0,451.7,0.3,1026044.0,674004.0,24.75
288.0,100.0,3300.0,0.64,5106.0,23904.0,431.5,0.3,1026044.0,674004.0,24.75
289.0,100.0,3299.999,0.81,6529.0,23760.0,547.3,0.3,1026044.0,674004.0,24.75
290.0,100.0,3300.0,0.83,6556.0,24552.0,558.1,0.3,1026044.0,674004.0,24.75
291.0,93.8,3299.999,0.69,5594.0,24696.0,472.0,0.3,1026044.0,674004.0,24.75
292.0,93.8,3299.999,0.59,4781.0,24192.0,401.9,0.3,1026044.0,674004.0,24.75
293.0,100.0,3300.0,0.77,6193.0,24408.0,528.5,0.3,1026044.0,674004.0,24.75
294.0,100.0,3299.999,0.84,6679.0,24480.0,568.1,0.3,1026044.0,674004.0,24.75
295.0,100.0,3300.0,0.79,6356.0,24912.0,536.1,0.3,1026044.0,674004.0,24.75
296.0,100.0,3299.999,0.63,5022.0,24696.0,424.3,0.3,1026044.0,674004.0,24.75
297.0,100.0,3299.999,0.67,5368.0,24696.0,452.0,0.3,1026044.0,673964.0,24.75
298.0,100.0,3300.0,0.82,6570.0,24192.0,554.3,0.3,1026044.0,674004.0,24.75
299.0,100.0,3299.999,0.85,6764.0,24912.0,572.0,0.3,1026044.0,674004.0,24.75
