time,CPU_Utilization,Frequency,IPC,Misses,LLC,MBL,Memory_Footprint,Virt_Memory,Res_Memory,Allocated_Cache
0.0,100.0,3300.0,1.72,152.0,0.0,4.1,0.2,1026048.0,613332.0,18.0
1.0,93.3,3299.999,1.56,17134.0,18360.0,2310.9,0.3,1026044.0,674020.0,18.0
2.0,100.0,3299.999,1.63,13043.0,18360.0,1093.4,0.3,1026044.0,674016.0,18.0
3.0,100.0,3300.0,1.63,13112.0,18792.0,1100.7,0.3,1026044.0,673980.0,18.0
4.0,100.0,3300.0,1.63,13133.0,18504.0,1092.9,0.3,1026044.0,674000.0,18.0
5.0,93.8,3299.999,1.63,13045.0,17352.0,1092.4,0.3,1026044.0,674020.0,18.0
6.0,100.0,3299.999,1.64,13776.0,19080.0,1138.1,0.3,1026044.0,674016.0,18.0
7.0,100.0,3300.0,1.63,13071.0,18216.0,1091.9,0.3,1026044.0,674020.0,18.0
8.0,100.0,3299.999,1.63,13066.0,18072.0,1108.3,0.3,1026044.0,673980.0,18.0
9.0,100.0,3300.0,1.63,13109.0,17784.0,1101.7,0.3,1026044.0,674020.0,18.0
10.0,100.0,3300.0,1.63,13084.0,17856.0,1100.0,0.3,1026044.0,674016.0,18.0
11.0,100.0,3299.999,1.62,13063.0,17496.0,1098.3,0.3,1026044.0,674020.0,18.0
12.0,100.0,3300.0,1.63,13776.0,18000.0,1134.5,0.3,1026044.0,674020.0,18.0
13.0,100.0,3300.0,1.62,13126.0,17352.0,1101.8,0.3,1026044.0,674020.0,18.0
14.0,100.0,3299.999,1.56,12531.0,18576.0,1038.3,0.3,1026044.0,674020.0,18.0
15.0,93.8,3300.0,1.33,10705.0,17856.0,898.1,0.3,1026044.0,674020.0,18.0
16.0,100.0,3299.999,1.16,9330.0,17568.0,775.6,0.3,1026044.0,673980.0,18.0
17.0,100.0,3300.0,1.07,8470.0,18360.0,713.5,0.3,1026044.0,674020.0,18.0
18.0,100.0,3299.999,0.99,7946.0,18216.0,668.3,0.3,1026044.0,674020.0,18.0
19.0,100.0,3299.999,0.93,7487.0,18720.0,621.1,0.3,1026044.0,674020.0,18.0
20.0,100.0,3299.999,0.89,7850.0,17712.0,636.4,0.3,1026044.0,674016.0,18.0
21.0,100.0,3300.0,0.83,6627.0,18576.0,559.3,0.3,1026044.0,674020.0,18.0
22.0,100.0,3299.999,0.79,6349.0,17856.0,529.2,0.3,1026044.0,674020.0,18.0
23.0,100.0,3300.0,0.77,6302.0,18072.0,524.0,0.3,1026044.0,674012.0,18.0
24.0,100.0,3299.999,0.71,5650.0,17064.0,477.8,0.3,1026044.0,674020.0,18.0
25.0,100.0,3300.0,0.68,5465.0,17640.0,461.5,0.3,1026044.0,674020.0,18.0
26.0,100.0,3299.999,0.65,5235.0,18072.0,434.7,0.3,1026044.0,674000.0,18.0
27.0,100.0,3299.999,0.65,5208.0,18216.0,439.6,0.3,1026044.0,674020.0,18.0
28.0,100.0,3300.0,0.57,4615.0,18072.0,385.6,0.3,1026044.0,674020.0,18.0
29.0,100.0,3299.999,0.54,4403.0,18288.0,365.5,0.3,1026044.0,674020.0,18.0
30.0,100.0,3300.015,0.51,4049.0,18144.0,336.3,0.3,1026044.0,674072.0,18.0
31.0,100.0,3300.0,0.44,3578.0,18432.0,299.1,0.3,1026044.0,674020.0,18.0
32.0,100.0,3299.999,0.48,3801.0,17568.0,311.3,0.3,1026044.0,674020.0,18.0
33.0,100.0,3300.0,0.42,3452.0,17496.0,289.5,0.3,1026044.0,674020.0,18.0
34.0,100.0,3300.0,0.41,3234.0,18000.0,272.4,0.3,1026044.0,674020.0,18.0
35.0,100.0,3299.999,0.46,3628.0,17928.0,301.9,0.3,1026044.0,674020.0,18.0
36.0,100.0,3300.0,0.36,3607.0,17064.0,283.2,0.3,1026044.0,674020.0,18.0
37.0,100.0,3299.999,0.5,3968.0,18144.0,332.2,0.3,1026044.0,674020.0,18.0
38.0,100.0,3299.999,0.31,2501.0,18072.0,204.3,0.3,1026044.0,674020.0,18.0
39.0,93.8,3299.999,0.48,3843.0,18072.0,314.9,0.3,1026044.0,674020.0,18.0
