time,CPU_Utilization,Frequency,IPC,Misses,LLC,MBL,Memory_Footprint,Virt_Memory,Res_Memory,Allocated_Cache
0.0,87.5,3300.0,1.86,155.0,0.0,3.9,0.2,1026048.0,614040.0,9.0
1.0,100.0,3300.0,1.53,19153.0,10512.0,2649.5,0.3,1026044.0,674772.0,9.0
2.0,100.0,3299.999,1.58,13729.0,9360.0,1166.6,0.3,1026044.0,674768.0,9.0
3.0,100.0,3300.0,1.58,13735.0,10368.0,1171.1,0.3,1026044.0,674732.0,9.0
4.0,100.0,3300.0,1.58,13812.0,9504.0,1171.5,0.3,1026044.0,674752.0,9.0
5.0,100.0,3299.999,1.58,13712.0,10296.0,1179.5,0.3,1026044.0,674732.0,9.0
6.0,100.0,3299.999,1.58,13698.0,9936.0,1181.7,0.3,1026044.0,674772.0,9.0
7.0,100.0,3300.0,1.59,14447.0,10296.0,1220.0,0.3,1026044.0,674748.0,9.0
8.0,100.0,3300.0,1.59,13696.0,10080.0,1162.2,0.3,1026044.0,674772.0,9.0
9.0,100.0,3300.0,1.58,13685.0,9864.0,1173.0,0.3,1026044.0,674772.0,9.0
10.0,100.0,3299.999,1.58,13750.0,11088.0,1172.2,0.3,1026044.0,674768.0,9.0
11.0,100.0,3300.0,1.57,13710.0,9504.0,1172.3,0.3,1026044.0,674772.0,9.0
12.0,93.8,3300.0,1.58,13661.0,9720.0,1170.0,0.3,1026044.0,674760.0,9.0
13.0,100.0,3299.999,1.59,14366.0,10584.0,1220.8,0.3,1026044.0,674772.0,9.0
14.0,100.0,3299.999,1.56,13536.0,10440.0,1158.8,0.3,1026044.0,674772.0,9.0
15.0,100.0,3299.999,1.38,11961.0,10080.0,1021.6,0.3,1026044.0,674732.0,9.0
16.0,100.0,3300.0,1.19,10301.0,9864.0,877.9,0.3,1026044.0,674772.0,9.0
17.0,100.0,3300.0,1.11,9680.0,10368.0,819.5,0.3,1026044.0,674772.0,9.0
18.0,100.0,3300.0,0.99,8546.0,9936.0,732.5,0.3,1026044.0,674772.0,9.0
19.0,100.0,3300.0,0.94,8153.0,10728.0,690.3,0.3,1026044.0,674768.0,9.0
20.0,100.0,3299.999,0.91,8603.0,8928.0,720.6,0.3,1026044.0,674772.0,9.0
21.0,100.0,3300.0,0.81,6982.0,10008.0,606.1,0.3,1026044.0,674772.0,9.0
22.0,93.8,3299.999,0.81,7033.0,9504.0,590.6,0.3,1026044.0,674760.0,9.0
23.0,100.0,3300.0,0.76,6624.0,9504.0,566.6,0.3,1026044.0,674760.0,9.0
24.0,100.0,3299.999,0.72,6251.0,9792.0,533.7,0.3,1026044.0,674772.0,9.0
25.0,100.0,3300.0,0.7,6085.0,9360.0,520.3,0.3,1026044.0,674772.0,9.0
26.0,100.0,3300.0,0.68,5858.0,10224.0,497.2,0.3,1026044.0,674752.0,9.0
27.0,100.0,3299.999,0.62,5418.0,10368.0,460.9,0.3,1026044.0,674752.0,9.0
28.0,93.8,3299.999,0.59,5165.0,9504.0,436.2,0.3,1026044.0,674772.0,9.0
29.0,100.0,3300.0,0.59,5158.0,8856.0,441.8,0.3,1026044.0,674772.0,9.0
30.0,100.0,3300.0,0.47,4128.0,9936.0,350.9,0.3,1026044.0,674732.0,9.0
31.0,100.0,3299.999,0.54,4666.0,10512.0,392.9,0.3,1026044.0,674732.0,9.0
32.0,100.0,3300.0,0.39,3394.0,10656.0,291.5,0.3,1026044.0,674772.0,9.0
33.0,93.8,3299.999,0.51,4389.0,9864.0,375.0,0.3,1026044.0,674772.0,9.0
34.0,100.0,3299.999,0.36,3124.0,10152.0,268.8,0.3,1026044.0,674772.0,9.0
35.0,100.0,3300.0,0.48,4164.0,10656.0,349.3,0.3,1026044.0,674772.0,9.0
36.0,100.0,3299.999,0.4,4104.0,10296.0,333.8,0.3,1026044.0,674772.0,9.0
37.0,100.0,3299.999,0.4,3453.0,10152.0,290.7,0.3,1026044.0,674772.0,9.0
38.0,100.0,3300.0,0.45,3866.0,9720.0,328.4,0.3,1026044.0,674772.0,9.0
39.0,100.0,3299.999,0.31,2748.0,9504.0,223.7,0.3,1026044.0,674772.0,9.0
